   1.2068857e-01   3.1034653e-01   6.8964901e-02
   1.3792721e-01   6.8963607e-02   2.9310918e-01
   3.9651073e-01   5.1694710e-05   1.0343758e-01
   2.1664652e-01   2.5001778e-01   3.3335701e-02
   3.4481795e-02   1.7240903e-01   2.9310918e-01
   3.9651384e-01   1.0343444e-01   5.1717186e-05
   3.2762798e-01   6.8948761e-02   1.0342326e-01
   2.0689612e-01   1.0344806e-01   1.8965582e-01
   1.7241358e-01   2.4137948e-01   8.6206933e-02
   2.5861449e-01   6.8967268e-02   1.7241825e-01
   3.9992836e-01   5.0036053e-02   5.0035589e-02
   1.5517188e-01   2.7586284e-01   6.8965282e-02
   2.2413404e-01   1.2069618e-01   1.5516978e-01
   1.6667163e-02   4.4999852e-01   3.3334315e-02
   6.7023350e-02   1.9844874e-01   2.3452791e-01
   1.2069129e-01   1.0345007e-01   2.7585863e-01
   4.1664601e-01   1.6670824e-02   6.6683165e-02
   8.6204412e-02   1.2068641e-01   2.9310918e-01
   3.6206951e-01   8.6206565e-02   5.1723927e-02
   1.7239642e-02   3.7931171e-01   1.0344865e-01
   2.1428637e-01   1.6071383e-01   1.2499980e-01
   8.6135297e-02   3.6218356e-01   5.1681143e-02
   3.2758870e-01   1.7237739e-02   1.5517357e-01
   1.2499579e-01   1.6071790e-01   2.1428631e-01
   2.9305001e-01   1.5523528e-01   5.1714706e-02
   5.1687846e-05   4.3098995e-01   6.8958365e-02
   1.4285776e-01   2.3214244e-01   1.2499980e-01
   4.4995476e-01   4.9995245e-02   4.9995242e-05
   8.6205020e-02   1.5517377e-01   2.5862121e-01
   1.7240858e-01   1.0345768e-01   2.2413374e-01
   6.8965458e-02   5.1723788e-02   3.7931075e-01
   8.6207322e-02   8.6204874e-02   3.2758780e-01
   2.5861544e-01   1.0345054e-01   1.3793403e-01
   5.1680935e-05   1.2067738e-01   3.7927094e-01
   2.0689970e-01   6.8966565e-02   2.2413374e-01
   2.1426421e-01   2.8568538e-01   5.0414909e-05
   8.6186996e-02   5.1616895e-05   4.1376139e-01
   1.0344978e-01   2.2413709e-01   1.7241312e-01
   3.0354239e-01   1.9640702e-01   5.0589893e-05
   3.0354027e-01   5.0584366e-05   1.9640914e-01
   5.1712823e-05   3.6203151e-01   1.3791678e-01
   5.1724092e-02   2.9310347e-01   1.5517244e-01
   3.2757951e-01   1.3793844e-01   3.4482051e-02
   4.9933758e-05   1.6664753e-01   3.3330253e-01
   2.9309748e-01   8.6209450e-02   1.2069307e-01
   1.2498627e-01   5.1087771e-05   3.7496264e-01
   2.5862066e-01   2.0689661e-01   3.4482729e-02
   6.8961266e-02   2.4138292e-01   1.8965582e-01
   3.4476224e-02   2.5862349e-01   2.0690028e-01
   1.7857021e-01   1.4285623e-01   1.7857356e-01
   1.7241679e-01   1.8964979e-01   1.3793342e-01
   1.8965366e-01   2.0689887e-01   1.0344747e-01
   1.3792850e-01   3.2758936e-01   3.4482139e-02
   1.6664991e-01   3.3330010e-01   4.9995013e-05
   1.3793082e-01   1.8965536e-01   1.7241382e-01
   4.1666815e-01   6.6665044e-02   1.6666810e-02
   1.9639828e-01   5.0589914e-05   3.0355113e-01
   5.0409158e-05   2.1426938e-01   2.8568021e-01
   3.3328245e-02   4.6662176e-01   4.9995187e-05
   2.5859499e-01   2.4135329e-01   5.1718555e-05
   3.6666870e-01   1.1666454e-01   1.6666759e-02
   5.1712927e-02   3.9657413e-01   5.1712944e-02
   6.8965494e-02   3.4482757e-01   8.6206933e-02
   5.1719710e-02   3.2758975e-01   1.2069054e-01
   8.6205874e-02   2.7586264e-01   1.3793149e-01
   1.7238435e-02   8.6192200e-02   3.9656937e-01
   3.6203154e-01   5.1686193e-05   1.3791678e-01
   4.9990010e-01   4.9912355e-05   4.9990007e-05
   2.5119603e-01   3.3492577e-02   2.1531140e-01
   1.0344690e-01   5.1723452e-02   3.4482964e-01
   3.4482613e-02   1.3792981e-01   3.2758757e-01
   2.5859388e-01   5.1697827e-05   2.4135442e-01
   3.3331276e-02   4.9995181e-02   4.1667354e-01
   3.1034590e-01   5.1722605e-02   1.3793149e-01
   1.7910707e-01   5.0668375e-02   2.7022455e-01
   3.1034480e-01   1.0344827e-01   8.6206933e-02
   2.5862105e-01   1.3793080e-01   1.0344815e-01
   4.6613470e-05   4.9994757e-02   4.4995863e-01
   3.4482742e-02   2.2413792e-01   2.4137934e-01
   1.5517151e-01   1.7240916e-02   3.2758757e-01
   2.2413855e-01   1.7240234e-02   2.5862121e-01
   3.4479560e-01   1.5515268e-01   5.1717547e-05
   5.0004596e-02   1.6668199e-02   4.3332720e-01
   1.2067452e-01   3.7927376e-01   5.1717638e-05
   2.4137634e-01   1.8965748e-01   6.8966182e-02
   1.7240730e-02   3.2758671e-01   1.5517256e-01
   4.4995517e-01   4.9966955e-05   4.9994861e-02
   1.0345118e-01   2.9309943e-01   1.0344939e-01
   5.0533004e-05   3.0354099e-01   1.9640848e-01
   8.3336598e-02   3.9999651e-01   1.6666890e-02
   1.3793237e-01   1.2068829e-01   2.4137934e-01
   6.6659976e-02   4.3329003e-01   4.9994986e-05
   5.1711497e-05   2.5859387e-01   2.4135442e-01
   3.6208377e-01   5.1718203e-02   8.6198022e-02
   3.3330119e-02   1.3950128e-05   4.6665593e-01
   4.6667587e-01   1.6657235e-02   1.6666890e-02
   4.9967556e-05   4.9990004e-01   4.9989223e-05
   1.7241885e-01   2.9309901e-01   3.4482139e-02
   5.1723424e-02   1.0344693e-01   3.4482964e-01
   3.2163197e-05   4.8221971e-05   4.9991961e-01
