   3.0000019e-01   1.9999981e-01
   1.8500026e-01   3.1499974e-01
   4.8000327e-02   4.5199967e-01
   1.4999998e-01   3.5000002e-01
   1.9500011e-01   3.0499989e-01
   2.7600068e-01   2.2399932e-01
   4.9995046e-01   4.9535250e-05
   1.2800057e-01   3.7199943e-01
   2.8099999e-01   2.1900001e-01
   2.3100011e-01   2.6899989e-01
   1.7500033e-01   3.2499967e-01
   5.9998455e-03   4.9400015e-01
   2.2099994e-01   2.7900006e-01
   7.8000008e-02   4.2199999e-01
   6.8000136e-02   4.3199986e-01
   4.1999983e-01   8.0000168e-02
   4.2999877e-02   4.5700012e-01
   3.9700007e-01   1.0299993e-01
   3.2199923e-01   1.7800077e-01
   2.6099996e-01   2.3900004e-01
   1.1999494e-02   4.8800051e-01
   2.4099972e-01   2.5900028e-01
   2.7099998e-01   2.2900002e-01
   9.8000756e-02   4.0199924e-01
   2.0599982e-01   2.9400018e-01
   2.2599996e-01   2.7400004e-01
   1.0400006e-01   3.9599994e-01
   2.1599999e-01   2.8400001e-01
   8.8000260e-02   4.1199974e-01
   4.8500071e-01   1.4999286e-02
   2.8600004e-01   2.1399996e-01
   3.8700090e-01   1.1299910e-01
   4.0199983e-01   9.8000172e-02
   2.7999948e-02   4.7200005e-01
   3.5200021e-01   1.4799979e-01
   3.3000095e-02   4.6699991e-01
   3.7699999e-01   1.2300001e-01
   3.1699987e-01   1.8300013e-01
   3.9200053e-01   1.0799947e-01
   4.6499988e-01   3.5000123e-02
   3.8200027e-01   1.1799973e-01
   1.0999979e-01   3.9000021e-01
   2.3600003e-01   2.6399997e-01
   4.5999996e-01   4.0000039e-02
   3.7999572e-02   4.6200043e-01
   1.4500060e-01   3.5499940e-01
   3.4700011e-01   1.5299989e-01
   4.9669051e-05   4.9995033e-01
   4.4500009e-01   5.4999910e-02
   3.4199999e-01   1.5800001e-01
   1.3400002e-01   3.6599998e-01
   5.8000363e-02   4.4199964e-01
   3.0400015e-01   1.9599985e-01
   3.1200002e-01   1.8799998e-01
   1.6999993e-01   3.3000007e-01
   1.5499976e-01   3.4500024e-01
   8.2999991e-02   4.1700001e-01
   1.6000001e-01   3.3999999e-01
   9.3000012e-02   4.0699999e-01
   2.1099985e-01   2.8900015e-01
   5.3000166e-02   4.4699983e-01
   4.3000048e-01   6.9999522e-02
   1.1599988e-01   3.8400012e-01
   3.6700011e-01   1.3299989e-01
   2.9099999e-01   2.0900001e-01
   4.5499985e-01   4.5000154e-02
   1.4000012e-01   3.5999988e-01
   4.7500052e-01   2.4999478e-02
   2.5099989e-01   2.4900011e-01
   4.0999905e-01   9.0000952e-02
   4.8999996e-01   1.0000044e-02
   1.2200016e-01   3.7799984e-01
   6.2999942e-02   4.3700006e-01
   4.3999970e-01   6.0000303e-02
   3.2699958e-01   1.7300042e-01
   3.6200017e-01   1.3799983e-01
   1.8000018e-01   3.1999982e-01
   3.0799993e-01   1.9200007e-01
   1.9000040e-01   3.0999960e-01
   2.0099971e-01   2.9900029e-01
   3.5699999e-01   1.4300001e-01
   1.6500002e-01   3.3499998e-01
   2.9600000e-01   2.0400000e-01
   4.1499901e-01   8.5000991e-02
   2.4599974e-01   2.5400026e-01
   2.5599998e-01   2.4400002e-01
   7.3000195e-02   4.2699981e-01
   4.8000039e-01   1.9999607e-02
   3.3699929e-01   1.6300071e-01
   4.3499828e-01   6.5001724e-02
   3.3199970e-01   1.6800030e-01
   2.6599970e-01   2.3400030e-01
   4.5000086e-01   4.9999141e-02
   4.2499886e-01   7.5001136e-02
   4.0600010e-01   9.3999898e-02
   4.9500146e-01   4.9985443e-03
   3.7200011e-01   1.2799989e-01
   4.7000026e-01   2.9999744e-02
   1.7999569e-02   4.8200043e-01
   2.3000012e-02   4.7699999e-01
