   8.2690865e-01   6.2891632e-01
   1.0367903e+00   6.6177431e-02
   5.7959990e-01   8.6219349e-01
   7.5488661e-01   7.1376457e-01
   8.3424941e-01   6.1914585e-01
   9.7198046e-01   3.6683462e-01
   5.1269107e-01   9.0358260e-01
   7.1977718e-01   7.4915583e-01
   5.5293213e-01   8.7953380e-01
   1.0064637e-04   1.0389002e+00
   2.8812476e-01   9.9814717e-01
   8.6881710e-01   5.6962312e-01
   9.5489988e-01   4.0924305e-01
   9.4311743e-01   4.3570996e-01
   1.0171857e+00   2.1129827e-01
   5.2276469e-01   8.9779214e-01
   4.1913942e-01   9.5059760e-01
   4.8247618e-01   9.2007086e-01
   1.6692466e-01   1.0254023e+00
   8.4144992e-01   6.0932396e-01
   1.0245049e+00   1.7234662e-01
   6.3216032e-01   8.2443131e-01
   6.4507240e-01   8.1436801e-01
   9.6042333e-01   3.9610689e-01
   5.3283260e-01   8.9185373e-01
   9.4913227e-01   4.2244714e-01
   7.6338723e-01   7.0466558e-01
   5.0261546e-01   9.0922569e-01
   8.5082827e-01   5.9615846e-01
   8.7529647e-01   5.5961571e-01
   2.4311524e-01   1.0100538e+00
   7.7177054e-01   6.9547386e-01
   4.0595193e-01   9.5630366e-01
   9.2428141e-02   1.0347805e+00
   2.2563136e-01   1.0141026e+00
   1.0093409e+00   2.4605803e-01
   3.3484991e-01   9.8345777e-01
   1.0134546e+00   2.2852444e-01
   6.6422385e-01   7.9882434e-01
   6.7369138e-01   7.9085623e-01
   2.0845831e-01   1.0177715e+00
   7.9618296e-01   6.6738770e-01
   3.6683704e-01   9.7197954e-01
   9.9988930e-01   2.8201956e-01
   8.1181449e-01   6.4828303e-01
   7.8003257e-01   6.8619447e-01
   1.8882511e-01   1.0215962e+00
   9.8868088e-01   3.1909837e-01
   2.5791576e-01   1.0063762e+00
   6.1518215e-02   1.0370772e+00
   1.4560693e-01   1.0286458e+00
   8.9384934e-01   5.2947806e-01
   8.8781262e-01   5.3953907e-01
   2.7292115e-01   1.0024109e+00
   4.3238926e-01   9.4464447e-01
   1.0210789e+00   1.9160233e-01
   9.3685174e-01   4.4902392e-01
   1.0278855e+00   1.5088062e-01
   5.9285497e-01   8.5313342e-01
   4.9254266e-01   9.1472148e-01
   3.9283326e-01   9.6176696e-01
   9.7789373e-01   3.5076702e-01
   9.3033208e-01   4.6238065e-01
   4.5903903e-01   9.3198542e-01
   9.6570677e-01   3.8304579e-01
   6.0604071e-01   8.4381770e-01
   6.9238975e-01   7.7453863e-01
   7.8817184e-01   6.7682996e-01
   1.0340973e+00   9.9781414e-02
   7.0161128e-01   7.6619531e-01
   9.0547991e-01   5.0933269e-01
   9.2355590e-01   4.7577111e-01
   6.8308168e-01   7.8275990e-01
   3.5076602e-01   9.7789409e-01
   7.3754600e-01   7.3166902e-01
   5.4288987e-01   8.8576760e-01
   1.0310553e+00   1.2743096e-01
   9.8345785e-01   3.3484967e-01
   7.2871322e-01   7.4046654e-01
   1.0389002e+00   1.0262538e-04
   3.0352078e-01   9.9357375e-01
   8.1942985e-01   6.3863008e-01
   7.1074205e-01   7.5773306e-01
   9.9451385e-01   3.0042614e-01
   3.7979304e-01   9.6699064e-01
   8.0406466e-01   6.5787056e-01
   5.6628944e-01   8.7099364e-01
   8.8162826e-01   5.4958646e-01
   6.5468278e-01   8.0666233e-01
   8.9973772e-01   5.1940897e-01
   8.5995197e-01   5.8292046e-01
   7.4627173e-01   7.2276702e-01
   9.1107400e-01   4.9925726e-01
   1.1978120e-01   1.0319720e+00
   9.1652089e-01   4.8918618e-01
   4.7242143e-01   9.2527382e-01
   3.1909812e-01   9.8868096e-01
   6.1914613e-01   8.3424920e-01
   1.0048253e+00   2.6389341e-01
   4.4569171e-01   9.3844156e-01
