   7.6735277e-01   8.5940085e-01   2.9159466e+00
   8.5940085e-01   2.5826049e-03   4.3043589e+00
   8.5940085e-01   4.3008138e-03   4.3025293e+00
   8.5940085e-01   2.1652112e-01   3.8974269e+00
   8.3333265e-01   1.6666563e-01   4.0000034e+00
   7.5250167e-01   8.5940085e-01   3.0100070e+00
   2.5141183e-01   1.9937628e-01   5.1838410e+00
   8.5940085e-01   6.4481604e-03   4.3001646e+00
   2.5141183e-01   8.4522575e-01   3.8880464e+00
   2.2868231e-01   8.5940085e-01   3.8876017e+00
   6.3611927e-01   6.3612938e-01   5.0889376e+00
   6.9131148e-01   8.5940085e-01   3.4565606e+00
   8.5940085e-01   6.3889963e-01   3.8334016e+00
   5.9702565e-04   2.5141183e-01   5.5725940e+00
   8.0345402e-01   8.5940085e-01   2.7317441e+00
   8.2843926e-01   8.5940085e-01   2.6510070e+00
   8.5940085e-01   6.5596100e-01   3.7171166e+00
   1.1738989e-03   8.5940085e-01   4.3058175e+00
   1.7228874e-01   8.5940085e-01   3.9626687e+00
   8.5940085e-01   2.2867922e-01   3.8876037e+00
   2.1519739e-03   8.5940085e-01   4.3048087e+00
   1.6664619e-01   8.3334711e-01   4.0000134e+00
   3.2277047e-03   8.5940085e-01   4.3036785e+00
   7.2001063e-01   8.5940085e-01   3.2400628e+00
   8.5940085e-01   6.9131136e-01   3.4565615e+00
   2.1652234e-01   8.5940085e-01   3.8974257e+00
   8.5940085e-01   5.1670252e-04   4.3064851e+00
   2.0575150e-01   8.5940085e-01   3.9093038e+00
   1.9236813e-01   2.5141183e-01   5.1940742e+00
   2.5141183e-01   2.5141183e-01   5.1463887e+00
   7.0532897e-01   8.5940085e-01   3.3503149e+00
   8.4522714e-01   2.5141183e-01   3.8880449e+00
   8.2137435e-01   8.5940085e-01   2.6694674e+00
   8.5940085e-01   1.2875719e-02   4.2925700e+00
   7.2529999e-01   1.8129358e-01   4.5331176e+00
   8.5940085e-01   6.6460382e-01   3.6553209e+00
   7.3029018e-01   8.5940085e-01   3.1645799e+00
   6.6460288e-01   8.5940085e-01   3.6553277e+00
   7.1539929e-01   7.1541620e-01   3.9347796e+00
   8.5940085e-01   8.5940085e-01   2.6140087e+00
   2.5141183e-01   5.9702222e-04   5.5725940e+00
   1.9372418e-01   5.8117135e-04   5.6182322e+00
   5.9984075e-04   5.9984339e-04   5.9987935e+00
   8.5940085e-01   1.8741598e-01   3.9357447e+00
   8.5940085e-01   8.2843928e-01   2.6510069e+00
   8.5940085e-01   2.4258267e-01   3.8813273e+00
   5.1668585e-04   8.5940085e-01   4.3064852e+00
   2.5141183e-01   8.5940085e-01   3.8801987e+00
   6.4501080e-03   8.5940085e-01   4.3001624e+00
   7.7131422e-01   8.5940085e-01   2.8924302e+00
   4.3024273e-03   8.5940086e-01   4.3025275e+00
   7.7688281e-01   7.7683035e-01   3.1075271e+00
   8.5940086e-01   1.4351794e-03   4.3055498e+00
   5.8117881e-04   1.9372830e-01   5.6182260e+00
   1.7951190e-01   8.5940085e-01   3.9492945e+00
   1.2876887e-02   8.5940085e-01   4.2925686e+00
   1.9611037e-01   8.5940085e-01   3.9222862e+00
   8.5940085e-01   2.5141183e-01   3.8801987e+00
   1.9937516e-01   2.5141183e-01   5.1838426e+00
   8.5940085e-01   7.7131423e-01   2.8924302e+00
   5.4773050e-04   7.3835813e-01   4.7993037e+00
   2.5141179e-01   1.9237304e-01   5.1940667e+00
   8.5940086e-01   1.7951173e-01   3.9492948e+00
   1.8131192e-01   7.2530657e-01   4.5330371e+00
   1.8773072e-01   1.8772572e-01   5.2564598e+00
   8.5940085e-01   2.0575266e-01   3.9093024e+00
   8.5940087e-01   7.2001233e-01   3.2400501e+00
   7.3561101e-01   8.5940085e-01   3.1263374e+00
   7.3835701e-01   5.4524997e-04   4.7993141e+00
   8.5940085e-01   7.3029049e-01   3.1645776e+00
   2.5141189e-01   7.4842835e-01   4.3034440e+00
   8.5940704e-01   7.1014098e-01   3.3139667e+00
   7.3400531e-01   2.5143113e-01   4.4039994e+00
   8.5940085e-01   7.6735373e-01   2.9159408e+00
   1.8741619e-01   8.5940085e-01   3.9357443e+00
   6.7820639e-01   8.4771583e-01   3.5605222e+00
   8.5940085e-01   1.7228743e-01   3.9626712e+00
   6.5596227e-01   8.5940085e-01   3.7171077e+00
   2.5114826e-01   7.3400441e-01   4.4040069e+00
   8.5940085e-01   8.1093867e-01   2.7031231e+00
   2.4257930e-01   8.5940085e-01   3.8813282e+00
   7.9325809e-01   8.5940085e-01   2.7764008e+00
   7.1013979e-01   8.5940092e-01   3.3139756e+00
   8.5940086e-01   8.2137460e-01   2.6694667e+00
   8.5940085e-01   7.3561066e-01   3.1263399e+00
   8.5940085e-01   1.9611353e-01   3.9222816e+00
   8.4769455e-01   6.7822137e-01   3.5604298e+00
   7.4842916e-01   2.5050593e-01   4.3034505e+00
   8.5940085e-01   7.5250197e-01   3.0100050e+00
   8.1093811e-01   8.5940085e-01   2.7031250e+00
   7.8398138e-01   8.5940085e-01   2.8223297e+00
   6.7335665e-01   8.5940086e-01   3.5912196e+00
   8.5940082e-01   7.0532975e-01   3.3503090e+00
   8.5940082e-01   7.9325887e-01   2.7763972e+00
   8.5940072e-01   6.7335588e-01   3.5912253e+00
   8.5935436e-01   8.0345459e-01   2.7317418e+00
   8.5940085e-01   7.8398031e-01   2.8223352e+00
   7.7819140e-01   8.5940085e-01   2.8533678e+00
   6.3890064e-01   8.5929863e-01   3.8333954e+00
   8.5940085e-01   7.7819139e-01   2.8533678e+00
