   6.7828010e-01   6.7828010e-01   2.8261670e-01
   5.7735088e-01   5.7735088e-01   5.7734905e-01
   7.0224706e-01   7.0224706e-01   1.1703899e-01
   5.4545461e-01   5.4545461e-01   6.3636352e-01
   6.6666667e-01   6.6666667e-01   3.3333332e-01
   4.3188953e-01   4.3188953e-01   7.9179724e-01
   6.0131683e-01   6.0131683e-01   5.2615220e-01
   5.5602197e-01   5.5602197e-01   6.1780185e-01
   3.3129415e-01   3.3129415e-01   8.8345253e-01
   5.9867133e-01   5.9867133e-01   5.3215155e-01
   6.9310330e-01   6.9310330e-01   1.9802936e-01
   6.4676173e-01   6.4676173e-01   4.0422583e-01
   5.3499475e-01   5.3499475e-01   6.5388167e-01
   6.0920775e-01   6.0920775e-01   5.0767297e-01
   7.0710677e-01   7.0710677e-01   1.3773376e-04
   4.5749589e-01   4.5749589e-01   7.6249264e-01
   6.7457888e-01   6.7457888e-01   2.9981105e-01
   5.2981309e-01   5.2981309e-01   6.6226594e-01
   6.9853554e-01   6.9853554e-01   1.5522951e-01
   6.3116920e-01   6.3116920e-01   4.5083353e-01
   6.5973625e-01   6.5973625e-01   3.5985574e-01
   7.0620659e-01   7.0620659e-01   5.0443180e-02
   6.9431384e-01   6.9431384e-01   1.8935835e-01
   6.4483140e-01   6.4483140e-01   4.1034733e-01
   1.9244969e-01   1.9244969e-01   9.6225061e-01
   6.5094480e-01   6.5094480e-01   3.9056590e-01
   7.0352651e-01   7.0352651e-01   1.0050328e-01
   6.8824723e-01   6.8824723e-01   2.2941556e-01
   3.1578940e-01   3.1578940e-01   8.9473689e-01
   1.2309042e-01   1.2309042e-01   9.8473219e-01
   5.1449673e-01   5.1449673e-01   6.8599287e-01
   3.6985158e-02   3.6985158e-02   9.9863116e-01
   5.4997183e-01   5.4997183e-01   6.2853955e-01
   2.6490643e-01   2.6490643e-01   9.2717267e-01
   6.9171462e-01   6.9171462e-01   2.0751333e-01
   2.1199844e-01   2.1199844e-01   9.5399860e-01
   5.2320441e-01   5.2320441e-01   6.7269182e-01
   4.4997684e-01   4.4997684e-01   7.7138945e-01
   6.0470817e-01   6.0470817e-01   5.1832041e-01
   1.7121905e-01   1.7121905e-01   9.7024125e-01
   4.8507145e-01   4.8507145e-01   7.2760660e-01
   6.2256972e-02   6.2256972e-02   9.9611653e-01
   4.6829294e-01   4.6829294e-01   7.4926861e-01
   6.5814517e-01   6.5814517e-01   3.6563627e-01
   2.1938127e-01   2.1938127e-01   9.5065436e-01
   2.8213832e-01   2.8213832e-01   9.1694925e-01
   3.8235895e-01   3.8235895e-01   8.4119158e-01
   6.1958592e-01   6.1958592e-01   4.8189892e-01
   9.9014635e-02   9.9014635e-02   9.9014757e-01
   6.3372439e-01   6.3372439e-01   4.4360658e-01
   1.0976372e-01   1.0976372e-01   9.8787846e-01
   4.9746842e-01   4.9746842e-01   7.1066894e-01
   4.9874165e-02   4.9874165e-02   9.9750947e-01
   1.8123666e-01   1.8123666e-01   9.6659534e-01
   3.8649413e-01   3.8649413e-01   8.3740347e-01
   5.0251855e-01   5.0251855e-01   7.0352698e-01
   7.6470900e-02   7.6470900e-02   9.9413500e-01
   2.7617233e-01   2.7617233e-01   9.2057465e-01
   6.8041389e-01   6.8041389e-01   2.7216517e-01
   1.5032835e-01   1.5032835e-01   9.7714010e-01
   4.3685194e-01   4.3685194e-01   7.8633375e-01
   4.4444389e-01   4.4444389e-01   7.7777841e-01
   3.4815445e-01   3.4815445e-01   8.7038897e-01
   2.0177304e-01   2.0177304e-01   9.5842333e-01
   2.3570030e-01   2.3570030e-01   9.4281002e-01
   7.0014031e-01   7.0014031e-01   1.4002532e-01
   1.3102335e-01   1.3102335e-01   9.8268294e-01
   6.2469506e-01   6.2469506e-01   4.6852125e-01
   2.7156267e-01   2.7156267e-01   9.2331329e-01
   2.4663008e-01   2.4663008e-01   9.3720180e-01
   5.0697938e-01   5.0697938e-01   6.9709670e-01
   9.0166243e-02   9.0166243e-02   9.9183673e-01
   6.7671591e-01   6.7671591e-01   2.9001923e-01
   6.8483009e-01   6.8483009e-01   2.4902912e-01
   5.9655037e-01   5.9655037e-01   5.3689414e-01
   8.2760161e-02   8.2760161e-02   9.9312714e-01
   5.5337164e-01   5.5337164e-01   6.2254289e-01
   6.8348616e-01   6.8348616e-01   2.5630710e-01
   6.3960248e-01   6.3960248e-01   4.2640043e-01
   5.3916373e-01   5.3916373e-01   6.4699686e-01
   9.6254443e-05   9.6254443e-05   9.9999999e-01
   1.7608749e-01   1.7608749e-01   9.6849698e-01
   7.0493447e-01   7.0493447e-01   7.8324906e-02
   3.6650802e-01   3.6650802e-01   8.5518638e-01
   6.5561031e-01   6.5561031e-01   3.7463346e-01
   6.1545752e-01   6.1545752e-01   4.9236580e-01
   3.8948905e-01   3.8948905e-01   8.3462361e-01
   6.9631084e-01   6.9631084e-01   1.7407595e-01
   4.7301570e-01   4.7301570e-01   7.4331170e-01
   4.6420683e-01   4.6420683e-01   7.5433682e-01
   4.0824820e-01   4.0824820e-01   8.1649667e-01
   3.0151128e-01   3.0151128e-01   9.0453408e-01
   4.2839323e-01   4.2839323e-01   7.9558688e-01
   3.2338060e-01   3.2338060e-01   8.8929747e-01
   1.6221911e-01   1.6221911e-01   9.7332930e-01
   3.3786875e-01   3.3786875e-01   8.7845855e-01
   3.5897914e-01   3.5897914e-01   8.6154974e-01
   3.7628809e-01   3.7628809e-01   8.4664901e-01
   1.4002650e-01   1.4002650e-01   9.8019649e-01
   2.5445583e-01   2.5445583e-01   9.3300829e-01
