   2.8330503e-01   4.9982706e-05   2.1664499e-01
   4.9989531e-05   1.8331134e-01   3.1663867e-01
   3.4479657e-02   3.6207138e-01   1.0344896e-01
   8.9249309e-02   2.5010189e-01   1.6064880e-01
   1.0344382e-01   6.8962350e-02   3.2759383e-01
   2.1426921e-01   2.8568037e-01   5.0412692e-05
   4.9905685e-05   4.6662181e-01   3.3328282e-02
   4.9954484e-05   4.9990006e-01   4.9989543e-05
   5.0407597e-02   3.8238234e-01   6.7210066e-02
   3.1035019e-01   1.2068611e-01   6.8963706e-02
   1.3793012e-01   1.2068779e-01   2.4138209e-01
   5.0364444e-02   1.9782418e-01   2.5181138e-01
   6.8967607e-02   2.9309720e-01   1.3793519e-01
   3.8332916e-01   6.6669053e-02   5.0001785e-02
   6.8952290e-02   5.1563269e-05   4.3099615e-01
   8.6205672e-02   1.3793363e-01   2.7586070e-01
   1.2500017e-01   1.9642948e-01   1.7857035e-01
   1.7857390e-01   1.6071236e-01   1.6071375e-01
   3.4482498e-02   2.4137945e-01   2.2413805e-01
   1.2068804e-01   2.5862390e-01   1.2068806e-01
   5.0001576e-02   5.0001576e-02   3.9999685e-01
   1.5517461e-01   2.7586036e-01   6.8965030e-02
   2.7583302e-01   2.2411526e-01   5.1718689e-05
   1.8965517e-01   1.8965517e-01   1.2068965e-01
   5.1724071e-02   2.5862083e-01   1.8965510e-01
   2.4137943e-01   1.7241364e-01   8.6206931e-02
   1.0000324e-01   1.6666132e-02   3.8333063e-01
   8.6203618e-02   2.0689927e-01   2.0689712e-01
   3.7927829e-01   1.2067000e-01   5.1715696e-05
   2.4137931e-01   2.4137931e-01   1.7241376e-02
   3.9651069e-01   5.1706494e-05   1.0343761e-01
   1.7855499e-01   5.0731868e-05   3.2139428e-01
   4.4995504e-01   4.9972258e-05   4.9994986e-02
   1.0714156e-01   1.6071061e-01   2.3214783e-01
   3.6208546e-01   5.1717955e-02   8.6196588e-02
   1.9642984e-01   1.0713878e-01   1.9643138e-01
   8.6196941e-02   3.2760607e-01   8.6196985e-02
   1.2068570e-01   3.4483829e-01   3.4476007e-02
   4.5000493e-01   3.3328266e-02   1.6666805e-02
   3.4493098e-01   3.4459740e-02   1.2060928e-01
   1.5517255e-01   8.6206970e-02   2.5862048e-01
   2.1666586e-01   2.1666586e-01   6.6668281e-02
   1.0344784e-01   2.9310432e-01   1.0344784e-01
   1.6661233e-02   4.3333821e-01   5.0000562e-02
   6.6919688e-02   4.1635075e-01   1.6729560e-02
   1.2068746e-01   3.4482661e-02   3.4482988e-01
   3.1033206e-01   1.7241499e-02   1.7242644e-01
   4.1662376e-01   3.3350515e-02   5.0025721e-02
   2.6905692e-01   1.9731141e-01   3.3631673e-02
   5.0001713e-02   4.4994829e-01   5.0001578e-05
   2.9309845e-01   1.5517829e-01   5.1723256e-02
   1.7241246e-02   8.6207337e-02   3.9655142e-01
   1.5515652e-01   3.4479177e-01   5.1718765e-05
   1.7241439e-01   2.2413752e-01   1.0344809e-01
   1.8969997e-01   3.4477746e-02   2.7582228e-01
   2.4140001e-01   3.4480023e-02   2.2411997e-01
   8.6204117e-02   1.0344685e-01   3.1034904e-01
   1.5517173e-01   1.3793115e-01   2.0689712e-01
   2.9310247e-01   8.6207306e-02   1.2069022e-01
   4.9874261e-05   6.6661652e-02   4.3328847e-01
   2.5862043e-01   1.3793139e-01   1.0344817e-01
   2.5862095e-01   1.0344783e-01   1.3793122e-01
   4.9995051e-05   2.8330479e-01   2.1664521e-01
   4.9987884e-05   4.1661803e-01   8.3331983e-02
   4.9990004e-01   4.9973365e-05   4.9989724e-05
   1.3791671e-01   5.1669556e-05   3.6203162e-01
   4.9969509e-05   3.8329325e-01   1.1665678e-01
   5.1616225e-05   3.4479199e-01   1.5515640e-01
   1.7239389e-02   3.1033417e-01   1.7242644e-01
   2.9310492e-01   5.1721923e-02   1.5517316e-01
   3.4484304e-01   1.0343796e-01   5.1718994e-02
   3.2139595e-01   1.7855330e-01   5.0746588e-05
   6.8965493e-02   6.8965493e-02   3.6206901e-01
   1.0343883e-01   3.9650945e-01   5.1718584e-05
   3.4481478e-02   1.7242583e-01   2.9309269e-01
   2.2413528e-01   1.5517541e-01   1.2068930e-01
   5.1637979e-05   1.3791675e-01   3.6203162e-01
   4.9798976e-05   3.3328638e-02   4.6662156e-01
   3.2758770e-01   6.8963551e-02   1.0344874e-01
   1.8968543e-01   2.5859556e-01   5.1719008e-02
   1.7241221e-01   3.1034657e-01   1.7241220e-02
   2.3212074e-01   5.0210528e-05   2.6782905e-01
   2.5240036e-01   6.7312219e-02   1.8028742e-01
   2.2413897e-01   1.2068789e-01   1.5517314e-01
   1.3793155e-01   2.2413688e-01   1.3793156e-01
   3.4479195e-01   5.1657305e-05   1.5515640e-01
   3.3334872e-02   1.6666812e-02   4.4999832e-01
   5.1719972e-02   1.3793252e-01   3.1034751e-01
   1.5517304e-01   5.1722527e-02   2.9310443e-01
   5.0159366e-05   2.3212080e-01   2.6782904e-01
   2.0689767e-01   6.8963463e-02   2.2413886e-01
   5.1716865e-02   3.2759152e-01   1.2069161e-01
   3.4479303e-02   1.2069081e-01   3.4482989e-01
   4.3328414e-01   6.6665865e-02   4.9991940e-05
   3.4482822e-01   1.3793054e-01   1.7241234e-02
   1.3793186e-01   3.1034411e-01   5.1724026e-02
   8.6198983e-02   3.6207762e-01   5.1723398e-02
   1.2068975e-01   8.6206846e-02   2.9310341e-01
   3.9998670e-01   8.3344471e-02   1.6668824e-02
   4.9256538e-05   4.3728283e-05   4.9990702e-01
