   7.3324433e-01   7.7549062e-01
   7.5163831e-01   7.5767593e-01
   8.5200691e-01   6.4274192e-01
   4.1028439e-01   9.8524092e-01
   7.9567752e-01   7.1128774e-01
   4.7843719e-01   9.5400776e-01
   3.6363021e-01   1.0033972e+00
   9.9468651e-01   3.8682257e-01
   8.2867867e-01   6.7255083e-01
   5.8174502e-01   8.9476572e-01
   5.6802250e-01   9.0353937e-01
   6.6597448e-01   8.3397299e-01
   7.6067610e-01   7.4860191e-01
   9.8938078e-01   4.0019823e-01
   1.4958063e-01   1.0567207e+00
   2.3476093e-01   1.0411149e+00
   5.1978543e-01   9.3212449e-01
   4.9219975e-01   9.4698066e-01
   9.9975256e-01   3.7353418e-01
   6.3604321e-01   8.5701925e-01
   8.8342254e-01   5.9883017e-01
   1.0206916e+00   3.1180385e-01
   9.7197988e-01   4.4078121e-01
   6.7582610e-01   8.2600971e-01
   8.6684816e-01   6.2258109e-01
   3.8016600e-01   9.9724960e-01
   1.0672549e+00   1.0166640e-04
   1.0515083e+00   1.8265622e-01
   7.8710695e-01   7.2076044e-01
   1.0156654e+00   3.2780591e-01
   5.9541890e-01   8.8572529e-01
   6.4608132e-01   8.4947742e-01
   9.4953556e-02   1.0630225e+00
   8.7641761e-01   6.0903623e-01
   9.7803098e-01   4.2718657e-01
   1.7148064e-01   1.0533885e+00
   5.4392884e-01   9.1824527e-01
   7.2389749e-01   7.8422279e-01
   1.0397513e+00   2.4072852e-01
   1.0253899e+00   2.9598726e-01
   1.0353893e+00   2.5884736e-01
   7.1445557e-01   7.9283429e-01
   1.0478544e+00   2.0256896e-01
   8.3659463e-01   6.6267819e-01
   6.3190516e-02   1.0653825e+00
   8.9027828e-01   5.8858945e-01
   7.4249467e-01   7.6663853e-01
   1.0655203e+00   6.0822414e-02
   1.0607273e+00   1.1785795e-01
   6.0903508e-01   8.7641841e-01
   1.0632427e+00   9.2455375e-02
   1.0045836e+00   3.6033981e-01
   3.9684778e-01   9.9072943e-01
   9.3968711e-01   5.0598528e-01
   3.3102914e-01   1.0146195e+00
   7.7841401e-01   7.3014011e-01
   1.0437124e+00   2.2292929e-01
   4.3737723e-01   9.7351637e-01
   8.9698406e-01   5.7831872e-01
   9.3404103e-01   5.1633354e-01
   8.5949982e-01   6.3268714e-01
   1.9397955e-01   1.0494784e+00
   7.0492216e-01   8.0132247e-01
   3.1498907e-01   1.0197131e+00
   1.0306090e+00   2.7726878e-01
   2.1414836e-01   1.0455493e+00
   7.6960245e-01   7.3942209e-01
   9.2229546e-01   5.3703263e-01
   9.5227598e-01   4.8187490e-01
   1.0547035e+00   1.6319761e-01
   9.1619455e-01   5.4737602e-01
   1.0578299e+00   1.4152339e-01
   8.1244134e-01   6.9207805e-01
   9.8382996e-01   4.1365634e-01
   9.4518270e-01   4.9564364e-01
   2.9598878e-01   1.0253895e+00
   8.4437104e-01   6.5274077e-01
   2.5580611e-01   1.0361449e+00
   6.5606033e-01   8.4179439e-01
   5.5426430e-01   9.1204388e-01
   2.7727043e-01   1.0306086e+00
   5.0598713e-01   9.3968611e-01
   4.6470564e-01   9.6077137e-01
   1.0102991e+00   3.4398931e-01
   9.0994259e-01   5.5770731e-01
   5.3358395e-01   9.2429493e-01
   6.8560302e-01   8.1791286e-01
   4.5101721e-01   9.6727268e-01
   6.2258146e-01   8.6684790e-01
   3.4724798e-01   1.0091837e+00
   8.0412349e-01   7.0172528e-01
   4.2379927e-01   9.7950352e-01
   8.2062643e-01   6.8235271e-01
   6.9530329e-01   8.0968284e-01
   9.0353859e-01   5.6802375e-01
   1.2305154e-01   1.0601374e+00
   9.5910514e-01   4.6813490e-01
   9.2824365e-01   5.2668461e-01
   9.7666888e-05   1.0672549e+00
   9.6567184e-01   4.5443466e-01
