   7.3192114e-01   4.8754161e-02   6.7964291e-01
   3.9819932e-01   4.5508512e-01   7.9645140e-01
   3.4353194e-01   7.4438914e-01   5.7259987e-01
   6.9166600e-01   3.4583403e-01   6.3403231e-01
   6.3403022e-01   6.9167144e-01   3.4582697e-01
   1.4138231e-04   7.0710686e-01   7.0710669e-01
   9.5782665e-01   1.2491258e-04   2.8734664e-01
   5.9234860e-01   6.5158294e-01   4.7388058e-01
   9.2163348e-01   3.8806147e-01   1.3166106e-04
   9.4385764e-01   3.3035243e-01   1.2870560e-04
   1.4168222e-04   7.5569121e-01   6.5492807e-01
   3.6195516e-01   3.1025634e-01   8.7905032e-01
   1.4167707e-04   6.5492344e-01   7.5569522e-01
   5.1788108e-01   6.3296803e-01   5.7545691e-01
   8.6271710e-01   2.6801181e-01   4.2882267e-01
   7.0710686e-01   1.4129563e-04   7.0710669e-01
   7.0710653e-01   7.0710701e-01   1.4142115e-04
   5.0869758e-01   7.9133834e-01   3.3913183e-01
   1.3166006e-04   9.2163318e-01   3.8806219e-01
   7.3245790e-01   6.1979304e-01   2.8171264e-01
   2.7471696e-01   9.6152513e-01   1.2540288e-04
   7.5181311e-01   4.0481810e-01   5.2047993e-01
   9.3200481e-01   1.3313123e-04   3.6244589e-01
   6.0744706e-01   7.9436015e-01   1.4017891e-04
   4.6788599e-01   1.3953563e-04   8.8378882e-01
   6.7964022e-01   7.3192372e-01   4.8752877e-02
   1.3865992e-04   5.5470197e-01   8.3204910e-01
   1.2488363e-04   9.5782665e-01   2.8734664e-01
   3.3034840e-01   9.4385906e-01   1.2870560e-04
   7.5258127e-01   6.5849937e-01   1.4110830e-04
   6.5010733e-01   2.7275870e-01   7.0919895e-01
   1.2492629e-04   2.8737324e-01   9.5781867e-01
   1.3866124e-04   8.3205088e-01   5.5469929e-01
   9.9952337e-05   9.9999999e-01   9.9982317e-05
   1.4017572e-04   6.0744980e-01   7.9435806e-01
   8.3205088e-01   1.3859250e-04   5.5469929e-01
   5.7602557e-01   4.7990115e-02   8.1602175e-01
   4.7058066e-01   7.0589405e-01   5.2940291e-01
   8.9442665e-01   4.4721466e-01   1.3416268e-04
   5.5470022e-01   8.3205026e-01   1.3867450e-04
   4.0614274e-01   1.3536597e-04   9.1380964e-01
   6.5850401e-01   1.4110147e-04   7.5257720e-01
   2.5059654e-01   3.5088031e-01   9.0226625e-01
   5.9656605e-01   5.9654147e-01   5.3688660e-01
   3.8927292e-01   8.3482143e-01   3.8928110e-01
   8.0000001e-01   5.9999997e-01   1.4117566e-04
   6.5158476e-01   4.7388014e-01   5.9234695e-01
   8.3204812e-01   5.5470345e-01   1.3867545e-04
   8.7905378e-01   3.6195564e-01   3.1024598e-01
   2.9207381e-01   2.4339702e-01   9.2490582e-01
   9.8058121e-01   1.1765247e-04   1.9611342e-01
   1.1764754e-04   9.8058121e-01   1.9611342e-01
   4.4721175e-01   8.9442811e-01   1.3416268e-04
   9.8837219e-01   1.5205394e-01   1.1404118e-04
   8.6193922e-01   1.3826423e-04   5.0701160e-01
   5.2045460e-01   7.5182694e-01   4.0482499e-01
   8.1586707e-01   4.3517005e-01   3.8077282e-01
   4.7058813e-01   5.2941316e-01   7.0588138e-01
   4.1157480e-01   8.7432593e-01   2.5721653e-01
   3.2445817e-01   8.1107978e-01   4.8669960e-01
   3.3036436e-01   1.2869358e-04   9.4385347e-01
   5.7542745e-01   5.1789591e-01   6.3298269e-01
   1.3761375e-04   8.7158211e-01   4.9024953e-01
   7.9435982e-01   1.4017371e-04   6.0744749e-01
   7.9179788e-01   3.3880015e-01   5.0820328e-01
   6.0339518e-01   3.3415515e-01   7.2405428e-01
   7.5569121e-01   1.4169039e-04   6.5492807e-01
   2.5070968e-01   9.0219116e-01   3.5099256e-01
   1.4016679e-04   7.9435982e-01   6.0744749e-01
   8.7157656e-01   4.9025940e-01   1.3760739e-04
   6.5492798e-01   7.5569129e-01   1.4163143e-04
   7.3340250e-01   5.0808306e-01   4.5163301e-01
   7.0104448e-01   5.8420898e-01   4.0894560e-01
   3.4353977e-01   5.7260213e-01   7.4438379e-01
   7.9137324e-01   5.0866048e-01   3.3910604e-01
   5.2047081e-01   4.0481654e-01   7.5182026e-01
   4.8789947e-02   7.3191875e-01   6.7964291e-01
   1.3412851e-04   8.9442864e-01   4.4721068e-01
   2.9207876e-01   9.2490425e-01   2.4339704e-01
   5.2997741e-01   1.4131704e-04   8.4801175e-01
   6.1781858e-01   1.4255471e-04   7.8632066e-01
   4.1031776e-01   6.4488185e-01   6.4479977e-01
   1.3148876e-04   3.8805975e-01   9.2163421e-01
   1.3827431e-04   5.0701459e-01   8.6193746e-01
   9.7014478e-01   2.4252646e-01   1.2125736e-04
   1.9612226e-01   9.8057944e-01   1.1765321e-04
   5.1789178e-01   5.7543576e-01   6.3297851e-01
   9.2489787e-01   2.9208933e-01   2.4340862e-01
   2.6277392e-01   4.7303072e-01   8.4094697e-01
   5.0701581e-01   8.6193674e-01   1.3813944e-04
   8.6538829e-08   4.4721291e-01   8.9442754e-01
   8.9442846e-01   1.3414478e-04   4.4721104e-01
   9.9999999e-01   9.9982639e-05   9.9988968e-05
   1.5205244e-01   2.3887796e-05   9.8837243e-01
   4.4376158e-01   3.3281871e-01   8.3205010e-01
   3.8805252e-01   9.2163725e-01   1.3045431e-04
   2.0950015e-05   1.9611370e-01   9.8058116e-01
   3.4054279e-05   9.8247062e-05   9.9999999e-01
   4.8792355e-02   6.7963703e-01   7.3192405e-01
   2.4253128e-01   3.2542146e-07   9.7014359e-01
