   9.6327071e-01   2.6853218e-01
   9.5904822e-01   2.8324285e-01
   7.1554103e-01   6.9857071e-01
   7.2386806e-01   6.8993843e-01
   5.6989377e-02   9.9837478e-01
   8.3837974e-01   5.4508660e-01
   3.7498012e-01   9.2703285e-01
   1.1285967e-01   9.9361094e-01
   4.8379568e-01   8.7518097e-01
   3.3763261e-01   9.4127797e-01
   6.7239120e-01   7.4019597e-01
   9.7223431e-01   2.3400952e-01
   8.1448595e-01   5.8018328e-01
   4.1300601e-01   9.1072830e-01
   1.3511082e-01   9.9083049e-01
   5.0319375e-01   8.6417362e-01
   9.2954715e-01   3.6870327e-01
   2.0887923e-01   9.7794144e-01
   6.1782157e-01   7.8631833e-01
   6.2709186e-01   7.7894531e-01
   9.4968859e-01   3.1319577e-01
   3.2536258e-01   9.4558934e-01
   2.9514084e-01   9.5545376e-01
   4.3863500e-01   8.9866531e-01
   7.3208829e-01   6.8120976e-01
   9.4453054e-01   3.2842359e-01
   9.7966242e-01   2.0065281e-01
   4.6441068e-01   8.8561996e-01
   8.8220296e-01   4.7086935e-01
   8.9549682e-01   4.4506790e-01
   5.3222813e-01   8.4660098e-01
   9.8294568e-05   1.0000000e+00
   8.3205028e-01   5.5470021e-01
   7.4019567e-01   6.7239153e-01
   3.8758869e-01   9.2183242e-01
   8.7518057e-01   4.8379642e-01
   8.5061699e-01   5.2578582e-01
   9.9810990e-01   6.1454351e-02
   2.5979673e-01   9.6566333e-01
   7.5606135e-01   6.5450075e-01
   8.5652204e-01   5.1611045e-01
   9.3904164e-01   3.4380342e-01
   9.8976758e-01   1.4268898e-01
   9.1914518e-01   3.9391896e-01
   9.9560281e-01   9.3675251e-02
   8.6228383e-01   5.0642531e-01
   6.5449885e-01   7.5606299e-01
   8.6790636e-01   4.9672784e-01
   4.7409996e-01   8.8047102e-01
   9.5452445e-01   2.9813263e-01
   4.9349455e-01   8.6974889e-01
   4.2579817e-01   9.0481817e-01
   5.5470035e-01   8.3205019e-01
   7.8631820e-01   6.1782173e-01
   7.0710723e-01   7.0710633e-01
   9.0177248e-01   4.3221106e-01
   5.6747304e-01   8.2339198e-01
   9.9274987e-01   1.2019853e-01
   5.9281740e-01   8.0533691e-01
   2.4253565e-01   9.7014249e-01
   2.2556145e-01   9.7422894e-01
   9.8657998e-01   1.6327873e-01
   6.3629800e-01   7.7144336e-01
   5.4187559e-01   8.4045871e-01
   6.4543582e-01   7.6381451e-01
   8.8897406e-01   4.5795755e-01
   5.8018205e-01   8.1448682e-01
   6.8120993e-01   7.3208813e-01
   1.0000000e+00   9.3067214e-05
   9.3440573e-01   3.5621053e-01
   9.8334379e-01   1.8175530e-01
   8.2339257e-01   5.6747218e-01
   6.9857141e-01   7.1554035e-01
   3.6244632e-01   9.3200465e-01
   9.7613062e-01   2.1718427e-01
   6.6348566e-01   7.4818900e-01
   7.7894542e-01   6.2709173e-01
   8.0533749e-01   5.9281660e-01
   1.7378484e-01   9.8478365e-01
   3.4999410e-01   9.3675190e-01
   6.8993698e-01   7.2386944e-01
   4.0026600e-01   9.1639900e-01
   9.2446124e-01   3.8127603e-01
   7.9594629e-01   6.0536725e-01
   6.0536666e-01   7.9594673e-01
   7.4818797e-01   6.6348682e-01
   1.9250251e-01   9.8129648e-01
   5.2256202e-01   8.5260127e-01
   9.0780397e-01   4.1939473e-01
   1.5549177e-01   9.8783719e-01
   8.6628880e-02   9.9624065e-01
   7.7144248e-01   6.3629906e-01
   8.4456929e-01   5.3544627e-01
   7.6381440e-01   6.4543595e-01
   9.1359461e-01   4.0662623e-01
   9.6795325e-01   2.5113045e-01
   2.7733980e-01   9.6077190e-01
   4.5150841e-01   8.9226686e-01
   5.1288138e-01   8.5845949e-01
   3.1016948e-01   9.5068128e-01
