   9.7014278e-01   0.0000000e+00   2.4253450e-01
   4.0613792e-01   0.0000000e+00   9.1381179e-01
   4.9613870e-01   0.0000000e+00   8.6824328e-01
   9.8058135e-01   0.0000000e+00   1.9611274e-01
   2.9827483e-01   0.0000000e+00   9.5448003e-01
   5.8817170e-01   0.0000000e+00   8.0873608e-01
   9.0795953e-01   0.0000000e+00   4.1905787e-01
   7.0710482e-01   0.0000000e+00   7.0710875e-01
   9.4385852e-01   0.0000000e+00   3.3034994e-01
   6.3059285e-01   0.0000000e+00   7.7611382e-01
   7.5257721e-01   0.0000000e+00   6.5850402e-01
   6.5850510e-01   0.0000000e+00   7.5257627e-01
   9.5371462e-05   0.0000000e+00   1.0000000e+00
   9.7618712e-01   0.0000000e+00   2.1693018e-01
   4.7409969e-01   0.0000000e+00   8.8047117e-01
   7.5925670e-01   0.0000000e+00   6.5079126e-01
   8.6824329e-01   0.0000000e+00   4.9613869e-01
   4.4721323e-01   0.0000000e+00   8.9442737e-01
   6.2469499e-01   0.0000000e+00   7.8086886e-01
   9.8639411e-01   0.0000000e+00   1.6439788e-01
   3.5112314e-01   0.0000000e+00   9.3632929e-01
   5.7346252e-01   0.0000000e+00   8.1923179e-01
   4.8564334e-01   0.0000000e+00   8.7415705e-01
   3.3035039e-01   0.0000000e+00   9.4385837e-01
   5.2144977e-01   0.0000000e+00   8.5328198e-01
   8.5749327e-01   0.0000000e+00   5.1449518e-01
   1.1043117e-01   0.0000000e+00   9.9388377e-01
   7.9435772e-01   0.0000000e+00   6.0745025e-01
   9.8995043e-01   0.0000000e+00   1.4141477e-01
   9.6152535e-01   0.0000000e+00   2.7471624e-01
   5.3687561e-01   0.0000000e+00   8.4366141e-01
   9.2467825e-01   0.0000000e+00   3.8074945e-01
   2.8734736e-01   0.0000000e+00   9.5782644e-01
   7.3279309e-01   0.0000000e+00   6.8045154e-01
   8.1923186e-01   0.0000000e+00   5.7346243e-01
   7.7611340e-01   0.0000000e+00   6.3059337e-01
   8.6377941e-01   0.0000000e+00   5.0387015e-01
   5.5469983e-01   0.0000000e+00   8.3205054e-01
   4.1905832e-01   0.0000000e+00   9.0795932e-01
   9.1381136e-01   0.0000000e+00   4.0613890e-01
   5.0387219e-01   0.0000000e+00   8.6377822e-01
   7.6822178e-01   0.0000000e+00   6.4018380e-01
   8.5328185e-01   0.0000000e+00   5.2144998e-01
   8.7415766e-01   0.0000000e+00   4.8564224e-01
   5.6652858e-01   0.0000000e+00   8.2404209e-01
   7.9999936e-01   0.0000000e+00   6.0000085e-01
   5.8714062e-02   0.0000000e+00   9.9827484e-01
   1.6439833e-01   0.0000000e+00   9.8639403e-01
   7.8935175e-01   0.0000000e+00   6.1394121e-01
   7.4740900e-01   0.0000000e+00   6.6436420e-01
   9.9827442e-01   0.0000000e+00   5.8721280e-02
   5.2999925e-01   0.0000000e+00   8.4799811e-01
   1.7888068e-01   0.0000000e+00   9.8387078e-01
   8.4366112e-01   0.0000000e+00   5.3687607e-01
   9.4868361e-01   0.0000000e+00   3.1622683e-01
   1.9611557e-01   0.0000000e+00   9.8058079e-01
   8.3205017e-01   0.0000000e+00   5.5470038e-01
   3.7139063e-01   0.0000000e+00   9.2847671e-01
   6.6896540e-01   0.0000000e+00   7.4329355e-01
   9.1914549e-01   0.0000000e+00   3.9391822e-01
   6.7828062e-01   0.0000000e+00   7.3480297e-01
   9.9654585e-01   0.0000000e+00   8.3044416e-02
   8.2404179e-01   0.0000000e+00   5.6652902e-01
   8.1373388e-01   0.0000000e+00   5.8123762e-01
   9.5782641e-01   0.0000000e+00   2.8734749e-01
   8.9442735e-01   0.0000000e+00   4.4721328e-01
   9.3979361e-01   0.0000000e+00   3.4174254e-01
   1.4142049e-01   0.0000000e+00   9.8994962e-01
   9.3632959e-01   0.0000000e+00   3.5112235e-01
   3.8074999e-01   0.0000000e+00   9.2467802e-01
   9.9388399e-01   0.0000000e+00   1.1042926e-01
   1.0000000e+00   0.0000000e+00   9.9987463e-05
   2.4253104e-01   0.0000000e+00   9.7014365e-01
   8.8491628e-01   0.0000000e+00   4.6575012e-01
   9.8386995e-01   0.0000000e+00   1.7888522e-01
   5.8123852e-01   0.0000000e+00   8.1373324e-01
   6.1394105e-01   0.0000000e+00   7.8935188e-01
   9.2847675e-01   0.0000000e+00   3.7139052e-01
   5.1449518e-01   0.0000000e+00   8.5749327e-01
   8.0873610e-01   0.0000000e+00   5.8817168e-01
   8.3044287e-02   0.0000000e+00   9.9654586e-01
   2.6311698e-01   0.0000000e+00   9.6476394e-01
   2.7471894e-01   0.0000000e+00   9.6152457e-01
   6.4018494e-01   0.0000000e+00   7.6822083e-01
   8.4799858e-01   0.0000000e+00   5.2999851e-01
   3.4174236e-01   0.0000000e+00   9.3979368e-01
   3.1622691e-01   0.0000000e+00   9.4868358e-01
   1.2403435e-01   0.0000000e+00   9.9227792e-01
   8.8047136e-01   0.0000000e+00   4.7409934e-01
   6.6436364e-01   0.0000000e+00   7.4740949e-01
   9.9227799e-01   0.0000000e+00   1.2403386e-01
   6.0745028e-01   0.0000000e+00   7.9435770e-01
   9.6476396e-01   0.0000000e+00   2.6311691e-01
   5.9999914e-01   0.0000000e+00   8.0000064e-01
   3.9391889e-01   0.0000000e+00   9.1914520e-01
   6.5079163e-01   0.0000000e+00   7.5925638e-01
   7.8086878e-01   0.0000000e+00   6.2469508e-01
   7.3994000e-01   0.0000000e+00   6.7267288e-01
   2.1692724e-01   0.0000000e+00   9.7618777e-01
   4.6574655e-01   0.0000000e+00   8.8491816e-01
