   6.6943287e-01   7.4287256e-01
   9.1216828e-01   4.0981585e-01
   4.6118310e-01   8.8730499e-01
   9.4663346e-01   3.2231210e-01
   5.9216795e-02   9.9824515e-01
   5.1610982e-01   8.5652242e-01
   9.3790380e-01   3.4689547e-01
   3.7183946e-01   9.2829705e-01
   9.7794124e-01   2.0888020e-01
   3.4689575e-01   9.3790369e-01
   9.3321260e-01   3.5932470e-01
   6.8703900e-01   7.2662054e-01
   2.0888060e-01   9.7794115e-01
   7.8387519e-01   6.2091842e-01
   8.5456988e-01   5.1933642e-01
   7.0427143e-01   7.0993081e-01
   9.6487712e-01   2.6270161e-01
   9.2829695e-01   3.7183972e-01
   7.7645898e-01   6.3016780e-01
   3.0714997e-01   9.5166113e-01
   4.8702840e-01   8.7338613e-01
   3.3455508e-01   9.4237620e-01
   3.8443072e-01   9.2315385e-01
   2.2556048e-01   9.7422917e-01
   4.0981694e-01   9.1216779e-01
   7.9356093e-01   6.0849080e-01
   9.1777940e-01   3.9709062e-01
   7.4553680e-01   6.6646446e-01
   1.0000000e+00   8.0865230e-05
   8.8047083e-01   4.7410032e-01
   7.5345071e-01   6.5750439e-01
   9.2315451e-01   3.8442911e-01
   6.0536593e-01   7.9594729e-01
   6.5148807e-01   7.5865888e-01
   9.4237564e-01   3.3455665e-01
   7.1274101e-01   7.0142729e-01
   1.9250339e-01   9.8129631e-01
   4.7409967e-01   8.8047118e-01
   8.6790707e-01   4.9672660e-01
   8.3838050e-01   5.4508544e-01
   5.8650914e-01   8.0994260e-01
   1.1285817e-01   9.9361111e-01
   9.5068130e-01   3.1016940e-01
   8.7338576e-01   4.8702907e-01
   9.9796953e-01   6.3693179e-02
   3.9708969e-01   9.1777981e-01
   5.3544634e-01   8.4456925e-01
   8.2990926e-01   5.5789839e-01
   4.3542159e-01   9.0022666e-01
   8.6228599e-01   5.0642163e-01
   5.2578838e-01   8.5061541e-01
   5.7383771e-01   8.1896904e-01
   5.9596034e-01   8.0301387e-01
   7.2936111e-01   6.8412892e-01
   7.6124348e-01   6.4846616e-01
   4.4828877e-01   8.9388880e-01
   5.5470040e-01   8.3205016e-01
   4.9672656e-01   8.6790710e-01
   6.1471619e-01   7.8874838e-01
   3.2231124e-01   9.4663375e-01
   8.9388958e-01   4.4828722e-01
   9.0631879e-01   4.2259466e-01
   9.9244862e-01   1.2266105e-01
   9.7357449e-01   2.2836966e-01
   9.8569923e-01   1.6851419e-01
   6.9570329e-01   7.1832926e-01
   8.1222226e-01   5.8334810e-01
   6.2400919e-01   7.8141700e-01
   5.0642324e-01   8.6228505e-01
   9.7475811e-05   1.0000000e+00
   7.3750604e-01   6.7534054e-01
   9.5545389e-01   2.9514042e-01
   2.5979624e-01   9.6566346e-01
   7.6891367e-01   6.3935262e-01
   6.7828059e-01   7.3480300e-01
   8.2118857e-01   5.7065693e-01
   9.5991644e-01   2.8028632e-01
   7.2110512e-01   6.9282566e-01
   9.9537702e-01   9.6044715e-02
   3.5932518e-01   9.3321242e-01
   2.4253385e-01   9.7014294e-01
   8.0301169e-01   5.9596327e-01
   4.2259581e-01   9.0631826e-01
   6.4239879e-01   7.6637054e-01
   5.4508613e-01   8.3838005e-01
   9.6942364e-01   2.4539318e-01
   1.7378364e-01   9.8478386e-01
   1.3511112e-01   9.9083045e-01
   9.0022648e-01   4.3542195e-01
   6.6049994e-01   7.5082610e-01
   9.8182232e-01   1.8980234e-01
   2.7733718e-01   9.6077265e-01
   8.4660224e-01   5.3222612e-01
   6.3323759e-01   7.7395746e-01
   8.8969950e-02   9.9603431e-01
   5.6428621e-01   8.2557923e-01
   9.8901976e-01   1.4778336e-01
   8.8730503e-01   4.6118302e-01
   1.5549284e-01   9.8783702e-01
   2.9215583e-01   9.5637073e-01
