   8.7903938e-01   3.6197958e-01   3.1025884e-01
   4.4721431e-01   1.3415809e-04   8.9442682e-01
   7.9435745e-01   1.4016485e-04   6.0745059e-01
   5.0802201e-01   7.9196478e-01   3.3868190e-01
   8.1588003e-01   4.3515560e-01   3.8076157e-01
   4.6391461e-01   7.5469567e-01   4.6391559e-01
   5.2940984e-01   4.7059185e-01   7.0588139e-01
   8.6193421e-01   1.3823589e-04   5.0702011e-01
   2.8734380e-01   9.5782750e-01   1.2493120e-04
   9.3834736e-01   3.4569381e-01   1.2960760e-04
   4.6503004e-02   8.8395954e-01   4.6524510e-01
   3.1032586e-01   8.7898770e-01   3.6204762e-01
   5.3688738e-01   5.9656517e-01   5.9654165e-01
   1.3859091e-04   5.5469953e-01   8.3205073e-01
   5.5469953e-01   1.3857697e-04   8.3205073e-01
   1.2804264e-04   3.4175479e-01   9.3978915e-01
   4.7387390e-01   5.9234228e-01   6.5159354e-01
   3.8807751e-01   1.3160131e-04   9.2162673e-01
   7.3364730e-01   5.0786887e-01   4.5147630e-01
   4.0894213e-01   7.0105330e-01   5.8420083e-01
   1.3864240e-04   8.3205047e-01   5.5469991e-01
   1.9612006e-01   9.8057988e-01   1.1767158e-04
   4.0480132e-01   5.2046664e-01   7.5183135e-01
   9.2490356e-01   2.9208864e-01   2.4338782e-01
   6.5158441e-01   5.9234402e-01   4.7388429e-01
   1.2483604e-04   2.8734837e-01   9.5782613e-01
   7.3192897e-01   4.8745129e-02   6.7963512e-01
   6.7964186e-01   7.3191994e-01   4.8786713e-02
   7.0709807e-01   7.0711548e-01   1.4142306e-04
   5.0701982e-01   1.3826871e-04   8.6193438e-01
   5.7259984e-01   3.4354741e-01   7.4438203e-01
   1.4108780e-04   7.5257833e-01   6.5850273e-01
   9.0374712e-01   4.2806672e-01   1.3555986e-04
   9.6152154e-01   2.7472954e-01   1.2541531e-04
   7.4460354e-01   3.4342348e-01   5.7238613e-01
   6.3404379e-01   6.9167335e-01   3.4579829e-01
   3.8946570e-01   8.3463367e-01   3.8949083e-01
   8.4780373e-01   3.1817894e-01   4.2425346e-01
   5.7543357e-01   6.3298350e-01   5.1788811e-01
   3.6197396e-01   3.1025574e-01   8.7904279e-01
   2.8734837e-01   1.2475788e-04   9.5782613e-01
   3.4581801e-01   6.3403573e-01   6.9167087e-01
   4.5510372e-01   3.9821403e-01   7.9643342e-01
   9.9981552e-05   9.9999999e-01   9.9973540e-05
   1.2538046e-04   9.6152370e-01   2.7472198e-01
   6.0744894e-01   7.9435872e-01   1.4018022e-04
   1.3414583e-04   4.4721431e-01   8.9442682e-01
   2.8172085e-01   7.3246124e-01   6.1978536e-01
   5.7541920e-01   5.1783498e-01   6.3304002e-01
   6.5492868e-01   7.5569068e-01   1.4168242e-04
   2.1205281e-01   5.6802000e-01   7.9522757e-01
   6.3298714e-01   5.1788704e-01   5.7543053e-01
   7.3246749e-01   6.1978928e-01   2.8169598e-01
   7.9182213e-01   5.0817694e-01   3.3878298e-01
   1.3823510e-04   8.6193421e-01   5.0702011e-01
   8.3205394e-01   5.5469471e-01   1.3867547e-04
   3.3914647e-01   7.9132727e-01   5.0870505e-01
   7.7538837e-01   3.8768874e-01   4.9846797e-01
   4.2807373e-01   9.0374380e-01   1.3555986e-04
   7.0588192e-01   4.7058123e-01   5.2941858e-01
   8.3205047e-01   1.3866407e-04   5.5469991e-01
   4.8758334e-02   6.7964171e-01   7.3192197e-01
   1.3750274e-04   4.9026431e-01   8.7157380e-01
   9.8058084e-01   1.1765907e-04   1.9611529e-01
   3.5599662e-01   9.3448723e-01   1.3349666e-04
   9.9999999e-01   9.9973452e-05   9.9973540e-05
   7.5257811e-01   6.5850298e-01   1.4110649e-04
   1.1758923e-04   9.8058084e-01   1.9611529e-01
   7.0105441e-01   5.8420730e-01   4.0893098e-01
   9.1381146e-01   1.3706226e-04   4.0613864e-01
   9.8057222e-01   1.9615839e-01   1.1767158e-04
   3.1800309e-01   4.2400385e-01   8.4799456e-01
   7.9999771e-01   6.0000304e-01   1.4117513e-04
   6.7963974e-01   4.8785780e-02   7.3192197e-01
   1.2814944e-04   9.3979332e-01   3.4174332e-01
   9.3978123e-01   1.2816620e-04   3.4177656e-01
   4.5641855e-02   4.0573719e-01   9.1284947e-01
   9.5782849e-01   1.2488801e-04   2.8734051e-01
   5.6076760e-01   7.2900426e-01   3.9254615e-01
   6.0744995e-01   1.4017425e-04   7.9435794e-01
   4.7303933e-01   2.6280014e-01   8.4093393e-01
   1.4167930e-04   6.5492333e-01   7.5569532e-01
   1.3707134e-04   9.1381146e-01   4.0613863e-01
   8.7157519e-01   4.9026184e-01   1.3761712e-04
   6.5492333e-01   1.4160949e-04   7.5569532e-01
   8.8394449e-01   4.6524085e-02   4.6527159e-01
   2.4338034e-01   9.2491870e-01   2.9204691e-01
   6.4482969e-01   4.1034799e-01   6.4483269e-01
   1.4102597e-04   7.9999605e-01   6.0000525e-01
   2.9210541e-01   2.4341928e-01   9.2488999e-01
   5.5469584e-01   8.3205318e-01   1.3867545e-04
   7.0710677e-01   1.3708237e-04   7.0710678e-01
   4.9025498e-01   8.7157905e-01   1.3761640e-04
   5.2941474e-01   7.0588588e-01   4.7057961e-01
   7.5568822e-01   1.4165158e-04   6.5493152e-01
   1.4007951e-04   6.0745050e-01   7.9435752e-01
   5.3673485e-06   1.9611469e-01   9.8058097e-01
   1.2979359e-04   7.0710677e-01   7.0710678e-01
   9.2523192e-05   4.9008660e-05   9.9999999e-01
   1.9611469e-01   2.6517431e-05   9.8058097e-01
