   3.1578964e-01   3.1578964e-01   8.9473673e-01
   7.0014038e-01   7.0014038e-01   1.4002458e-01
   5.3916393e-01   5.3916393e-01   6.4699654e-01
   6.5973644e-01   6.5973644e-01   3.5985505e-01
   7.0620664e-01   7.0620664e-01   5.0441698e-02
   6.4483185e-01   6.4483185e-01   4.1034592e-01
   6.8824760e-01   6.8824760e-01   2.2941333e-01
   5.5602189e-01   5.5602189e-01   6.1780201e-01
   6.1958558e-01   6.1958558e-01   4.8189979e-01
   6.3116953e-01   6.3116953e-01   4.5083262e-01
   2.8213816e-01   2.8213816e-01   9.1694935e-01
   6.6666704e-01   6.6666704e-01   3.3333183e-01
   5.3499454e-01   5.3499454e-01   6.5388201e-01
   5.1449595e-01   5.1449595e-01   6.8599405e-01
   6.3960263e-01   6.3960263e-01   4.2640000e-01
   2.7156279e-01   2.7156279e-01   9.2331322e-01
   6.7828039e-01   6.7828039e-01   2.8261531e-01
   5.5337166e-01   5.5337166e-01   6.2254286e-01
   2.4663182e-01   2.4663182e-01   9.3720088e-01
   6.9431391e-01   6.9431391e-01   1.8935780e-01
   4.5749576e-01   4.5749576e-01   7.6249280e-01
   6.8041383e-01   6.8041383e-01   2.7216548e-01
   7.0493474e-01   7.0493474e-01   7.8320089e-02
   6.7457853e-01   6.7457853e-01   2.9981261e-01
   6.9171447e-01   6.9171447e-01   2.0751433e-01
   7.0224706e-01   7.0224706e-01   1.1703905e-01
   6.3372470e-01   6.3372470e-01   4.4360568e-01
   4.4444452e-01   4.4444452e-01   7.7777769e-01
   7.0710677e-01   7.0710677e-01   1.4092494e-04
   6.1545752e-01   6.1545752e-01   4.9236580e-01
   6.7671569e-01   6.7671569e-01   2.9002028e-01
   4.3685171e-01   4.3685171e-01   7.8633401e-01
   1.9245016e-01   1.9245016e-01   9.6225042e-01
   5.4997188e-01   5.4997188e-01   6.2853947e-01
   3.8649392e-01   3.8649392e-01   8.3740366e-01
   4.6829294e-01   4.6829294e-01   7.4926861e-01
   5.0251862e-01   5.0251862e-01   7.0352688e-01
   6.8348626e-01   6.8348626e-01   2.5630659e-01
   1.7121786e-01   1.7121786e-01   9.7024167e-01
   4.9746740e-01   4.9746740e-01   7.1067037e-01
   2.7617247e-01   2.7617247e-01   9.2057457e-01
   1.4002636e-01   1.4002636e-01   9.8019653e-01
   5.7734993e-01   5.7734993e-01   5.7735094e-01
   5.9867103e-01   5.9867103e-01   5.3215223e-01
   4.0824794e-01   4.0824794e-01   8.1649693e-01
   6.2256532e-02   6.2256532e-02   9.9611658e-01
   2.6490629e-01   2.6490629e-01   9.2717275e-01
   5.0697891e-01   5.0697891e-01   6.9709739e-01
   9.0165855e-02   9.0165855e-02   9.9183680e-01
   3.6650795e-01   3.6650795e-01   8.5518644e-01
   7.0352652e-01   7.0352652e-01   1.0050314e-01
   3.8235955e-01   3.8235955e-01   8.4119103e-01
   3.8948986e-01   3.8948986e-01   8.3462285e-01
   6.0131683e-01   6.0131683e-01   5.2615221e-01
   3.3129381e-01   3.3129381e-01   8.8345278e-01
   5.4545429e-01   5.4545429e-01   6.3636407e-01
   5.9655000e-01   5.9655000e-01   5.3689495e-01
   2.1199897e-01   2.1199897e-01   9.5399836e-01
   2.0177346e-01   2.0177346e-01   9.5842315e-01
   1.7608919e-01   1.7608919e-01   9.6849636e-01
   9.9013049e-02   9.9013049e-02   9.9014788e-01
   6.2469504e-01   6.2469504e-01   4.6852131e-01
   4.4997624e-01   4.4997624e-01   7.7139015e-01
   6.4676199e-01   6.4676199e-01   4.0422501e-01
   1.8123523e-01   1.8123523e-01   9.6659587e-01
   6.9853572e-01   6.9853572e-01   1.5522792e-01
   7.6470956e-02   7.6470956e-02   9.9413499e-01
   6.9631060e-01   6.9631060e-01   1.7407783e-01
   6.5094556e-01   6.5094556e-01   3.9056337e-01
   2.5445597e-01   2.5445597e-01   9.3300821e-01
   4.9874838e-02   4.9874838e-02   9.9750940e-01
   2.1938117e-01   2.1938117e-01   9.5065441e-01
   6.0920767e-01   6.0920767e-01   5.0767315e-01
   5.2320437e-01   5.2320437e-01   6.7269189e-01
   1.2308976e-01   1.2308976e-01   9.8473236e-01
   1.5032880e-01   1.5032880e-01   9.7713996e-01
   4.7301567e-01   4.7301567e-01   7.4331175e-01
   6.5561006e-01   6.5561006e-01   3.7463437e-01
   3.6983512e-02   3.6983512e-02   9.9863128e-01
   6.0470800e-01   6.0470800e-01   5.1832083e-01
   9.9604800e-05   9.9604800e-05   9.9999999e-01
   3.3786871e-01   3.3786871e-01   8.7845857e-01
   6.9310359e-01   6.9310359e-01   1.9802733e-01
   5.2981281e-01   5.2981281e-01   6.6226639e-01
   1.3102419e-01   1.3102419e-01   9.8268272e-01
   3.0151071e-01   3.0151071e-01   9.0453445e-01
   3.7628812e-01   3.7628812e-01   8.4664899e-01
   1.0976406e-01   1.0976406e-01   9.8787838e-01
   6.5814586e-01   6.5814586e-01   3.6563378e-01
   6.8483017e-01   6.8483017e-01   2.4902867e-01
   3.5897905e-01   3.5897905e-01   8.6154981e-01
   4.8507145e-01   4.8507145e-01   7.2760661e-01
   1.6222020e-01   1.6222020e-01   9.7332893e-01
   4.3188942e-01   4.3188942e-01   7.9179736e-01
   3.2337956e-01   3.2337956e-01   8.8929822e-01
   2.3570050e-01   2.3570050e-01   9.4280992e-01
   8.2759934e-02   8.2759934e-02   9.9312718e-01
   3.4815523e-01   3.4815523e-01   8.7038835e-01
   4.6420704e-01   4.6420704e-01   7.5433656e-01
   4.2839300e-01   4.2839300e-01   7.9558713e-01
