   7.2662112e-01   6.8703839e-01
   3.6244808e-01   9.3200396e-01
   9.8488240e-05   1.0000000e+00
   3.3763172e-01   9.4127829e-01
   8.3838046e-01   5.4508551e-01
   8.6417517e-01   5.0319110e-01
   7.6637047e-01   6.4239886e-01
   8.5260109e-01   5.2256233e-01
   7.5865916e-01   6.5148774e-01
   9.9048384e-01   1.3762908e-01
   6.1454153e-02   9.9810991e-01
   9.9603461e-01   8.8966619e-02
   3.2536393e-01   9.4558887e-01
   4.9026150e-01   8.7157539e-01
   7.8874761e-01   6.1471718e-01
   7.4287327e-01   6.6943207e-01
   8.8897294e-01   4.5795973e-01
   9.7357440e-01   2.2837007e-01
   8.0301196e-01   5.9596291e-01
   5.5789870e-01   8.2990906e-01
   4.7733383e-01   8.7872204e-01
   8.2990961e-01   5.5789788e-01
   4.2579768e-01   9.0481840e-01
   9.0177325e-01   4.3220945e-01
   1.6067339e-01   9.8700763e-01
   1.1774019e-01   9.9304443e-01
   6.1160709e-01   7.9116166e-01
   9.8076156e-01   1.9520951e-01
   5.3222796e-01   8.4660108e-01
   8.4660067e-01   5.3222861e-01
   4.6441081e-01   8.8561990e-01
   8.2118912e-01   5.7065614e-01
   9.1914526e-01   3.9391876e-01
   6.7534097e-01   7.3750564e-01
   6.3935197e-01   7.6891421e-01
   3.1016996e-01   9.5068112e-01
   2.3401191e-01   9.7223373e-01
   5.9281673e-01   8.0533740e-01
   1.4015008e-01   9.9013027e-01
   9.5166064e-01   3.0715146e-01
   2.9513760e-01   9.5545476e-01
   2.5112955e-01   9.6795349e-01
   6.9282608e-01   7.2110472e-01
   3.8758851e-01   9.2183249e-01
   9.9333122e-01   1.1529563e-01
   5.4508492e-01   8.3838084e-01
   8.6974913e-01   4.9349412e-01
   9.6487720e-01   2.6270132e-01
   2.8028484e-01   9.5991688e-01
   5.7065576e-01   8.2118938e-01
   8.8220302e-01   4.7086922e-01
   4.3863507e-01   8.9866528e-01
   4.0026562e-01   9.1639917e-01
   6.8412877e-01   7.2936125e-01
   9.7734779e-01   2.1163956e-01
   9.3558555e-01   3.5310009e-01
   9.1359333e-01   4.0662910e-01
   2.6561293e-01   9.6407975e-01
   2.0065407e-01   9.7966216e-01
   9.4663275e-01   3.2231420e-01
   9.2954738e-01   3.6870269e-01
   7.5082552e-01   6.6050060e-01
   8.9549636e-01   4.4506884e-01
   7.0142753e-01   7.1274078e-01
   9.0780365e-01   4.1939544e-01
   9.8431267e-01   1.7643290e-01
   6.3016793e-01   7.7645887e-01
   9.9824519e-01   5.9216039e-02
   4.1300565e-01   9.1072846e-01
   7.7395728e-01   6.3323781e-01
   9.6942360e-01   2.4539331e-01
   9.2446166e-01   3.8127502e-01
   8.7518049e-01   4.8379656e-01
   9.1317828e-02   9.9582180e-01
   6.5750426e-01   7.5345083e-01
   3.7498116e-01   9.2703243e-01
   9.5637081e-01   2.9215556e-01
   3.4999470e-01   9.3675168e-01
   8.5845737e-01   5.1288492e-01
   4.9996170e-01   8.6604752e-01
   1.0000000e+00   9.9995564e-05
   6.4846490e-01   7.6124456e-01
   7.0992988e-01   7.0427236e-01
   9.6077303e-01   2.7733587e-01
   2.1718325e-01   9.7613085e-01
   4.5150807e-01   8.9226704e-01
   7.8141795e-01   6.2400800e-01
   6.0223820e-01   7.9831645e-01
   6.6646425e-01   7.4553699e-01
   8.1222257e-01   5.8334766e-01
   5.8334652e-01   8.1222339e-01
   9.8742638e-01   1.5807957e-01
   6.2091674e-01   7.8387653e-01
   9.4127794e-01   3.3763269e-01
   7.3480339e-01   6.7828016e-01
   7.1832838e-01   6.9570420e-01
   5.0965210e-01   8.6038058e-01
   5.1933680e-01   8.5456965e-01
   7.9594686e-01   6.0536650e-01
   1.8175457e-01   9.8334393e-01
