   1.6666029e-01   8.3333526e-01   4.0000089e+00
   7.3561015e-01   8.5940085e-01   3.1263435e+00
   5.9987252e-04   5.9986776e-04   5.9987935e+00
   7.1541172e-01   7.1541016e-01   3.9347317e+00
   8.5940085e-01   2.0575125e-01   3.9093041e+00
   1.9237142e-01   2.5141183e-01   5.1940691e+00
   8.5940085e-01   2.2868157e-01   3.8876022e+00
   8.5940085e-01   2.1652229e-01   3.8974257e+00
   2.5141183e-01   5.9705181e-04   5.5725939e+00
   8.5940085e-01   1.2876977e-02   4.2925684e+00
   1.8773023e-01   1.8773045e-01   5.2564529e+00
   8.4775257e-01   6.7819916e-01   3.5605427e+00
   6.9131154e-01   8.5940085e-01   3.4565602e+00
   1.9936208e-01   2.5141183e-01   5.1838607e+00
   6.4494945e-03   8.5940085e-01   4.3001631e+00
   1.8741614e-01   8.5940085e-01   3.9357444e+00
   8.5940085e-01   8.2843785e-01   2.6510103e+00
   1.9373157e-01   5.8112146e-04   5.6182211e+00
   8.5940085e-01   7.5250039e-01   3.0100155e+00
   8.5940085e-01   8.5940085e-01   2.6140087e+00
   7.3399506e-01   2.5141183e-01   4.4040728e+00
   8.5940085e-01   8.0345349e-01   2.7317462e+00
   2.5141183e-01   1.9237045e-01   5.1940706e+00
   6.7820200e-01   8.4772152e-01   3.5605498e+00
   2.2868062e-01   8.5940085e-01   3.8876028e+00
   2.5141183e-01   1.9936701e-01   5.1838539e+00
   7.5250125e-01   8.5940085e-01   3.0100098e+00
   8.1093660e-01   8.5940085e-01   2.7031304e+00
   1.9611259e-01   8.5940085e-01   3.9222829e+00
   6.3612872e-01   6.3610637e-01   5.0890252e+00
   2.5141183e-01   8.5940085e-01   3.8801987e+00
   7.2529381e-01   1.8132282e-01   4.5331117e+00
   3.2275335e-03   8.5940085e-01   4.3036787e+00
   2.1504303e-03   8.5940085e-01   4.3048104e+00
   8.5940085e-01   2.5141183e-01   3.8801987e+00
   8.5940085e-01   7.9325683e-01   2.7764067e+00
   8.3334022e-01   1.6665410e-01   4.0000114e+00
   7.8398080e-01   8.5940085e-01   2.8223327e+00
   5.1668921e-04   8.5940085e-01   4.3064852e+00
   1.2877539e-02   8.5940085e-01   4.2925677e+00
   8.5940085e-01   7.3028912e-01   3.1645875e+00
   8.5940085e-01   5.1677724e-04   4.3064851e+00
   7.2001198e-01   8.5940085e-01   3.2400528e+00
   8.5940085e-01   8.2137435e-01   2.6694674e+00
   2.4258216e-01   8.5940085e-01   3.8813275e+00
   5.9705987e-04   2.5141183e-01   5.5725939e+00
   4.3024855e-03   8.5940085e-01   4.3025275e+00
   7.4842513e-01   2.5141183e-01   4.3034658e+00
   8.5940085e-01   4.3014339e-03   4.3025286e+00
   7.3028876e-01   8.5940085e-01   3.1645902e+00
   8.5940085e-01   1.4342525e-03   4.3055507e+00
   8.5940085e-01   1.9611307e-01   3.9222822e+00
   8.5940085e-01   1.7228943e-01   3.9626674e+00
   1.1742649e-03   8.5940085e-01   4.3058171e+00
   7.7687243e-01   7.7685515e-01   3.1074467e+00
   2.5141183e-01   2.5141183e-01   5.1463887e+00
   5.0687063e-04   7.3836001e-01   4.7993316e+00
   1.8127783e-01   7.2531462e-01   4.5330379e+00
   8.5940085e-01   2.5821671e-03   4.3043594e+00
   8.5940085e-01   2.4258239e-01   3.8813274e+00
   7.6735303e-01   8.5940085e-01   2.9159450e+00
   2.1652116e-01   8.5940085e-01   3.8974268e+00
   8.5940085e-01   6.7335453e-01   3.5912353e+00
   8.5940085e-01   7.1013864e-01   3.3139843e+00
   2.5141183e-01   8.4522699e-01   3.8880451e+00
   2.0575239e-01   8.5940085e-01   3.9093027e+00
   1.7228987e-01   8.5940085e-01   3.9626665e+00
   5.8044084e-04   1.9373183e-01   5.6182214e+00
   7.1013906e-01   8.5940085e-01   3.3139811e+00
   6.7335581e-01   8.5940082e-01   3.5912258e+00
   8.5940085e-01   6.6460515e-01   3.6553112e+00
   8.0345451e-01   8.5940057e-01   2.7317421e+00
   7.3836394e-01   5.0828896e-04   4.7993025e+00
   8.5940085e-01   7.3561029e-01   3.1263425e+00
   6.5596295e-01   8.5940085e-01   3.7171029e+00
   8.5940085e-01   1.7951344e-01   3.9492917e+00
   8.5940085e-01   6.5596175e-01   3.7171113e+00
   8.5940085e-01   6.3890114e-01   3.8333917e+00
   8.2843955e-01   8.5940085e-01   2.6510063e+00
   8.5940085e-01   7.8398109e-01   2.8223311e+00
   2.5133237e-01   7.4842786e-01   4.3034474e+00
   6.6460416e-01   8.5940084e-01   3.6553184e+00
   6.3890130e-01   8.5940085e-01   3.8333907e+00
   1.7951333e-01   8.5940085e-01   3.9492919e+00
   8.5940085e-01   7.2001345e-01   3.2400418e+00
   8.5940085e-01   7.0532883e-01   3.3503160e+00
   8.5940086e-01   8.1093764e-01   2.7031267e+00
   8.5940085e-01   7.7131470e-01   2.8924274e+00
   8.5940086e-01   7.6735362e-01   2.9159415e+00
   8.5940085e-01   6.4502099e-03   4.3001623e+00
   8.5940085e-01   6.9131203e-01   3.4565564e+00
   8.2137542e-01   8.5940081e-01   2.6694643e+00
   8.4522025e-01   2.5141183e-01   3.8880525e+00
   7.9325830e-01   8.5940084e-01   2.7763999e+00
   7.0533049e-01   8.5940085e-01   3.3503034e+00
   8.5940085e-01   7.7819135e-01   2.8533680e+00
   7.7131480e-01   8.5940085e-01   2.8924268e+00
   2.5141183e-01   7.3400579e-01   4.4039960e+00
   8.5940085e-01   1.8741644e-01   3.9357439e+00
   7.7819168e-01   8.5940085e-01   2.8533662e+00
