   1.4268717e-01   9.8976784e-01
   6.1782172e-01   7.8631821e-01
   9.8478366e-01   1.7378478e-01
   4.4828729e-01   8.9388954e-01
   8.0994234e-01   5.8650951e-01
   7.0142836e-01   7.1273997e-01
   9.8076159e-01   1.9520939e-01
   8.2775180e-01   5.6109442e-01
   8.0067163e-01   5.9910345e-01
   9.8823942e-01   1.5291450e-01
   7.4287276e-01   6.6943264e-01
   9.2954716e-01   3.6870325e-01
   6.7534061e-01   7.3750597e-01
   3.4689538e-01   9.3790383e-01
   4.7086932e-01   8.8220297e-01
   8.4660084e-01   5.3222834e-01
   2.0338681e-01   9.7909847e-01
   8.8562017e-01   4.6441029e-01
   6.9282548e-01   7.2110530e-01
   8.3417464e-01   5.5150038e-01
   6.5750490e-01   7.5345027e-01
   1.6327856e-01   9.8658001e-01
   9.6161690e-01   2.7439557e-01
   8.5845884e-01   5.1288246e-01
   4.2259423e-01   9.0631899e-01
   5.4829445e-01   8.3628536e-01
   9.4127805e-01   3.3763239e-01
   6.8412892e-01   7.2936110e-01
   8.9062776e-01   4.5473309e-01
   3.9709151e-01   9.1777902e-01
   6.6646368e-01   7.4553750e-01
   7.6637058e-01   6.4239874e-01
   6.3016899e-01   7.7645801e-01
   3.0413730e-01   9.5262821e-01
   7.3480357e-01   6.7827997e-01
   5.5789868e-01   8.2990907e-01
   9.5637101e-01   2.9215490e-01
   4.3542216e-01   9.0022639e-01
   4.0981501e-01   9.1216866e-01
   9.6643770e-01   2.5690111e-01
   8.9549710e-01   4.4506735e-01
   5.9281744e-01   8.0533687e-01
   3.1926662e-01   9.4766493e-01
   7.5082575e-01   6.6050034e-01
   7.8141783e-01   6.2400815e-01
   2.7146034e-01   9.6244963e-01
   8.6974915e-01   4.9349409e-01
   7.7395831e-01   6.3323656e-01
   9.1914483e-01   3.9391977e-01
   9.3558576e-01   3.5309955e-01
   5.2900793e-01   8.4861688e-01
   5.3866156e-01   8.4252224e-01
   9.4669662e-05   1.0000000e+00
   2.3684599e-01   9.7154721e-01
   6.0536645e-01   7.9594690e-01
   9.9388375e-01   1.1043142e-01
   9.1359240e-01   4.0663118e-01
   9.9837485e-01   5.6988242e-02
   7.5865906e-01   6.5148785e-01
   9.7613138e-01   2.1718086e-01
   6.4846415e-01   7.6124519e-01
   4.9026213e-01   8.7157503e-01
   3.3455630e-01   9.4237576e-01
   9.7154754e-01   2.3684462e-01
   8.8046734e-01   4.7410680e-01
   5.6747337e-01   8.2339175e-01
   9.2446186e-01   3.8127453e-01
   1.1774259e-01   9.9304415e-01
   4.9996008e-01   8.6604845e-01
   9.4663399e-01   3.2231055e-01
   8.1897070e-01   5.7383533e-01
   8.6417454e-01   5.0319218e-01
   9.9624082e-01   8.6626913e-02
   5.8018202e-01   8.1448685e-01
   6.1454725e-02   9.9810987e-01
   5.1933654e-01   8.5456981e-01
   9.0177261e-01   4.3221079e-01
   4.6118296e-01   8.8730506e-01
   3.5932603e-01   9.3321209e-01
   4.8056422e-01   8.7695954e-01
   5.0965292e-01   8.6038009e-01
   7.0992885e-01   7.0427340e-01
   7.9116193e-01   6.1160674e-01
   8.7518073e-01   4.8379613e-01
   1.0000000e+00   9.5894388e-05
   2.5401049e-01   9.6720146e-01
   9.9116917e-01   1.3260345e-01
   8.5260136e-01   5.2256189e-01
   7.2662012e-01   6.8703944e-01
   7.1832888e-01   6.9570369e-01
   9.5166129e-01   3.0714946e-01
   2.1996764e-01   9.7550717e-01
   8.4045914e-01   5.4187492e-01
   1.8442946e-01   9.8284575e-01
   3.7183880e-01   9.2829732e-01
   6.3935288e-01   7.6891345e-01
   2.8917800e-01   9.5727534e-01
   9.0780406e-01   4.1939454e-01
   9.1319560e-02   9.9582164e-01
   3.8442913e-01   9.2315451e-01
