   9.1725902e-01   5.7664845e-01
   8.1916262e-01   7.0912632e-01
   5.8709991e-01   9.1060487e-01
   5.7664862e-01   9.1725891e-01
   8.8972590e-01   6.1828421e-01
   7.9318938e-01   7.3806378e-01
   1.0746024e+00   1.3826469e-01
   3.4262001e-01   1.0278614e+00
   6.7943023e-01   8.4395622e-01
   7.4752078e-01   7.8428326e-01
   7.5687451e-01   7.7526029e-01
   9.9876949e-01   4.1993694e-01
   7.2850955e-01   8.0197343e-01
   2.2333379e-01   1.0601932e+00
   9.6673613e-01   4.8919197e-01
   5.9752854e-01   9.0379598e-01
   1.0569242e+00   2.3832488e-01
   9.0835292e-01   5.9057811e-01
   7.8428353e-01   7.4752049e-01
   1.0351970e+00   3.1977280e-01
   5.6617565e-01   9.2376007e-01
   5.4518792e-01   9.3629999e-01
   1.0715641e+00   1.6011830e-01
   1.0648754e+00   1.9981965e-01
   1.0684481e+00   1.7973911e-01
   4.9617809e-01   9.6316916e-01
   9.3010681e-01   5.5568774e-01
   4.5439775e-01   9.8357014e-01
   1.0097908e+00   3.9269588e-01
   5.5568705e-01   9.3010722e-01
   8.3582761e-01   6.8940535e-01
   1.0771223e+00   1.1702641e-01
   1.5735401e-01   1.0719735e+00
   6.0792428e-01   8.9683644e-01
   4.0968386e-01   1.0030188e+00
   7.0912588e-01   8.1916300e-01
   3.0367870e-01   1.0400321e+00
   8.8001041e-01   6.3203577e-01
   8.1063226e-01   7.1886220e-01
   7.1886220e-01   8.1063227e-01
   9.5395604e-01   5.1366858e-01
   6.8940533e-01   8.3582763e-01
   7.7526082e-01   7.5687396e-01
   8.7003097e-01   6.4570399e-01
   1.0526338e+00   2.5661161e-01
   1.0834609e+00   1.0712036e-04
   1.0044043e+00   4.0627525e-01
   3.5915221e-01   1.0222021e+00
   1.0474286e-04   1.0834609e+00
   8.5194546e-01   6.6938514e-01
   1.0300262e+00   3.3605604e-01
   3.9269738e-01   1.0097902e+00
   3.2301440e-01   1.0341901e+00
   1.0198382e+00   3.6581098e-01
   9.8673900e-01   4.4747479e-01
   1.0149680e-01   1.0786964e+00
   4.6828369e-01   9.7703527e-01
   1.0796045e+00   9.1332808e-02
   9.8033551e-01   4.6133483e-01
   9.2376009e-01   5.6617561e-01
   7.3806428e-01   7.9318892e-01
   8.4395609e-01   6.7943039e-01
   1.3022999e-01   1.0756057e+00
   2.4438603e-01   1.0555392e+00
   1.0445425e+00   2.8778205e-01
   1.0400322e+00   3.0367828e-01
   5.2417366e-01   9.4822440e-01
   9.7366814e-01   4.7524509e-01
   2.0272790e-01   1.0643256e+00
   2.8462701e-01   1.0454066e+00
   5.3468177e-01   9.4233908e-01
   1.0608148e+00   2.2036230e-01
   6.4570299e-01   8.7003172e-01
   9.3630013e-01   5.4518767e-01
   5.1017021e-01   9.5583152e-01
   4.4056569e-01   9.8984312e-01
   6.5927481e-01   8.5979315e-01
   6.1828492e-01   8.8972540e-01
   1.0487394e+00   2.7209043e-01
   4.2679610e-01   9.9585773e-01
   7.6612248e-01   7.6612263e-01
   6.6938493e-01   8.5194563e-01
   3.7584639e-01   1.0161826e+00
   6.3203526e-01   8.8001077e-01
   1.7973611e-01   1.0684486e+00
   9.4822344e-01   5.2417540e-01
   1.0245087e+00   3.5251888e-01
   6.9930539e-01   8.2756239e-01
   1.0817001e+00   6.1744175e-02
   8.0197419e-01   7.2850870e-01
   9.5953449e-01   5.0317105e-01
   9.9288248e-01   4.3367260e-01
   8.5979266e-01   6.5927545e-01
   6.6583029e-02   1.0814131e+00
   8.9917416e-01   6.0446122e-01
   8.2756317e-01   6.9930447e-01
   2.6587310e-01   1.0503328e+00
   4.8221323e-01   9.7023602e-01
   1.0149337e+00   3.7920596e-01
   9.4233897e-01   5.3468196e-01
