   1.5518101e-01   2.5861426e-01   8.6204724e-02
   1.5515542e-01   3.4479286e-01   5.1718474e-05
   6.6704493e-02   4.1661962e-01   1.6675884e-02
   2.7585846e-01   1.5517692e-01   6.8964616e-02
   4.9958913e-05   4.1662510e-01   8.3324945e-02
   2.5119877e-01   3.3491041e-02   2.1531019e-01
   2.4122928e-01   1.3801102e-01   1.2075970e-01
   1.3792994e-01   3.1034633e-01   5.1723727e-02
   1.5519934e-01   5.1720195e-02   2.9308046e-01
   1.9640001e-01   5.0586319e-05   3.0354941e-01
   4.9982755e-05   2.8331677e-01   2.1663324e-01
   1.2499701e-01   2.3214989e-01   1.4285310e-01
   3.6205379e-01   5.1729848e-02   8.6216365e-02
   3.1033751e-01   6.8968176e-02   1.2069432e-01
   6.8959075e-02   1.7245052e-01   2.5859040e-01
   1.3793665e-01   1.2068989e-01   2.4137346e-01
   1.0344484e-01   3.2759192e-01   6.8963235e-02
   1.7240488e-02   1.0344683e-01   3.7931269e-01
   3.1663534e-01   4.9984150e-05   1.8331467e-01
   4.9993978e-02   4.4995603e-01   4.9995109e-05
   4.9930596e-05   4.4995496e-01   4.9995112e-02
   2.2413622e-01   1.0344893e-01   1.7241485e-01
   4.9973897e-05   4.9990004e-01   4.9989999e-05
   2.5119529e-01   2.1531124e-01   3.3493477e-02
   1.7856931e-01   1.2500053e-01   1.9643016e-01
   4.1375474e-01   8.6193539e-02   5.1716118e-05
   4.6662312e-01   4.9965546e-05   3.3326911e-02
   4.9948381e-05   3.8329201e-01   1.1665804e-01
   2.0689045e-01   8.6207010e-02   2.0690254e-01
   2.9998158e-01   1.9996842e-01   4.9996915e-05
   1.0344785e-01   8.6206154e-02   3.1034599e-01
   4.9990006e-01   4.9945632e-05   4.9989999e-05
   1.4284846e-01   1.7857105e-01   1.7858048e-01
   4.9914177e-05   8.3325311e-02   4.1662477e-01
   2.2413748e-01   1.8965577e-01   8.6206748e-02
   1.9643162e-01   1.6071528e-01   1.4285310e-01
   3.8330852e-01   6.6680874e-02   5.0010606e-02
   1.7241303e-01   2.9310456e-01   3.4482409e-02
   5.0871297e-05   3.3925091e-01   1.6069822e-01
   5.1722895e-02   3.1034906e-01   1.3792804e-01
   1.5517265e-01   1.7240636e-02   3.2758672e-01
   5.0142194e-02   2.3392792e-01   2.1592989e-01
   5.0000078e-02   5.0000067e-02   3.9999985e-01
   6.8954709e-02   3.4485163e-01   8.6193664e-02
   4.9848340e-05   4.9996915e-02   4.4995324e-01
   2.6663606e-01   4.9947337e-05   2.3331400e-01
   1.2068927e-01   1.0344842e-01   2.7586231e-01
   1.0343466e-01   3.9651362e-01   5.1717293e-05
   3.6203281e-01   1.3791547e-01   5.1718302e-05
   8.6205058e-02   3.4482257e-02   3.7931269e-01
   5.1690637e-05   1.3791679e-01   3.6203152e-01
   4.4994889e-01   5.0001108e-02   5.0001107e-05
   6.8967824e-02   2.7585455e-01   1.5517763e-01
   3.9651072e-01   5.1708862e-05   1.0343758e-01
   1.3791680e-01   5.1677754e-05   3.6203152e-01
   1.0344013e-01   2.0689544e-01   1.8966443e-01
   3.6203151e-01   5.1696184e-05   1.3791679e-01
   3.4482381e-02   3.6206938e-01   1.0344824e-01
   3.4470393e-02   2.9311123e-01   1.7241837e-01
   1.8963707e-01   3.1031121e-01   5.1718535e-05
   6.6665390e-02   4.9813779e-05   4.3328480e-01
   2.1670810e-01   1.6670843e-02   2.6662105e-01
   4.9975559e-05   2.4997531e-01   2.4997471e-01
   9.9990590e-02   4.9988868e-05   3.9995942e-01
   8.6205571e-02   1.3793632e-01   2.7585811e-01
   1.2068894e-01   3.6207072e-01   1.7240337e-02
   1.7857394e-01   2.1428632e-01   1.0713974e-01
   2.7590795e-01   1.2066495e-01   1.0342710e-01
   2.5862005e-01   1.0344872e-01   1.3793123e-01
   1.5517327e-01   1.8965468e-01   1.5517204e-01
   3.4470153e-02   1.5529533e-01   3.1023452e-01
   1.2069318e-01   1.5517134e-01   2.2413548e-01
   8.6205416e-02   2.9310699e-01   1.2068760e-01
   2.5862665e-01   6.8955565e-02   1.7241778e-01
   6.8965964e-02   6.8965949e-02   3.6206809e-01
   2.0690371e-01   2.2413246e-01   6.8963832e-02
   1.8968131e-01   2.5859887e-01   5.1719814e-02
   1.7234931e-02   2.0689989e-01   2.7586518e-01
   1.8027710e-01   6.7333400e-02   2.5238950e-01
   5.1723819e-02   1.2068975e-01   3.2758643e-01
   4.9965884e-05   1.8333351e-01   3.1661652e-01
   5.1726141e-02   3.9654992e-01   5.1723942e-02
   3.4482569e-01   3.4483412e-02   1.2069090e-01
   2.2413853e-01   5.1722147e-02   2.2413932e-01
   4.1662165e-01   3.3351335e-02   5.0027015e-02
   1.2068852e-01   2.7586330e-01   1.0344818e-01
   1.6671954e-02   4.6665671e-01   1.6671332e-02
   3.1033774e-01   1.3793839e-01   5.1723876e-02
   2.9310434e-01   5.1722737e-02   1.5517292e-01
   3.2758490e-01   1.5517457e-01   1.7240529e-02
   8.6205210e-02   2.4138032e-01   1.7241447e-01
   2.4997503e-01   2.4997497e-01   4.9994997e-05
   8.6205888e-02   1.8965480e-01   2.2413931e-01
   4.3329034e-01   4.9966087e-05   6.6659691e-02
   3.2758872e-01   1.0344677e-01   6.8964514e-02
   2.0689969e-01   2.7585978e-01   1.7240529e-02
   1.2068981e-01   5.1723502e-02   3.2758669e-01
   3.6208835e-01   1.0343374e-01   3.4477912e-02
   4.7826816e-05   4.9379600e-05   4.9990279e-01
   3.3331725e-02   1.6650996e-02   4.5001728e-01
