   1.8556916e-01   1.0039759e+00
   5.6960354e-01   8.4732243e-01
   9.5640585e-01   3.5733927e-01
   6.6823274e-01   7.7192519e-01
   1.4309603e-01   1.0109041e+00
   1.0007834e+00   2.0207924e-01
   1.0169331e+00   9.0832138e-02
   9.4648367e-01   3.8284743e-01
   2.6229193e-01   9.8671497e-01
   6.2740083e-02   1.0190521e+00
   1.0141728e+00   1.1771623e-01
   1.0044752e+00   1.8284695e-01
   7.6388571e-01   6.7740838e-01
   5.9558802e-01   8.2926377e-01
   2.2458278e-01   9.9597494e-01
   9.1098847e-01   4.6098103e-01
   5.3352647e-01   8.7049009e-01
   6.2125754e-01   8.1021143e-01
   8.7249995e-01   5.3023329e-01
   4.4455797e-01   9.1911463e-01
   2.4471521e-01   9.9122044e-01
   7.1322841e-01   7.3055372e-01
   9.4117392e-01   3.9572104e-01
   6.0846748e-01   8.1986024e-01
   5.4339563e-01   8.6436374e-01
   7.5572625e-01   6.8649933e-01
   9.7162860e-01   3.1359426e-01
   4.9394669e-01   8.9354360e-01
   3.6686468e-01   9.5279263e-01
   5.5652172e-01   8.5597142e-01
   4.8404694e-01   8.9894497e-01
   8.6642235e-01   5.4010723e-01
   2.9828488e-01   9.7643721e-01
   9.8093159e-01   2.8315491e-01
   1.0103128e-04   1.0209816e+00
   1.0112660e+00   1.4051574e-01
   6.4024948e-01   7.9528869e-01
   8.9535967e-01   4.9064708e-01
   3.1359365e-01   9.7162880e-01
   1.6404701e-01   1.0077163e+00
   6.9550258e-01   7.4744877e-01
   7.7983983e-01   6.5897901e-01
   7.0441288e-01   7.3905750e-01
   8.0776196e-01   6.2443903e-01
   7.4744871e-01   6.9550264e-01
   8.7843258e-01   5.2034575e-01
   7.3905681e-01   7.0441360e-01
   9.1752073e-01   4.4783837e-01
   8.2693620e-01   5.9881551e-01
   5.1374869e-01   8.8230708e-01
   9.6649446e-01   3.2907742e-01
   9.9723827e-01   2.1890484e-01
   1.0081442e+00   1.6139652e-01
   9.2380275e-01   4.3473207e-01
   2.8015272e-01   9.8179323e-01
   9.0592206e-01   4.7085955e-01
   9.8512177e-01   2.6821371e-01
   3.7964086e-01   9.4777440e-01
   7.2194282e-01   7.2194326e-01
   6.4964976e-01   7.8762852e-01
   9.6102761e-01   3.4471645e-01
   1.0209816e+00   1.0141215e-04
   4.3146113e-01   9.2533496e-01
   8.5383262e-01   5.5979760e-01
   8.8422014e-01   5.1044905e-01
   8.1747117e-01   6.1167343e-01
   7.9781277e-01   6.3710147e-01
   8.3615323e-01   5.8587650e-01
   9.0071282e-01   4.8074933e-01
   6.8649929e-01   7.5572629e-01
   8.4512019e-01   5.7286591e-01
   3.4157545e-01   9.6214849e-01
   8.6019918e-01   5.4996443e-01
   9.9332263e-01   2.3603737e-01
   2.0486354e-01   1.0002172e+00
   9.5155987e-01   3.7005041e-01
   5.0384878e-01   8.8799769e-01
   7.8763003e-01   6.4964793e-01
   9.7643726e-01   2.9828472e-01
   7.7192515e-01   6.6823278e-01
   6.5897856e-01   7.7984021e-01
   4.0542260e-01   9.3703576e-01
   9.3235598e-02   1.0167156e+00
   5.2364336e-01   8.7647084e-01
   3.2907415e-01   9.6649558e-01
   3.5417262e-01   9.5758302e-01
   4.5769477e-01   9.1264396e-01
   3.9249640e-01   9.4252325e-01
   7.3055350e-01   7.1322863e-01
   5.8263008e-01   8.3841856e-01
   9.3562649e-01   4.0866438e-01
   1.0191899e+00   6.0460051e-02
   6.7740756e-01   7.6388644e-01
   8.8986253e-01   5.0054787e-01
   9.2983720e-01   4.2167082e-01
   4.7085924e-01   9.0592222e-01
   6.3078413e-01   8.0281684e-01
   4.1841365e-01   9.3130742e-01
   9.8901881e-01   2.5346655e-01
   1.2021217e-01   1.0138799e+00
