   5.5609730e-02   3.9165608e+00
   2.0563601e-01   3.6024422e+00
   3.9853725e-02   3.9455262e+00
   8.5374013e-01   2.3082613e+00
   1.9814638e-01   3.6123643e+00
   2.2855386e-01   3.5806804e+00
   1.5388876e-01   3.6933371e+00
   8.1317192e-01   2.3882924e+00
   2.4437002e-01   3.5739130e+00
   1.6123689e-01   3.6777373e+00
   2.2082368e-01   3.5864987e+00
   8.1720686e-01   2.3750071e+00
   4.7750476e-02   3.9314781e+00
   8.5940131e-01   2.3070044e+00
   8.4089009e-01   2.3203516e+00
   7.8793923e-01   2.4951397e+00
   8.3048986e-01   2.3393185e+00
   7.7807207e-01   2.5470213e+00
   7.9986948e-03   3.9913989e+00
   1.3176039e-01   3.7435454e+00
   6.9482813e-01   3.1229113e+00
   7.4041832e-01   2.7853757e+00
   1.2433380e-01   3.7610978e+00
   1.3915740e-01   3.7263362e+00
   8.0183966e-01   2.4313842e+00
   7.1498949e-01   2.9705222e+00
   2.3966564e-02   3.9706658e+00
   6.7308392e-01   3.2862320e+00
   7.3729285e-01   2.8073849e+00
   6.4899747e-01   3.4585801e+00
   1.7593766e-01   3.6487959e+00
   7.0506781e-01   3.0452870e+00
   6.3428654e-02   3.9008720e+00
   7.6534417e-01   2.6211345e+00
   2.3639561e-01   3.5764457e+00
   7.4975311e-01   2.7213264e+00
   7.3415778e-01   2.8297131e+00
   8.0927966e-01   2.4021475e+00
   1.6858300e-01   3.6628615e+00
   7.9475626e-01   2.4624410e+00
   7.9131894e-01   2.4785941e+00
   6.4468596e-01   3.4879161e+00
   7.3100946e-01   2.8523688e+00
   7.5597067e-01   2.6802589e+00
   7.7166269e-01   2.5833918e+00
   7.2784568e-01   2.8753506e+00
   1.4653050e-01   3.7095698e+00
   7.4353429e-01   2.7637022e+00
   6.9828122e-01   3.0967238e+00
   1.8330853e-01   3.6356331e+00
   7.6849449e-01   2.6020915e+00
   6.4027465e-01   3.5173493e+00
   6.8055000e-01   3.2306557e+00
   7.5286082e-01   2.7006278e+00
   1.5989567e-02   3.9816099e+00
   1.0183037e-01   3.8147669e+00
   8.6611481e-02   3.8502823e+00
   8.0550784e-01   2.4165252e+00
   6.3575573e-01   3.5468493e+00
   7.1201795e-02   3.8845237e+00
   8.3547860e-01   2.3292136e+00
   7.2466410e-01   2.8986579e+00
   7.8930381e-02   3.8676208e+00
   6.6536017e-01   3.3428325e+00
   7.8132193e-01   2.5293641e+00
   7.9825960e-01   2.4466985e+00
   2.1319060e-01   3.5937868e+00
   7.6220917e-01   2.6405107e+00
   6.8778908e-01   3.1761926e+00
   7.0169345e-01   3.0708483e+00
   6.5321499e-01   3.4293773e+00
   8.2582360e-01   2.3504204e+00
   1.0937259e-01   3.7968167e+00
   9.4242471e-02   3.8326304e+00
   2.5141165e-01   3.5731943e+00
   7.1171312e-01   2.9951228e+00
   7.4664525e-01   2.7423508e+00
   6.8419590e-01   3.2032822e+00
   7.1823864e-01   2.9462427e+00
   1.1687257e-01   3.7788904e+00
   6.5734432e-01   3.4003363e+00
   6.6139083e-01   3.3714823e+00
   7.7485383e-01   2.5650331e+00
   8.4688344e-01   2.3131297e+00
   7.0840689e-01   3.0200438e+00
   1.9070829e-01   3.6234581e+00
   3.1923631e-02   3.9586157e+00
   7.2146274e-01   2.9222874e+00
   6.7684707e-01   3.2583104e+00
   7.8460912e-01   2.5120667e+00
   8.2141200e-01   2.3623552e+00
   3.9946609e-04   3.9995990e+00
   6.6925625e-01   3.3144114e+00
   6.9133198e-01   3.1494010e+00
   7.5908554e-01   2.6602208e+00
   6.5304878e-01   3.4305372e+00
   6.9641422e-01   3.1108841e+00
   6.7934950e-01   3.2396392e+00
   7.6962788e-01   2.5953489e+00
   1.9899336e-01   3.6111778e+00
