   7.2149548e-01   8.4018379e-01
   6.0010361e-01   9.3077397e-01
   3.6371332e-01   1.0460292e+00
   1.0361223e+00   3.9104371e-01
   1.0948708e+00   1.6650084e-01
   4.1179671e-01   1.0280506e+00
   1.0980453e+00   1.4408693e-01
   8.8410243e-01   6.6695384e-01
   3.3016884e-01   1.0570965e+00
   4.5385302e-01   1.0101891e+00
   9.3980809e-01   5.8585431e-01
   1.0743929e+00   2.6859706e-01
   2.0128563e-01   1.0890127e+00
   6.4252709e-01   9.0201079e-01
   5.2146848e-01   9.7700315e-01
   1.5801902e-01   1.0961271e+00
   4.8221292e-01   9.9696300e-01
   1.3311456e-01   1.0994294e+00
   8.4304538e-01   7.1814971e-01
   4.9645971e-01   9.8994560e-01
   5.3220315e-01   9.7119737e-01
   4.2574070e-01   1.0223548e+00
   7.4136904e-01   8.2270072e-01
   1.0873275e+00   2.1019879e-01
   7.5116686e-01   8.1376463e-01
   1.0003707e+00   4.7510313e-01
   7.7995264e-01   7.8621779e-01
   8.6810909e-01   6.8764172e-01
   1.0591413e+00   3.2354932e-01
   9.6523370e-01   5.4294422e-01
   1.0308036e+00   4.0485622e-01
   2.8130807e-01   1.0711351e+00
   1.1056588e+00   6.3113023e-02
   1.0133288e+00   4.4679899e-01
   2.4360354e-01   1.0803341e+00
   1.0640162e+00   3.0713855e-01
   1.0539253e+00   3.4015598e-01
   2.6229572e-01   1.0759486e+00
   3.1367907e-01   1.0621064e+00
   8.7617952e-01   6.7732856e-01
   9.0450182e-01   6.3901563e-01
   9.5283556e-01   5.6441910e-01
   1.0069833e+00   4.6092214e-01
   1.0830295e+00   2.3132591e-01
   6.8077425e-01   8.7350498e-01
   9.9850140e-05   1.1074586e+00
   8.5153978e-01   7.0805687e-01
   3.4685067e-01   1.0517410e+00
   8.9443590e-01   6.5303059e-01
   9.7119681e-01   5.3220418e-01
   1.0374175e-01   1.1025889e+00
   7.6086657e-01   8.0470279e-01
   8.5989521e-01   6.9788592e-01
   1.1035168e+00   9.3355208e-02
   5.4294407e-01   9.6523379e-01
   3.8074632e-01   1.0399504e+00
   6.2845272e-01   9.1187264e-01
   9.9348893e-01   4.8933044e-01
   9.4640049e-01   5.7514403e-01
   1.8082532e-01   1.0925963e+00
   4.6800579e-01   1.0037107e+00
   7.0128474e-01   8.5712557e-01
   8.2565122e-01   7.3808170e-01
   6.1430580e-01   9.2146238e-01
   6.5652087e-01   8.9187717e-01
   1.0483571e+00   3.5694808e-01
   7.8932980e-01   7.7680306e-01
   1.1074586e+00   1.1011335e-04
   3.9793850e-01   1.0334938e+00
   8.0773689e-01   7.5764480e-01
   7.9859345e-01   7.6727637e-01
   7.7046330e-01   7.9551923e-01
   6.8056960e-02   1.1053654e+00
   1.0194106e+00   4.3274298e-01
   2.9738910e-01   1.0667822e+00
   6.7041827e-01   8.8147823e-01
   1.0252350e+00   4.1875725e-01
   9.8633411e-01   5.0359662e-01
   7.1143006e-01   8.4872363e-01
   7.3147631e-01   8.3150883e-01
   8.1675773e-01   7.4791131e-01
   1.0694316e+00   2.8771610e-01
   1.0911189e+00   1.8953645e-01
   4.3976164e-01   1.0164026e+00
   5.1074127e-01   9.8265349e-01
   9.3305775e-01   5.9654652e-01
   1.1009796e+00   1.1961798e-01
   1.0424264e+00   3.7391409e-01
   5.6441938e-01   9.5283539e-01
   1.0789189e+00   2.4979683e-01
   5.5368413e-01   9.5911334e-01
   9.1429568e-01   6.2492234e-01
   8.3441477e-01   7.2815969e-01
   2.2221611e-01   1.0849353e+00
   6.9106440e-01   8.6538692e-01
   9.5911271e-01   5.5368524e-01
   5.8585502e-01   9.3980765e-01
   9.7890300e-01   5.1789328e-01
   5.7514446e-01   9.4640022e-01
   9.2381533e-01   6.1076162e-01
