   1.9792709e-01   9.8021674e-01
   6.5450066e-01   7.5606143e-01
   8.7872345e-01   4.7733122e-01
   5.2256230e-01   8.5260111e-01
   9.1914525e-01   3.9391877e-01
   7.0710671e-01   7.0710685e-01
   6.3629906e-01   7.7144249e-01
   7.5082548e-01   6.6050064e-01
   1.5807589e-01   9.8742697e-01
   6.7239094e-01   7.4019621e-01
   8.5061664e-01   5.2578640e-01
   5.9213396e-02   9.9824535e-01
   8.3837947e-01   5.4508702e-01
   5.5469914e-01   8.3205100e-01
   1.0000000e+00   9.8463821e-05
   7.1554206e-01   6.9856965e-01
   2.9215421e-01   9.5637123e-01
   6.6348722e-01   7.4818761e-01
   2.1718295e-01   9.7613092e-01
   8.8969622e-02   9.9603434e-01
   1.3762928e-01   9.9048381e-01
   8.0067122e-01   5.9910400e-01
   8.7338635e-01   4.8702800e-01
   6.8993759e-01   7.2386886e-01
   3.9075213e-01   9.2049594e-01
   8.3205028e-01   5.5470021e-01
   9.7966240e-01   2.0065290e-01
   4.7409987e-01   8.8047107e-01
   2.3684464e-01   9.7154754e-01
   9.4868326e-01   3.1622787e-01
   4.4184994e-01   8.9708897e-01
   8.5652241e-01   5.1610984e-01
   7.2386947e-01   6.8993694e-01
   1.7908976e-01   9.8383274e-01
   6.2709173e-01   7.7894542e-01
   5.4187506e-01   8.4045905e-01
   5.8018196e-01   8.1448689e-01
   8.2557951e-01   5.6428581e-01
   3.7812341e-01   9.2575520e-01
   9.0177291e-01   4.3221015e-01
   5.9281665e-01   8.0533746e-01
   8.4456878e-01   5.3544708e-01
   8.6790660e-01   4.9672742e-01
   4.1620218e-01   9.0927209e-01
   9.6327063e-01   2.6853250e-01
   9.8939745e-01   1.4523318e-01
   6.1782133e-01   7.8631851e-01
   7.3208918e-01   6.8120880e-01
   2.5690079e-01   9.6643778e-01
   8.8391949e-01   4.6763910e-01
   9.8340613e-05   1.0000000e+00
   9.2954719e-01   3.6870316e-01
   9.3440602e-01   3.5620976e-01
   9.3904189e-01   3.4380275e-01
   9.4346070e-01   3.3148439e-01
   8.8897462e-01   4.5795647e-01
   2.7439517e-01   9.6161702e-01
   7.6124214e-01   6.4846773e-01
   3.0715245e-01   9.5166033e-01
   9.5816804e-01   2.8620622e-01
   4.6441096e-01   8.8561982e-01
   9.7223369e-01   2.3401207e-01
   8.9549656e-01   4.4506842e-01
   3.3763176e-01   9.4127828e-01
   7.8141709e-01   6.2400908e-01
   5.3222841e-01   8.4660080e-01
   9.5358253e-01   3.0113178e-01
   3.5309941e-01   9.3558581e-01
   9.8334425e-01   1.8175279e-01
   4.0344633e-01   9.1500331e-01
   9.0780345e-01   4.1939586e-01
   9.9644081e-01   8.4295422e-02
   5.1288431e-01   8.5845774e-01
   1.1529680e-01   9.9333109e-01
   4.2900189e-01   9.0330359e-01
   8.6228583e-01   5.0642191e-01
   6.4543652e-01   7.6381392e-01
   8.1896909e-01   5.7383764e-01
   5.6747246e-01   8.2339237e-01
   7.4019545e-01   6.7239178e-01
   4.9349488e-01   8.6974870e-01
   9.8657980e-01   1.6327981e-01
   3.2231192e-01   9.4663352e-01
   9.9182371e-01   1.2761557e-01
   3.6557206e-01   9.3078304e-01
   7.9116158e-01   6.1160719e-01
   9.9414982e-01   1.0800985e-01
   6.8120962e-01   7.3208842e-01
   8.0994281e-01   5.8650887e-01
   4.5473173e-01   8.9062846e-01
   9.9837501e-01   5.6985345e-02
   6.0536823e-01   7.9594554e-01
   9.6795278e-01   2.5113226e-01
   5.0319175e-01   8.6417479e-01
   9.7613101e-01   2.1718251e-01
   9.2446179e-01   3.8127469e-01
   7.7144257e-01   6.3629896e-01
   6.9857039e-01   7.1554134e-01
   9.1359276e-01   4.0663039e-01
   4.8379646e-01   8.7518055e-01
