   1.9800095e-01   3.0199905e-01
   4.4299996e-01   5.7000035e-02
   1.4799997e-01   3.5200003e-01
   8.6001697e-02   4.1399830e-01
   4.3300006e-01   6.6999940e-02
   4.2299984e-01   7.7000164e-02
   2.9700015e-01   2.0299985e-01
   2.6700000e-01   2.3300000e-01
   9.4000379e-02   4.0599962e-01
   1.6800098e-01   3.3199902e-01
   4.4800001e-01   5.1999994e-02
   3.6799936e-01   1.3200064e-01
   3.7300001e-01   1.2699999e-01
   4.9496649e-05   4.9995050e-01
   3.5800020e-01   1.4199980e-01
   4.7799996e-01   2.2000039e-02
   3.2300015e-01   1.7699985e-01
   2.1000002e-01   2.8999998e-01
   2.3199966e-01   2.6800034e-01
   1.2800013e-01   3.7199987e-01
   2.0400014e-01   2.9599986e-01
   2.2699948e-01   2.7300052e-01
   3.9000044e-01   1.0999956e-01
   1.5300000e-01   3.4700000e-01
   3.8400015e-01   1.1599985e-01
   4.9995023e-01   4.9774018e-05
   4.1299979e-01   8.7000214e-02
   3.2799947e-01   1.7200053e-01
   4.6800022e-01   3.1999775e-02
   2.6200069e-01   2.3799931e-01
   3.0299983e-01   1.9700017e-01
   9.7999860e-02   4.0200014e-01
   4.9400017e-01   5.9998281e-03
   1.1299986e-01   3.8700014e-01
   1.2299990e-01   3.7700010e-01
   1.3299992e-01   3.6700008e-01
   1.4998071e-02   4.8500193e-01
   1.5800015e-01   3.4199985e-01
   1.8300023e-01   3.1699977e-01
   5.6999881e-02   4.4300012e-01
   2.4699995e-01   2.5300005e-01
   1.8800026e-01   3.1199974e-01
   1.0299957e-01   3.9700043e-01
   4.5299984e-01   4.7000161e-02
   2.5699986e-01   2.4300014e-01
   4.8800044e-01   1.1999565e-02
   3.3799994e-01   1.6200006e-01
   3.6299997e-01   1.3700003e-01
   4.3800025e-01   6.1999755e-02
   2.3699997e-01   2.6300003e-01
   3.5300000e-01   1.4700000e-01
   1.1799969e-01   3.8200031e-01
   6.7000078e-02   4.3299992e-01
   3.1799960e-01   1.8200040e-01
   1.8999515e-02   4.8100048e-01
   1.0799991e-01   3.9200009e-01
   2.8699996e-01   2.1300004e-01
   4.0799975e-01   9.2000248e-02
   3.3300017e-01   1.6699983e-01
   7.7000255e-02   4.2299974e-01
   2.4200008e-01   2.5799992e-01
   1.7800006e-01   3.2199994e-01
   1.4300000e-01   3.5700000e-01
   1.7300030e-01   3.2699970e-01
   2.5199978e-01   2.4800022e-01
   1.6300041e-01   3.3699959e-01
   3.1300003e-01   1.8699997e-01
   4.2799992e-01   7.2000081e-02
   8.9999864e-02   4.1000014e-01
   4.8300039e-01   1.6999615e-02
   4.1800000e-01   8.1999997e-02
   3.8000865e-02   4.6199913e-01
   4.5799982e-01   4.2000175e-02
   6.2000024e-02   4.3799998e-01
   1.3799963e-01   3.6200037e-01
   4.0200020e-01   9.7999797e-02
   2.9200000e-01   2.0800000e-01
   2.2199997e-01   2.7800003e-01
   3.4799990e-01   1.5200010e-01
   3.7800047e-01   1.2199953e-01
   1.9300009e-01   3.0699991e-01
   3.0799920e-01   1.9200080e-01
   2.8200011e-01   2.1799989e-01
   4.7300003e-01   2.6999969e-02
   2.8997295e-02   4.7100271e-01
   4.6299994e-01   3.7000064e-02
   3.3000188e-02   4.6699981e-01
   4.2996695e-02   4.5700331e-01
   2.7699983e-01   2.2300017e-01
   2.7199982e-01   2.2800018e-01
   3.4300006e-01   1.5699994e-01
   3.9600026e-01   1.0399974e-01
   2.3998860e-02   4.7600114e-01
   2.1600044e-01   2.8399956e-01
   8.1999723e-02   4.1800028e-01
   9.9984350e-03   4.9000157e-01
   4.9993735e-03   4.9500063e-01
   4.7999991e-02   4.5200001e-01
   5.2995886e-02   4.4700411e-01
   7.2000022e-02   4.2799998e-01
