   9.0927395e-01   4.1619812e-01
   5.5470029e-01   8.3205023e-01
   8.1897102e-01   5.7383488e-01
   9.9603435e-01   8.8969517e-02
   8.2775206e-01   5.6109404e-01
   8.0301307e-01   5.9596141e-01
   5.4187546e-01   8.4045880e-01
   7.2662103e-01   6.8703848e-01
   8.9062856e-01   4.5473153e-01
   3.2231281e-01   9.4663322e-01
   9.3078308e-01   3.6557196e-01
   1.8711246e-01   9.8233850e-01
   5.9281739e-01   8.0533691e-01
   5.0319249e-01   8.6417436e-01
   9.5166087e-01   3.0715075e-01
   7.5082558e-01   6.6050053e-01
   1.0000000e+00   9.5301681e-05
   7.3480320e-01   6.7828036e-01
   1.6589144e-01   9.8614402e-01
   5.8018266e-01   8.1448639e-01
   7.5865992e-01   6.5148686e-01
   9.9333117e-01   1.1529606e-01
   6.8412885e-01   7.2936117e-01
   3.6557308e-01   9.3078264e-01
   5.1288149e-01   8.5845942e-01
   7.7395761e-01   6.3323741e-01
   5.6746962e-01   8.2339433e-01
   6.6646367e-01   7.4553751e-01
   4.7410026e-01   8.8047086e-01
   9.1500365e-01   4.0344557e-01
   8.7518063e-01   4.8379630e-01
   8.0994324e-01   5.8650826e-01
   6.7534049e-01   7.3750608e-01
   4.1619844e-01   9.0927381e-01
   9.1318412e-02   9.9582174e-01
   7.0142745e-01   7.1274086e-01
   3.5309968e-01   9.3558571e-01
   9.8742655e-01   1.5807848e-01
   7.6637061e-01   6.4239869e-01
   6.0223711e-01   7.9831727e-01
   8.8047105e-01   4.7409991e-01
   6.5750411e-01   7.5345096e-01
   4.9349410e-01   8.6974914e-01
   9.7310824e-05   1.0000000e+00
   4.8379574e-01   8.7518094e-01
   9.4127804e-01   3.3763243e-01
   6.1160726e-01   7.9116153e-01
   4.5473203e-01   8.9062831e-01
   2.7733360e-01   9.6077368e-01
   6.3016831e-01   7.7645856e-01
   2.5979734e-01   9.6566316e-01
   9.7966215e-01   2.0065412e-01
   2.9215640e-01   9.5637055e-01
   9.0330328e-01   4.2900255e-01
   6.1449866e-02   9.9811017e-01
   5.2256326e-01   8.5260051e-01
   8.6974825e-01   4.9349568e-01
   7.9594688e-01   6.0536647e-01
   9.9824531e-01   5.9213967e-02
   7.4287239e-01   6.6943306e-01
   7.8141702e-01   6.2400917e-01
   6.2091880e-01   7.8387489e-01
   5.3222839e-01   8.4660081e-01
   4.6441130e-01   8.8561964e-01
   9.7550712e-01   2.1996785e-01
   9.6077279e-01   2.7733670e-01
   6.4846639e-01   7.6124329e-01
   3.7812547e-01   9.2575436e-01
   9.4663370e-01   3.2231140e-01
   8.9708909e-01   4.4184971e-01
   9.9048389e-01   1.3762870e-01
   2.0612959e-01   9.7852470e-01
   1.1774009e-01   9.9304445e-01
   2.4253491e-01   9.7014268e-01
   9.2575530e-01   3.7812316e-01
   7.0992998e-01   7.0427227e-01
   7.8874796e-01   6.1471673e-01
   8.6417426e-01   5.0319266e-01
   6.9282602e-01   7.2110478e-01
   3.0715072e-01   9.5166088e-01
   9.7085136e-01   2.3968235e-01
   6.3935299e-01   7.6891336e-01
   3.9075235e-01   9.2049584e-01
   8.5845973e-01   5.1288098e-01
   9.6566322e-01   2.5979712e-01
   9.3558514e-01   3.5310118e-01
   2.2556027e-01   9.7422921e-01
   7.1832823e-01   6.9570436e-01
   8.8562017e-01   4.6441029e-01
   1.4268361e-01   9.8976835e-01
   9.2049564e-01   3.9075282e-01
   4.2900243e-01   9.0330333e-01
   9.5637087e-01   2.9215538e-01
   4.0344616e-01   9.1500339e-01
   8.3628625e-01   5.4829309e-01
   8.5260091e-01   5.2256262e-01
   4.4184981e-01   8.9708904e-01
   3.3763292e-01   9.4127786e-01
   8.4456935e-01   5.3544619e-01
   9.8383271e-01   1.7908989e-01
