   9.1216878e-01   4.0981473e-01
   3.4689667e-01   9.3790336e-01
   5.8334778e-01   8.1222249e-01
   9.7085038e-01   2.3968634e-01
   9.3904183e-01   3.4380291e-01
   8.3205079e-01   5.5469946e-01
   9.9603483e-01   8.8964160e-02
   2.2556029e-01   9.7422921e-01
   9.7794113e-01   2.0888068e-01
   9.7355884e-05   1.0000000e+00
   9.4453026e-01   3.2842440e-01
   8.6623703e-02   9.9624110e-01
   5.7065605e-01   8.2118918e-01
   9.5452471e-01   2.9813182e-01
   2.0887949e-01   9.7794139e-01
   8.0533796e-01   5.9281596e-01
   9.8478362e-01   1.7378501e-01
   6.9282634e-01   7.2110447e-01
   3.7498010e-01   9.2703286e-01
   9.0631885e-01   4.2259453e-01
   7.8141741e-01   6.2400868e-01
   8.8047088e-01   4.7410023e-01
   4.0026582e-01   9.1639908e-01
   7.0142774e-01   7.1274058e-01
   9.6720145e-01   2.5401053e-01
   6.0223791e-01   7.9831666e-01
   1.7114587e-01   9.8524570e-01
   8.4045921e-01   5.4187482e-01
   6.6646423e-01   7.4553701e-01
   4.1300565e-01   9.1072846e-01
   9.7422936e-01   2.2555964e-01
   1.1043115e-01   9.9388378e-01
   8.4861767e-01   5.2900666e-01
   1.5291510e-01   9.8823933e-01
   9.9824519e-01   5.9215993e-02
   5.4508551e-01   8.3838045e-01
   5.6987683e-02   9.9837488e-01
   4.8379623e-01   8.7518067e-01
   8.5652253e-01   5.1610963e-01
   6.7534113e-01   7.3750549e-01
   8.2339249e-01   5.6747230e-01
   7.5865904e-01   6.5148788e-01
   5.0319128e-01   8.6417506e-01
   4.6441162e-01   8.8561947e-01
   4.3863631e-01   8.9866467e-01
   9.1777958e-01   3.9709022e-01
   2.7146283e-01   9.6244892e-01
   9.6327050e-01   2.6853294e-01
   7.5082535e-01   6.6050079e-01
   9.2315420e-01   3.8442987e-01
   7.9594665e-01   6.0536677e-01
   6.3016771e-01   7.7645905e-01
   8.8730445e-01   4.6118415e-01
   7.2662151e-01   6.8703798e-01
   9.8783703e-01   1.5549278e-01
   2.5690158e-01   9.6643757e-01
   9.9083157e-01   1.3510295e-01
   3.3148594e-01   9.4346016e-01
   3.0112927e-01   9.5358333e-01
   2.8620552e-01   9.5816825e-01
   4.9349444e-01   8.6974895e-01
   7.7395797e-01   6.3323697e-01
   4.2579691e-01   9.0481876e-01
   6.5750538e-01   7.5344985e-01
   1.0000000e+00   9.9832394e-05
   5.9281592e-01   8.0533800e-01
   1.8980268e-01   9.8182226e-01
   4.5150864e-01   8.9226675e-01
   9.8129638e-01   1.9250303e-01
   9.4968895e-01   3.1319466e-01
   9.5904871e-01   2.8324119e-01
   7.3480327e-01   6.7828029e-01
   3.1622768e-01   9.4868333e-01
   8.1448591e-01   5.8018333e-01
   7.1832907e-01   6.9570349e-01
   5.2256336e-01   8.5260045e-01
   7.4287460e-01   6.6943060e-01
   6.1160708e-01   7.9116166e-01
   9.2829665e-01   3.7184047e-01
   8.7338544e-01   4.8702964e-01
   9.9361174e-01   1.1285256e-01
   8.6417601e-01   5.0318965e-01
   9.3321194e-01   3.5932642e-01
   3.6244678e-01   9.3200447e-01
   7.0992861e-01   7.0427365e-01
   5.3222825e-01   8.4660090e-01
   8.9388963e-01   4.4828711e-01
   2.4253527e-01   9.7014259e-01
   6.3935259e-01   7.6891369e-01
   5.5789820e-01   8.2990939e-01
   5.1288150e-01   8.5845942e-01
   9.0022683e-01   4.3542123e-01
   3.8758839e-01   9.2183254e-01
   7.6637049e-01   6.4239884e-01
   6.8412968e-01   7.2936039e-01
   4.7410080e-01   8.8047057e-01
   1.3260447e-01   9.9116903e-01
   6.2091856e-01   7.8387508e-01
   7.8874795e-01   6.1471675e-01
   6.4846680e-01   7.6124294e-01
