   5.8114819e-04   1.9373109e-01   5.6182218e+00
   1.6666101e-01   8.3333530e-01   4.0000074e+00
   1.9611174e-01   8.5940085e-01   3.9222842e+00
   5.1673670e-04   8.5940085e-01   4.3064851e+00
   8.5940085e-01   7.7819123e-01   2.8533687e+00
   1.9373091e-01   5.8116534e-04   5.6182221e+00
   8.4522667e-01   2.5141183e-01   3.8880454e+00
   7.2001188e-01   8.5940085e-01   3.2400535e+00
   6.3612226e-01   6.3612574e-01   5.0889418e+00
   2.5141183e-01   2.5141183e-01   5.1463887e+00
   8.5940085e-01   1.7951076e-01   3.9492965e+00
   6.5596118e-01   8.5940085e-01   3.7171154e+00
   8.5940085e-01   8.2843944e-01   2.6510066e+00
   6.9131109e-01   8.5940085e-01   3.4565636e+00
   8.5940085e-01   7.0532878e-01   3.3503163e+00
   7.3400282e-01   2.5141184e-01   4.4040173e+00
   8.5940085e-01   2.0575206e-01   3.9093031e+00
   8.5940085e-01   1.1740425e-03   4.3058173e+00
   8.5940085e-01   3.2275988e-03   4.3036786e+00
   1.7951313e-01   8.5940085e-01   3.9492923e+00
   1.9937503e-01   2.5141183e-01   5.1838428e+00
   2.4258170e-01   8.5940085e-01   3.8813276e+00
   6.7819418e-01   8.4775595e-01   3.5605768e+00
   1.8772955e-01   1.8772986e-01   5.2564550e+00
   2.5141183e-01   8.5940085e-01   3.8801987e+00
   7.7819094e-01   8.5940085e-01   2.8533703e+00
   2.5141183e-01   5.9705607e-04   5.5725939e+00
   5.9987464e-04   5.9984943e-04   5.9987935e+00
   8.5940085e-01   6.4495323e-03   4.3001630e+00
   2.5141183e-01   1.9937420e-01   5.1838439e+00
   2.5141183e-01   8.4522611e-01   3.8880460e+00
   2.5825223e-03   8.5940085e-01   4.3043590e+00
   8.5940085e-01   1.9611368e-01   3.9222814e+00
   8.5940085e-01   2.1521853e-03   4.3048085e+00
   8.5940085e-01   8.5940085e-01   2.6140087e+00
   8.3333593e-01   1.6665741e-01   4.0000133e+00
   5.9703987e-04   2.5141183e-01   5.5725939e+00
   2.1652356e-01   8.5940085e-01   3.8974245e+00
   8.5940085e-01   1.7228770e-01   3.9626707e+00
   8.5940085e-01   7.2001128e-01   3.2400579e+00
   7.1541042e-01   7.1540851e-01   3.9347538e+00
   1.4351574e-03   8.5940085e-01   4.3055498e+00
   6.7335532e-01   8.5940085e-01   3.5912295e+00
   7.2530009e-01   1.8130219e-01   4.5331018e+00
   7.7686663e-01   7.7686712e-01   3.1074123e+00
   1.2875870e-02   8.5940085e-01   4.2925698e+00
   8.5940085e-01   2.2868062e-01   3.8876028e+00
   8.5940085e-01   7.3561018e-01   3.1263433e+00
   7.8398080e-01   8.5940085e-01   2.8223327e+00
   6.4499520e-03   8.5940085e-01   4.3001626e+00
   8.5940085e-01   2.4258291e-01   3.8813273e+00
   8.5940085e-01   2.1652229e-01   3.8974257e+00
   1.9236857e-01   2.5141183e-01   5.1940735e+00
   2.5141183e-01   1.9236544e-01   5.1940783e+00
   8.5940085e-01   1.2877674e-02   4.2925676e+00
   5.3549290e-04   7.3835760e-01   4.7993197e+00
   8.5940085e-01   7.6735404e-01   2.9159389e+00
   8.5940085e-01   7.8398088e-01   2.8223322e+00
   8.5940085e-01   2.5141183e-01   3.8801987e+00
   8.5940085e-01   1.8741584e-01   3.9357449e+00
   8.5940085e-01   4.3021271e-03   4.3025278e+00
   6.3890238e-01   8.5939965e-01   3.8333836e+00
   4.3019122e-03   8.5940085e-01   4.3025281e+00
   8.5940086e-01   7.1013987e-01   3.3139751e+00
   1.8132153e-01   7.2529530e-01   4.5331030e+00
   8.1093925e-01   8.5940086e-01   2.7031210e+00
   8.4774269e-01   6.7820597e-01   3.5605009e+00
   7.7131420e-01   8.5940085e-01   2.8924304e+00
   2.5100480e-01   7.3400544e-01   4.4040008e+00
   8.5940085e-01   8.2137478e-01   2.6694662e+00
   1.7228946e-01   8.5940085e-01   3.9626673e+00
   7.3561003e-01   8.5940085e-01   3.1263444e+00
   7.3836049e-01   5.2136710e-04   4.7993137e+00
   8.5940085e-01   7.9325804e-01   2.7764011e+00
   7.5250304e-01   8.5940085e-01   3.0099980e+00
   8.5940086e-01   5.1676616e-04   4.3064851e+00
   6.6460430e-01   8.5940085e-01   3.6553174e+00
   1.8741619e-01   8.5940085e-01   3.9357443e+00
   8.5940085e-01   8.0345430e-01   2.7317429e+00
   7.1013916e-01   8.5940085e-01   3.3139804e+00
   2.0575263e-01   8.5940085e-01   3.9093024e+00
   8.2137453e-01   8.5940085e-01   2.6694669e+00
   7.3028960e-01   8.5940085e-01   3.1645841e+00
   8.0345466e-01   8.5940085e-01   2.7317414e+00
   8.2843982e-01   8.5940086e-01   2.6510057e+00
   8.5940086e-01   6.9131204e-01   3.4565564e+00
   7.0533016e-01   8.5939818e-01   3.3503059e+00
   2.5165036e-01   7.4842997e-01   4.3034339e+00
   8.5940085e-01   6.6460325e-01   3.6553250e+00
   8.5940085e-01   8.1093788e-01   2.7031259e+00
   8.5940085e-01   6.3890015e-01   3.8333982e+00
   8.5940086e-01   7.3028987e-01   3.1645821e+00
   8.5929827e-01   7.7131491e-01   2.8924266e+00
   8.5940085e-01   6.5596152e-01   3.7171130e+00
   8.5940085e-01   7.5250177e-01   3.0100064e+00
   7.9325823e-01   8.5940085e-01   2.7764002e+00
   2.2867999e-01   8.5940085e-01   3.8876032e+00
   8.5940085e-01   6.7335595e-01   3.5912248e+00
   7.4842909e-01   2.5142591e-01   4.3034390e+00
   7.6735415e-01   8.5940085e-01   2.9159382e+00
