   2.6446160e-01   1.0447555e+00
   5.3532645e-01   9.3535000e-01
   8.1199892e-01   7.0859847e-01
   1.0732049e+00   9.8413709e-02
   5.4577594e-01   9.2929148e-01
   7.9481657e-01   7.2781911e-01
   8.6791786e-01   6.3888388e-01
   5.0049883e-01   9.5443961e-01
   2.4308818e-01   1.0499344e+00
   3.7719376e-01   1.0095439e+00
   9.3334756e-01   5.3881015e-01
   6.3208590e-01   8.7288112e-01
   5.6664398e-01   9.1671622e-01
   8.5264095e-01   6.5913387e-01
   9.1456044e-01   5.7011687e-01
   3.3101778e-01   1.0256126e+00
   1.7878141e-01   1.0627753e+00
   3.1485777e-01   1.0306884e+00
   9.7674688e-01   4.5543339e-01
   7.3098705e-01   7.9190402e-01
   8.2039813e-01   6.9885688e-01
   2.9888776e-01   1.0354323e+00
   9.8305113e-01   4.4166107e-01
   7.5900064e-01   7.6509611e-01
   6.1842791e-01   8.8261031e-01
   7.8603782e-01   7.3729139e-01
   8.7777874e-01   6.2526675e-01
   1.0095738e-01   1.0729686e+00
   6.4227354e-01   8.6541247e-01
   4.7272110e-01   9.6849822e-01
   1.5651833e-01   1.0662814e+00
   8.3679601e-01   6.7913656e-01
   9.5075703e-01   5.0745946e-01
   6.0469490e-01   8.9207518e-01
   3.9061283e-01   1.0044280e+00
   9.4510654e-01   5.1790700e-01
   4.0411850e-01   9.9907071e-01
   4.1770735e-01   9.9346596e-01
   1.0120129e+00   3.7051853e-01
   1.0702117e+00   1.2688976e-01
   4.8659407e-01   9.6160296e-01
   9.3930370e-01   5.2835840e-01
   1.0234870e+00   3.3753287e-01
   8.0347067e-01   7.1825407e-01
   1.2953951e-01   1.0698942e+00
   1.0637054e+00   1.7316111e-01
   1.0756708e+00   6.6228955e-02
   5.5621581e-01   9.2308072e-01
   8.8737652e-01   6.1156925e-01
   2.8311606e-01   1.0398554e+00
   7.1182652e-01   8.0917059e-01
   5.7705521e-01   9.1019851e-01
   3.6386899e-01   1.0144227e+00
   6.6248488e-01   8.5003990e-01
   1.0485121e+00   2.4915123e-01
   1.0563870e+00   2.1330850e-01
   1.0608593e-04   1.0777078e+00
   6.8244539e-01   8.3409971e-01
   1.0602841e+00   1.9300685e-01
   7.0211316e-01   8.1761308e-01
   1.0526451e+00   2.3106786e-01
   6.6230040e-02   1.0756708e+00
   1.0439688e+00   2.6755028e-01
   9.7018094e-01   4.6925791e-01
   8.6035157e-01   6.4903714e-01
   1.0389961e+00   2.8625355e-01
   1.0670708e+00   1.5104315e-01
   4.3136997e-01   9.8761024e-01
   9.6335137e-01   4.8312335e-01
   9.9489064e-01   4.1430260e-01
   9.2723900e-01   5.4925575e-01
   7.4976544e-01   7.7414845e-01
   7.2145252e-01   8.0059996e-01
   4.4509852e-01   9.8149954e-01
   6.9231779e-01   8.2592380e-01
   2.2214833e-01   1.0545635e+00
   9.2097589e-01   5.5969407e-01
   5.1442386e-01   9.4700693e-01
   1.0057300e+00   3.8724836e-01
   1.0004332e+00   4.0073367e-01
   7.7714055e-01   7.4666365e-01
   5.9089806e-01   9.0127327e-01
   6.7249880e-01   8.4213978e-01
   2.0165089e-01   1.0586741e+00
   1.0335741e+00   3.0525185e-01
   9.8909799e-01   4.2794766e-01
   4.5888476e-01   9.7513015e-01
   3.4735815e-01   1.0201943e+00
   8.2866410e-01   6.8903545e-01
   7.4042668e-01   7.8308516e-01
   9.5625544e-01   4.9702069e-01
   6.5240832e-01   8.5779801e-01
   8.9670736e-01   5.9780427e-01
   1.0777078e+00   1.0360422e-04
   1.0179285e+00   3.5394288e-01
   9.0576939e-01   5.8398274e-01
   8.4478816e-01   6.6916889e-01
   1.0286986e+00   3.2129913e-01
   7.6812682e-01   7.5593335e-01
   5.2487588e-01   9.4125413e-01
