   7.6124239e-01   6.4846744e-01
   2.0338601e-01   9.7909863e-01
   6.1471773e-01   7.8874718e-01
   9.3790371e-01   3.4689572e-01
   3.4380154e-01   9.3904233e-01
   9.9603479e-01   8.8964532e-02
   1.2019345e-01   9.9275049e-01
   9.8076119e-01   1.9521139e-01
   4.2259323e-01   9.0631946e-01
   9.1216880e-01   4.0981470e-01
   7.9831647e-01   6.0223817e-01
   9.7290948e-01   2.3118638e-01
   5.6747317e-01   8.2339189e-01
   2.5400706e-01   9.6720236e-01
   8.6228612e-01   5.0642141e-01
   6.3323708e-01   7.7395788e-01
   9.8431268e-01   1.7643284e-01
   9.5637102e-01   2.9215487e-01
   6.2400944e-01   7.8141680e-01
   8.4861690e-01   5.2900791e-01
   9.1777840e-01   3.9709294e-01
   8.3205040e-01   5.5470004e-01
   6.5148759e-01   7.5865929e-01
   5.0319075e-01   8.6417537e-01
   5.2256430e-01   8.5259988e-01
   5.1288202e-01   8.5845910e-01
   6.1442912e-02   9.9811060e-01
   8.9388991e-01   4.4828655e-01
   8.1448707e-01   5.8018170e-01
   2.3684448e-01   9.7154758e-01
   7.2110508e-01   6.9282571e-01
   1.4268967e-01   9.8976748e-01
   3.7183892e-01   9.2829727e-01
   2.1996758e-01   9.7550718e-01
   2.6853271e-01   9.6327057e-01
   8.0533791e-01   5.9281604e-01
   9.2315392e-01   3.8443055e-01
   8.7338602e-01   4.8702861e-01
   3.2842178e-01   9.4453117e-01
   6.4239794e-01   7.6637125e-01
   4.3542094e-01   9.0022697e-01
   5.4187543e-01   8.4045881e-01
   7.3750636e-01   6.7534019e-01
   3.9709071e-01   9.1777937e-01
   9.4237592e-01   3.3455586e-01
   7.4553662e-01   6.6646467e-01
   4.9349417e-01   8.6974911e-01
   9.9824526e-01   5.9214903e-02
   8.5652225e-01   5.1611010e-01
   9.6869433e-01   2.4825651e-01
   6.8703861e-01   7.2662092e-01
   9.8742674e-01   1.5807732e-01
   4.6118438e-01   8.8730433e-01
   7.7645832e-01   6.3016860e-01
   9.9048364e-01   1.3763051e-01
   8.2339225e-01   5.6747264e-01
   4.0981434e-01   9.1216896e-01
   1.0000000e+00   9.9777225e-05
   3.8443015e-01   9.2315408e-01
   6.0536537e-01   7.9594772e-01
   8.8047066e-01   4.7410063e-01
   9.6487796e-01   2.6269853e-01
   7.5345001e-01   6.5750520e-01
   9.0631933e-01   4.2259351e-01
   4.8379666e-01   8.7518043e-01
   3.5932609e-01   9.3321206e-01
   5.9281808e-01   8.0533640e-01
   9.3321244e-01   3.5932511e-01
   9.6077300e-01   2.7733596e-01
   9.5166115e-01   3.0714988e-01
   6.6943148e-01   7.4287381e-01
   8.6790696e-01   4.9672679e-01
   7.2936030e-01   6.8412978e-01
   8.8730399e-01   4.6118502e-01
   9.9333170e-01   1.1529148e-01
   9.0022583e-01   4.3542330e-01
   6.9570401e-01   7.1832857e-01
   4.4828688e-01   8.9388974e-01
   9.9326428e-05   1.0000000e+00
   9.2829733e-01   3.7183876e-01
   7.0427168e-01   7.0993056e-01
   1.8442989e-01   9.8284567e-01
   6.6049970e-01   7.5082631e-01
   8.4045972e-01   5.4187403e-01
   2.8324295e-01   9.5904819e-01
   1.6327622e-01   9.8658040e-01
   7.6891430e-01   6.3935186e-01
   5.8018127e-01   8.1448738e-01
   5.3222807e-01   8.4660101e-01
   7.8387500e-01   6.2091867e-01
   6.7828006e-01   7.3480349e-01
   3.1319448e-01   9.4968901e-01
   7.9116350e-01   6.1160471e-01
   9.7674434e-01   2.1440730e-01
   5.5469952e-01   8.3205075e-01
   2.9813242e-01   9.5452452e-01
   4.7410045e-01   8.8047076e-01
   9.3676367e-02   9.9560270e-01
   9.4663353e-01   3.2231189e-01
   7.1274065e-01   7.0142767e-01
