   4.9613904e-01   0.0000000e+00   8.6824308e-01
   1.7888508e-01   0.0000000e+00   9.8386998e-01
   9.8058075e-01   0.0000000e+00   1.9611575e-01
   8.9442729e-01   0.0000000e+00   4.4721339e-01
   4.8564193e-01   0.0000000e+00   8.7415783e-01
   3.9391874e-01   0.0000000e+00   9.1914527e-01
   7.6822128e-01   0.0000000e+00   6.4018440e-01
   3.7138949e-01   0.0000000e+00   9.2847716e-01
   8.5328144e-01   0.0000000e+00   5.2145065e-01
   9.9388381e-01   0.0000000e+00   1.1043087e-01
   9.5782744e-01   0.0000000e+00   2.8734404e-01
   2.6311701e-01   0.0000000e+00   9.6476393e-01
   9.8387036e-01   0.0000000e+00   1.7888298e-01
   8.5749315e-01   0.0000000e+00   5.1449539e-01
   5.3687532e-01   0.0000000e+00   8.4366160e-01
   8.3205075e-01   0.0000000e+00   5.5469951e-01
   8.2404197e-01   0.0000000e+00   5.6652875e-01
   3.5112337e-01   0.0000000e+00   9.3632921e-01
   5.1449574e-01   0.0000000e+00   8.5749294e-01
   1.9611580e-01   0.0000000e+00   9.8058074e-01
   7.4740939e-01   0.0000000e+00   6.6436376e-01
   9.3979338e-01   0.0000000e+00   3.4174319e-01
   7.9435764e-01   0.0000000e+00   6.0745036e-01
   6.5079137e-01   0.0000000e+00   7.5925660e-01
   8.4799875e-01   0.0000000e+00   5.2999823e-01
   9.8994959e-01   0.0000000e+00   1.4142067e-01
   9.0795963e-01   0.0000000e+00   4.1905765e-01
   6.0745134e-01   0.0000000e+00   7.9435689e-01
   9.3632910e-01   0.0000000e+00   3.5112366e-01
   6.7828186e-01   0.0000000e+00   7.3480182e-01
   9.2847656e-01   0.0000000e+00   3.7139100e-01
   1.6439846e-01   0.0000000e+00   9.8639401e-01
   6.4018423e-01   0.0000000e+00   7.6822142e-01
   4.1905813e-01   0.0000000e+00   9.0795941e-01
   1.0000000e+00   0.0000000e+00   9.9992255e-05
   8.0873636e-01   0.0000000e+00   5.8817132e-01
   1.2403406e-01   0.0000000e+00   9.9227796e-01
   4.6574736e-01   0.0000000e+00   8.8491773e-01
   9.9654578e-01   0.0000000e+00   8.3045254e-02
   3.8074973e-01   0.0000000e+00   9.2467813e-01
   5.8123802e-01   0.0000000e+00   8.1373359e-01
   5.2999926e-01   0.0000000e+00   8.4799810e-01
   8.4366118e-01   0.0000000e+00   5.3687598e-01
   4.7410015e-01   0.0000000e+00   8.8047092e-01
   3.3035019e-01   0.0000000e+00   9.4385844e-01
   7.8935225e-01   0.0000000e+00   6.1394057e-01
   8.1923193e-01   0.0000000e+00   5.7346233e-01
   9.6476410e-01   0.0000000e+00   2.6311640e-01
   5.8817212e-01   0.0000000e+00   8.0873578e-01
   6.1394041e-01   0.0000000e+00   7.8935238e-01
   7.5925816e-01   0.0000000e+00   6.5078956e-01
   9.9827448e-01   0.0000000e+00   5.8720121e-02
   7.8086875e-01   0.0000000e+00   6.2469513e-01
   9.7014427e-01   0.0000000e+00   2.4252856e-01
   9.9227793e-01   0.0000000e+00   1.2403427e-01
   8.6824363e-01   0.0000000e+00   4.9613808e-01
   9.9502328e-02   0.0000000e+00   9.9503733e-01
   3.1622609e-01   0.0000000e+00   9.4868386e-01
   5.5470025e-01   0.0000000e+00   8.3205026e-01
   2.4253293e-01   0.0000000e+00   9.7014317e-01
   9.6152407e-01   0.0000000e+00   2.7472071e-01
   3.4174310e-01   0.0000000e+00   9.3979341e-01
   9.2467808e-01   0.0000000e+00   3.8074984e-01
   9.1914587e-01   0.0000000e+00   3.9391734e-01
   8.6377877e-01   0.0000000e+00   5.0387126e-01
   7.1246404e-02   0.0000000e+00   9.9745875e-01
   6.3059322e-01   0.0000000e+00   7.7611352e-01
   2.8734534e-01   0.0000000e+00   9.5782705e-01
   6.2469574e-01   0.0000000e+00   7.8086826e-01
   8.0000017e-01   0.0000000e+00   5.9999977e-01
   7.5257662e-01   0.0000000e+00   6.5850470e-01
   9.1381153e-01   0.0000000e+00   4.0613852e-01
   8.7415748e-01   0.0000000e+00   4.8564256e-01
   2.9827476e-01   0.0000000e+00   9.5448005e-01
   6.0000039e-01   0.0000000e+00   7.9999971e-01
   9.7618738e-01   0.0000000e+00   2.1692902e-01
   7.3279355e-01   0.0000000e+00   6.8045104e-01
   9.4385841e-01   0.0000000e+00   3.3035027e-01
   2.7472008e-01   0.0000000e+00   9.6152425e-01
   5.6652946e-01   0.0000000e+00   8.2404148e-01
   8.8491825e-01   0.0000000e+00   4.6574637e-01
   5.0387133e-01   0.0000000e+00   8.6377872e-01
   6.6436267e-01   0.0000000e+00   7.4741036e-01
   8.1373323e-01   0.0000000e+00   5.8123853e-01
   4.4721335e-01   0.0000000e+00   8.9442731e-01
   1.4142126e-01   0.0000000e+00   9.8994951e-01
   5.2144985e-01   0.0000000e+00   8.5328193e-01
   9.8639440e-01   0.0000000e+00   1.6439613e-01
   5.7346253e-01   0.0000000e+00   8.1923179e-01
   9.5447981e-01   0.0000000e+00   2.9827554e-01
   7.3993955e-01   0.0000000e+00   6.7267337e-01
   4.0613755e-01   0.0000000e+00   9.1381195e-01
   6.5850453e-01   0.0000000e+00   7.5257677e-01
   9.8486028e-05   0.0000000e+00   1.0000000e+00
   6.6896565e-01   0.0000000e+00   7.4329332e-01
   7.0710609e-01   0.0000000e+00   7.0710747e-01
   2.1692884e-01   0.0000000e+00   9.7618742e-01
   7.7611401e-01   0.0000000e+00   6.3059262e-01
   8.8047097e-01   0.0000000e+00   4.7410006e-01
   9.4868383e-01   0.0000000e+00   3.1622616e-01
