   4.3188974e-01   4.3188974e-01   7.9179701e-01
   6.5973633e-01   6.5973633e-01   3.5985546e-01
   4.4997749e-01   4.4997749e-01   7.7138870e-01
   6.9631097e-01   6.9631097e-01   1.7407491e-01
   7.0352654e-01   7.0352654e-01   1.0050275e-01
   2.5445669e-01   2.5445669e-01   9.3300782e-01
   5.5602189e-01   5.5602189e-01   6.1780200e-01
   6.0920773e-01   6.0920773e-01   5.0767302e-01
   6.8041383e-01   6.8041383e-01   2.7216547e-01
   5.0251902e-01   5.0251902e-01   7.0352631e-01
   4.9746838e-01   4.9746838e-01   7.1066900e-01
   6.9310338e-01   6.9310338e-01   1.9802884e-01
   5.1449692e-01   5.1449692e-01   6.8599260e-01
   5.3499462e-01   5.3499462e-01   6.5388188e-01
   6.5561023e-01   6.5561023e-01   3.7463377e-01
   6.8483011e-01   6.8483011e-01   2.4902897e-01
   5.9867114e-01   5.9867114e-01   5.3215198e-01
   4.4444449e-01   4.4444449e-01   7.7777773e-01
   5.2981298e-01   5.2981298e-01   6.6226612e-01
   6.9171453e-01   6.9171453e-01   2.0751389e-01
   3.2338092e-01   3.2338092e-01   8.8929723e-01
   7.0014020e-01   7.0014020e-01   1.4002645e-01
   6.3116929e-01   6.3116929e-01   4.5083329e-01
   7.0710677e-01   7.0710677e-01   1.3938911e-04
   1.2309138e-01   1.2309138e-01   9.8473195e-01
   6.6666686e-01   6.6666686e-01   3.3333257e-01
   2.1199957e-01   2.1199957e-01   9.5399809e-01
   5.5383676e-02   5.5383676e-02   9.9692793e-01
   6.3960228e-01   6.3960228e-01   4.2640105e-01
   1.9244939e-01   1.9244939e-01   9.6225073e-01
   7.0224694e-01   7.0224694e-01   1.1704048e-01
   5.0697941e-01   5.0697941e-01   6.9709666e-01
   6.8824754e-01   6.8824754e-01   2.2941369e-01
   7.0620667e-01   7.0620667e-01   5.0440740e-02
   5.9655027e-01   5.9655027e-01   5.3689435e-01
   6.9853560e-01   6.9853560e-01   1.5522893e-01
   3.1578887e-01   3.1578887e-01   8.9473727e-01
   1.6222089e-01   1.6222089e-01   9.7332870e-01
   3.6650842e-01   3.6650842e-01   8.5518603e-01
   6.7457867e-01   6.7457867e-01   2.9981199e-01
   6.3372422e-01   6.3372422e-01   4.4360706e-01
   4.6420657e-01   4.6420657e-01   7.5433713e-01
   6.2469509e-01   6.2469509e-01   4.6852119e-01
   3.3129418e-01   3.3129418e-01   8.8345250e-01
   1.3102432e-01   1.3102432e-01   9.8268268e-01
   5.7734976e-01   5.7734976e-01   5.7735128e-01
   4.8507074e-01   4.8507074e-01   7.2760755e-01
   6.5814532e-01   6.5814532e-01   3.6563571e-01
   6.0470782e-01   6.0470782e-01   5.1832125e-01
   6.7828040e-01   6.7828040e-01   2.8261528e-01
   6.8348642e-01   6.8348642e-01   2.5630571e-01
   1.7121878e-01   1.7121878e-01   9.7024134e-01
   3.8649368e-01   3.8649368e-01   8.3740389e-01
   6.9431389e-01   6.9431389e-01   1.8935795e-01
   1.8123601e-01   1.8123601e-01   9.6659558e-01
   3.6984290e-02   3.6984290e-02   9.9863123e-01
   3.3786752e-01   3.3786752e-01   8.7845949e-01
   3.5897945e-01   3.5897945e-01   8.6154948e-01
   4.6829296e-01   4.6829296e-01   7.4926858e-01
   2.7617220e-01   2.7617220e-01   9.2057473e-01
   6.4483137e-01   6.4483137e-01   4.1034741e-01
   2.8213830e-01   2.8213830e-01   9.1694927e-01
   5.5337153e-01   5.5337153e-01   6.2254308e-01
   3.7628805e-01   3.7628805e-01   8.4664904e-01
   2.1938150e-01   2.1938150e-01   9.5065426e-01
   4.0824782e-01   4.0824782e-01   8.1649705e-01
   1.7608967e-01   1.7608967e-01   9.6849618e-01
   3.4815500e-01   3.4815500e-01   8.7038853e-01
   2.7156260e-01   2.7156260e-01   9.2331333e-01
   5.4545556e-01   5.4545556e-01   6.3636190e-01
   6.1958591e-01   6.1958591e-01   4.8189895e-01
   4.7301607e-01   4.7301607e-01   7.4331124e-01
   4.2839283e-01   4.2839283e-01   7.9558730e-01
   3.0151073e-01   3.0151073e-01   9.0453444e-01
   1.0975948e-01   1.0975948e-01   9.8787940e-01
   2.3570216e-01   2.3570216e-01   9.4280909e-01
   5.2320450e-01   5.2320450e-01   6.7269169e-01
   6.0131701e-01   6.0131701e-01   5.2615180e-01
   1.5032917e-01   1.5032917e-01   9.7713985e-01
   3.8235927e-01   3.8235927e-01   8.4119129e-01
   4.5749584e-01   4.5749584e-01   7.6249269e-01
   2.4663182e-01   2.4663182e-01   9.3720088e-01
   7.0493489e-01   7.0493489e-01   7.8317248e-02
   5.4997249e-01   5.4997249e-01   6.2853841e-01
   1.4002608e-01   1.4002608e-01   9.8019661e-01
   9.0166683e-02   9.0166683e-02   9.9183665e-01
   6.5094479e-01   6.5094479e-01   3.9056594e-01
   2.6490335e-01   2.6490335e-01   9.2717443e-01
   7.1065928e-02   7.1065928e-02   9.9493682e-01
   2.0177387e-01   2.0177387e-01   9.5842298e-01
   3.8949101e-01   3.8949101e-01   8.3462177e-01
   6.1545743e-01   6.1545743e-01   4.9236603e-01
   6.4676197e-01   6.4676197e-01   4.0422507e-01
   5.3916386e-01   5.3916386e-01   6.4699664e-01
   6.7671562e-01   6.7671562e-01   2.9002060e-01
   8.2760134e-02   8.2760134e-02   9.9312714e-01
   9.9621681e-05   9.9621681e-05   9.9999999e-01
   9.9013813e-02   9.9013813e-02   9.9014773e-01
   4.3685191e-01   4.3685191e-01   7.8633379e-01
   3.1878758e-01   3.1878758e-01   8.9260795e-01
