   7.4073714e-01   7.2897946e-01
   9.7709602e-01   3.5409875e-01
   5.6315957e-01   8.7347230e-01
   5.5313372e-01   8.7985547e-01
   9.7110907e-01   3.7020228e-01
   3.6374231e-01   9.7354717e-01
   2.5800872e-01   1.0067443e+00
   8.9417612e-01   5.2967124e-01
   2.0287946e-01   1.0192853e+00
   7.9911603e-01   6.6446680e-01
   9.4650150e-01   4.2922893e-01
   9.0006731e-01   5.1959735e-01
   6.1610301e-01   8.3697051e-01
   4.4252230e-01   9.4035981e-01
   8.1466548e-01   6.4530823e-01
   6.4852033e-01   8.1211080e-01
   8.8195021e-01   5.4978758e-01
   8.8813708e-01   5.3973612e-01
   1.0372929e-04   1.0392798e+00
   1.0181428e+00   2.0853735e-01
   7.1402542e-01   7.5516241e-01
   9.0581074e-01   5.0951885e-01
   7.0492278e-01   7.6366644e-01
   6.0297144e-01   8.4647977e-01
   6.2914474e-01   8.2721185e-01
   9.8802410e-01   3.2235220e-01
   1.0323489e+00   1.1982609e-01
   8.6026619e-01   5.8313347e-01
   6.5811120e-01   8.0435826e-01
   6.7707822e-01   7.8845903e-01
   4.6924361e-01   9.2731494e-01
   5.2295594e-01   8.9812006e-01
   2.2282915e-01   1.0151107e+00
   3.0673288e-01   9.9298414e-01
   7.6647517e-01   7.0186778e-01
   7.8304652e-01   6.8333060e-01
   7.7482159e-01   6.9264281e-01
   1.0219693e+00   1.8889489e-01
   9.4035999e-01   4.4252191e-01
   9.1685557e-01   4.8936533e-01
   2.7604673e-01   1.0019485e+00
   1.0374560e+00   6.1543891e-02
   5.3302752e-01   8.9217948e-01
   3.7668315e-01   9.6861363e-01
   9.2215846e-01   4.7929775e-01
   1.0351585e+00   9.2463057e-02
   6.9572737e-01   7.7205310e-01
   8.7561636e-01   5.5982011e-01
   4.8265276e-01   9.2040690e-01
   8.3212158e-01   6.2263651e-01
   4.9272410e-01   9.1505493e-01
   8.0695719e-01   6.5492187e-01
   7.2303088e-01   7.4654465e-01
   3.8970866e-01   9.6344679e-01
   1.0290217e+00   1.4566033e-01
   8.6913517e-01   5.6983034e-01
   5.0279956e-01   9.0955768e-01
   4.5586385e-01   9.3396505e-01
   3.2235240e-01   9.8802403e-01
   9.8273129e-01   3.3814459e-01
   9.9298410e-01   3.0673299e-01
   8.2223855e-01   6.3563066e-01
   1.1729260e-01   1.0326398e+00
   5.1287938e-01   9.0391222e-01
   1.8336175e-01   1.0229766e+00
   8.4175676e-01   6.0954747e-01
   1.0089853e+00   2.4910098e-01
   5.7648867e-01   8.6473312e-01
   2.4026647e-01   1.0111254e+00
   1.0392798e+00   1.0218279e-04
   9.9851156e-01   2.8823118e-01
   9.1140646e-01   4.9944051e-01
   4.2922833e-01   9.4650177e-01
   5.8976235e-01   8.5573532e-01
   9.5239516e-01   4.1598799e-01
   5.4308839e-01   8.8609117e-01
   1.4042083e-01   1.0297498e+00
   7.4942944e-01   7.2004033e-01
   2.9129517e-01   9.9762201e-01
   9.0029571e-02   1.0353730e+00
   6.3886251e-01   8.1972999e-01
   7.5800981e-01   7.1100189e-01
   4.1598848e-01   9.5239495e-01
   9.6476049e-01   3.8644501e-01
   1.6160077e-01   1.0266391e+00
   9.3396486e-01   4.5586423e-01
   6.8644497e-01   7.8031779e-01
   4.0281320e-01   9.5804180e-01
   6.6763238e-01   7.9647320e-01
   1.0138251e+00   2.2860730e-01
   7.9114444e-01   6.7393845e-01
   9.5804174e-01   4.0281334e-01
   1.0257767e+00   1.6698740e-01
   8.5113904e-01   5.9637647e-01
   5.9223857e-02   1.0375910e+00
   1.0035941e+00   2.7000262e-01
   3.5089429e-01   9.7825138e-01
   9.2731488e-01   4.6924371e-01
   3.3814462e-01   9.8273128e-01
   7.3193593e-01   7.3781594e-01
