   6.8967240e-02   1.5518011e-01   2.7585265e-01
   6.8965359e-02   6.8965359e-02   3.6206928e-01
   3.6203141e-01   5.1715043e-05   1.3791687e-01
   2.4998147e-01   4.9984677e-05   2.4996854e-01
   1.2500007e-01   1.9642671e-01   1.7857321e-01
   2.4997500e-01   2.4997500e-01   4.9995000e-05
   5.1700180e-05   2.5859396e-01   2.4135434e-01
   4.9913626e-05   4.3328536e-01   6.6664730e-02
   8.6204666e-02   1.7239574e-02   3.9655576e-01
   4.9970337e-05   3.3329769e-01   1.6665234e-01
   5.1724135e-02   1.0344827e-01   3.4482759e-01
   5.1637919e-05   3.7927119e-01   1.2067718e-01
   5.0358345e-02   1.9783954e-01   2.5180212e-01
   1.7241379e-01   1.7241379e-01   1.5517241e-01
   2.1595779e-01   5.0125173e-02   2.3391704e-01
   5.1718969e-02   3.4483157e-01   1.0344947e-01
   1.6839513e-02   2.8631917e-01   1.9684132e-01
   5.0001656e-02   5.0001656e-02   3.9999669e-01
   4.1662177e-01   3.3351169e-02   5.0027059e-02
   8.6208927e-02   2.2413127e-01   1.8965980e-01
   3.2759404e-01   1.7229804e-02   1.5517616e-01
   8.3356922e-02   3.9997169e-01   1.6671384e-02
   3.4482858e-01   5.1722844e-02   1.0344858e-01
   1.2497650e-01   3.7497237e-01   5.1130677e-05
   3.9651184e-01   1.0343644e-01   5.1718126e-05
   1.0344717e-01   1.7241698e-01   2.2413585e-01
   2.5862818e-01   2.0689013e-01   3.4481689e-02
   1.6672060e-02   3.3344122e-02   4.4998382e-01
   2.6846529e-01   1.6779208e-02   2.1475550e-01
   1.3793553e-01   1.0344987e-01   2.5861460e-01
   2.4136915e-01   1.7242755e-01   8.6203301e-02
   1.5515634e-01   5.1707309e-05   3.4479195e-01
   6.6660721e-02   4.3328928e-01   4.9995529e-05
   4.4995499e-01   4.9992251e-05   4.9995015e-02
   4.1664732e-01   6.6682141e-02   1.6670537e-02
   1.5517427e-01   2.0689332e-01   1.3793241e-01
   8.6207191e-02   1.2069014e-01   2.9310267e-01
   1.2068719e-01   3.2758973e-01   5.1723079e-02
   1.3793011e-01   3.4481495e-02   3.2758840e-01
   1.7239695e-02   8.6204545e-02   3.9655576e-01
   6.8925942e-02   3.7937969e-01   5.1694372e-02
   1.5517580e-01   3.2758306e-01   1.7241143e-02
   3.6206615e-01   8.6210034e-02   5.1723813e-02
   1.2068792e-01   1.3793628e-01   2.4137580e-01
   2.9310504e-01   6.8963192e-02   1.3793177e-01
   1.3793103e-01   2.7586207e-01   8.6206895e-02
   1.6662061e-02   4.6667115e-01   1.6666790e-02
   1.7240270e-02   1.7241421e-01   3.1034552e-01
   1.7241478e-01   8.6206612e-02   2.4137861e-01
   5.1707364e-05   1.2065308e-01   3.7929521e-01
   3.8333796e-01   4.9997305e-02   6.6664730e-02
   2.0687497e-01   5.1674726e-05   2.9307335e-01
   2.5861988e-01   1.3793217e-01   1.0344796e-01
   4.6662109e-01   3.3328919e-02   4.9995116e-05
   3.4478951e-01   1.5515877e-01   5.1718126e-05
   1.5517241e-01   1.5517241e-01   1.8965517e-01
   1.5517373e-01   5.1723940e-02   2.9310233e-01
   1.0345091e-01   2.5861458e-01   1.3793451e-01
   2.9308914e-01   1.5518924e-01   5.1721618e-02
   1.0344837e-01   5.1723718e-02   3.4482791e-01
   2.0687442e-01   2.9307386e-01   5.1718126e-05
   3.4482747e-02   3.1034484e-01   1.5517242e-01
   3.4474254e-02   2.4138990e-01   2.2413585e-01
   6.6660389e-02   4.9314513e-05   4.3329030e-01
   3.1031266e-01   5.1717762e-05   1.8963562e-01
   5.0355356e-05   2.1426182e-01   2.8568783e-01
   3.1034626e-01   1.0344748e-01   8.6206254e-02
   1.0344806e-01   8.6206416e-02   3.1034552e-01
   5.1717672e-05   1.5515633e-01   3.4479195e-01
   1.7239558e-02   3.9656246e-01   8.6197984e-02
   3.0352876e-01   1.9642066e-01   5.0587055e-05
   1.3793168e-01   2.4137888e-01   1.2068944e-01
   4.9968462e-05   4.9990004e-01   4.9989990e-05
   1.5516982e-01   2.9310689e-01   5.1723281e-02
   1.7241443e-01   1.2069129e-01   2.0689428e-01
   4.9994226e-05   6.6659951e-02   4.3329005e-01
   3.2758477e-01   1.3793261e-01   3.4482619e-02
   2.0689694e-01   1.0344754e-01   1.8965553e-01
   1.8965641e-01   1.3793400e-01   1.7240960e-01
   1.9731014e-01   2.6905841e-01   3.3631449e-02
   2.4137971e-01   6.8964798e-02   1.8965549e-01
   1.9118874e-01   3.4312766e-02   2.7449850e-01
   2.1428766e-01   1.6071298e-01   1.2499936e-01
   1.0344642e-01   2.9310715e-01   1.0344643e-01
   3.9651073e-01   5.1701563e-05   1.0343757e-01
   3.4482319e-02   1.3792928e-01   3.2758840e-01
   8.6194916e-02   3.4484797e-01   6.8957118e-02
   1.7241633e-01   2.2413389e-01   1.0344977e-01
   3.6660828e-01   1.1671797e-01   1.6673749e-02
   4.9997537e-02   4.1666896e-01   3.3333506e-02
   2.1667553e-01   2.3332212e-01   5.0002351e-02
   2.7586772e-01   5.1722684e-02   1.7240960e-01
   4.9990005e-01   4.9956983e-05   4.9989990e-05
   1.2065340e-01   5.1553123e-05   3.7929505e-01
   6.8965513e-02   2.7586207e-01   1.5517242e-01
   6.8961600e-02   3.1035555e-01   1.2068285e-01
   2.4137469e-01   1.0344949e-01   1.5517581e-01
   2.7586312e-01   1.0344779e-01   1.2068910e-01
   3.3328716e-02   1.3812942e-06   4.6666990e-01
   4.2135804e-05   4.2350813e-05   4.9991551e-01
