   6.2469513e-01   0.0000000e+00   7.8086874e-01
   9.3632922e-01   0.0000000e+00   3.5112332e-01
   8.7415817e-01   0.0000000e+00   4.8564132e-01
   9.6476386e-01   0.0000000e+00   2.6311728e-01
   8.9442871e-01   0.0000000e+00   4.4721057e-01
   9.2467822e-01   0.0000000e+00   3.8074951e-01
   6.3059350e-01   0.0000000e+00   7.7611329e-01
   2.4253536e-01   0.0000000e+00   9.7014257e-01
   7.9435781e-01   0.0000000e+00   6.0745014e-01
   6.8044992e-01   0.0000000e+00   7.3279459e-01
   8.0873616e-01   0.0000000e+00   5.8817159e-01
   1.4141961e-01   0.0000000e+00   9.8994974e-01
   5.0387131e-01   0.0000000e+00   8.6377874e-01
   5.8817091e-01   0.0000000e+00   8.0873665e-01
   7.0710539e-01   0.0000000e+00   7.0710818e-01
   9.7618711e-01   0.0000000e+00   2.1693026e-01
   9.4868358e-01   0.0000000e+00   3.1622693e-01
   9.2847672e-01   0.0000000e+00   3.7139061e-01
   1.9611340e-01   0.0000000e+00   9.8058122e-01
   3.5112130e-01   0.0000000e+00   9.3632998e-01
   9.3979393e-01   0.0000000e+00   3.4174168e-01
   6.6436576e-01   0.0000000e+00   7.4740761e-01
   2.1693017e-01   0.0000000e+00   9.7618712e-01
   4.6574685e-01   0.0000000e+00   8.8491800e-01
   3.9391644e-01   0.0000000e+00   9.1914625e-01
   4.7409976e-01   0.0000000e+00   8.8047113e-01
   9.9227805e-01   0.0000000e+00   1.2403336e-01
   4.1380253e-01   0.0000000e+00   9.1036667e-01
   9.1381181e-01   0.0000000e+00   4.0613787e-01
   5.5469955e-01   0.0000000e+00   8.3205073e-01
   7.1245743e-02   0.0000000e+00   9.9745879e-01
   8.5749318e-01   0.0000000e+00   5.1449533e-01
   4.0613768e-01   0.0000000e+00   9.1381190e-01
   8.6824343e-01   0.0000000e+00   4.9613844e-01
   7.8086881e-01   0.0000000e+00   6.2469504e-01
   3.3035045e-01   0.0000000e+00   9.4385835e-01
   9.8994958e-01   0.0000000e+00   1.4142076e-01
   7.8935196e-01   0.0000000e+00   6.1394094e-01
   8.3205018e-01   0.0000000e+00   5.5470037e-01
   1.2403367e-01   0.0000000e+00   9.9227801e-01
   5.2999898e-01   0.0000000e+00   8.4799828e-01
   2.8734797e-01   0.0000000e+00   9.5782626e-01
   9.5448025e-01   0.0000000e+00   2.9827414e-01
   8.1373554e-01   0.0000000e+00   5.8123530e-01
   5.1449571e-01   0.0000000e+00   8.5749295e-01
   8.6377884e-01   0.0000000e+00   5.0387113e-01
   5.2144890e-01   0.0000000e+00   8.5328251e-01
   6.0000039e-01   0.0000000e+00   7.9999971e-01
   9.0795903e-01   0.0000000e+00   4.1905895e-01
   5.6920884e-01   0.0000000e+00   8.2219298e-01
   9.4385835e-01   0.0000000e+00   3.3035044e-01
   1.6439812e-01   0.0000000e+00   9.8639407e-01
   9.8386991e-01   0.0000000e+00   1.7888544e-01
   4.9613923e-01   0.0000000e+00   8.6824297e-01
   9.8639401e-01   0.0000000e+00   1.6439847e-01
   8.4799851e-01   0.0000000e+00   5.2999861e-01
   8.4366136e-01   0.0000000e+00   5.3687570e-01
   8.2404190e-01   0.0000000e+00   5.6652886e-01
   6.5079138e-01   0.0000000e+00   7.5925660e-01
   6.1394054e-01   0.0000000e+00   7.8935227e-01
   9.1914575e-01   0.0000000e+00   3.9391762e-01
   6.7267378e-01   0.0000000e+00   7.3993917e-01
   2.6311661e-01   0.0000000e+00   9.6476404e-01
   6.0745080e-01   0.0000000e+00   7.9435730e-01
   9.8058075e-01   0.0000000e+00   1.9611574e-01
   1.0000000e+00   0.0000000e+00   9.9968610e-05
   7.5925655e-01   0.0000000e+00   6.5079143e-01
   2.7471921e-01   0.0000000e+00   9.6152450e-01
   9.5782632e-01   0.0000000e+00   2.8734777e-01
   2.9827417e-01   0.0000000e+00   9.5448024e-01
   4.2288532e-01   0.0000000e+00   9.0618321e-01
   3.7138990e-01   0.0000000e+00   9.2847700e-01
   5.3687571e-01   0.0000000e+00   8.4366135e-01
   4.4721331e-01   0.0000000e+00   8.9442733e-01
   1.7888165e-01   0.0000000e+00   9.8387060e-01
   8.5328054e-01   0.0000000e+00   5.2145213e-01
   9.6152439e-01   0.0000000e+00   2.7471959e-01
   9.7014278e-01   0.0000000e+00   2.4253453e-01
   9.9853743e-05   0.0000000e+00   1.0000000e+00
   7.7611397e-01   0.0000000e+00   6.3059266e-01
   9.9388380e-01   0.0000000e+00   1.1043090e-01
   9.9500044e-02   0.0000000e+00   9.9503756e-01
   8.8491811e-01   0.0000000e+00   4.6574665e-01
   7.6822114e-01   0.0000000e+00   6.4018456e-01
   8.0000032e-01   0.0000000e+00   5.9999957e-01
   8.1923137e-01   0.0000000e+00   5.7346313e-01
   7.4329418e-01   0.0000000e+00   6.6896469e-01
   7.3480330e-01   0.0000000e+00   6.7828026e-01
   5.8123812e-01   0.0000000e+00   8.1373352e-01
   3.1622641e-01   0.0000000e+00   9.4868375e-01
   6.4018412e-01   0.0000000e+00   7.6822151e-01
   6.5850492e-01   0.0000000e+00   7.5257642e-01
   4.8564240e-01   0.0000000e+00   8.7415757e-01
   8.8047136e-01   0.0000000e+00   4.7409934e-01
   9.9589330e-01   0.0000000e+00   9.0534746e-02
   7.4740999e-01   0.0000000e+00   6.6436309e-01
   3.8075055e-01   0.0000000e+00   9.2467779e-01
   7.5257685e-01   0.0000000e+00   6.5850443e-01
   9.9745880e-01   0.0000000e+00   7.1245615e-02
   3.4174143e-01   0.0000000e+00   9.3979402e-01
