   2.3967376e-02   3.9706646e+00
   7.8793928e-01   2.4951394e+00
   7.0506749e-01   3.0452894e+00
   7.1202209e-02   3.8845228e+00
   2.4436992e-01   3.5739130e+00
   7.5286076e-01   2.7006282e+00
   7.9987222e-03   3.9913989e+00
   8.4088952e-01   2.3203524e+00
   6.4899729e-01   3.4585813e+00
   7.7485392e-01   2.5650325e+00
   7.6220924e-01   2.6405103e+00
   1.8330908e-01   3.6356321e+00
   8.0927967e-01   2.4021474e+00
   6.3428751e-02   3.9008718e+00
   2.5141186e-01   3.5731943e+00
   7.2146264e-01   2.9222882e+00
   1.0183134e-01   3.8147646e+00
   7.2466463e-01   2.8986540e+00
   1.6858245e-01   3.6628626e+00
   8.2141197e-01   2.3623553e+00
   6.7308387e-01   3.2862323e+00
   2.3639605e-01   3.5764455e+00
   6.3575600e-01   3.5468476e+00
   1.4653177e-01   3.7095670e+00
   5.5609762e-02   3.9165608e+00
   7.1171294e-01   2.9951241e+00
   6.5734431e-01   3.4003364e+00
   7.6534410e-01   2.6211349e+00
   6.8778891e-01   3.1761938e+00
   1.3915768e-01   3.7263355e+00
   7.8132200e-01   2.5293637e+00
   1.5989916e-02   3.9816095e+00
   3.9852326e-02   3.9455286e+00
   7.6849399e-01   2.6020945e+00
   8.0183975e-01   2.4313838e+00
   1.2433356e-01   3.7610983e+00
   7.4353442e-01   2.7637013e+00
   8.1317189e-01   2.3882925e+00
   7.4975299e-01   2.7213272e+00
   8.5940100e-01   2.3070044e+00
   2.2855405e-01   3.5806802e+00
   7.8930616e-02   3.8676203e+00
   1.5388900e-01   3.6933366e+00
   7.2784590e-01   2.8753490e+00
   1.3176032e-01   3.7435456e+00
   8.3547830e-01   2.3292141e+00
   6.4468593e-01   3.4879163e+00
   6.6536020e-01   3.3428323e+00
   4.7750631e-02   3.9314778e+00
   7.1498936e-01   2.9705232e+00
   8.3048970e-01   2.3393189e+00
   9.4244688e-02   3.8326252e+00
   6.6925617e-01   3.3144119e+00
   6.7684708e-01   3.2583103e+00
   6.9133196e-01   3.1494012e+00
   1.0937151e-01   3.7968193e+00
   7.5597057e-01   2.6802596e+00
   1.1687285e-01   3.7788898e+00
   6.8054987e-01   3.2306567e+00
   6.4027447e-01   3.5173505e+00
   6.6139111e-01   3.3714803e+00
   3.1923739e-02   3.9586155e+00
   7.1823841e-01   2.9462444e+00
   8.4688346e-01   2.3131296e+00
   7.7166269e-01   2.5833919e+00
   6.9828114e-01   3.0967244e+00
   8.5373947e-01   2.3082616e+00
   8.2582368e-01   2.3504202e+00
   7.5908575e-01   2.6602195e+00
   8.6611565e-02   3.8502821e+00
   2.1319057e-01   3.5937869e+00
   1.9814615e-01   3.6123647e+00
   6.8419626e-01   3.2032795e+00
   7.0169312e-01   3.0708508e+00
   1.9070834e-01   3.6234581e+00
   7.0840627e-01   3.0200486e+00
   6.5321492e-01   3.4293778e+00
   3.9896253e-04   3.9995995e+00
   2.0563618e-01   3.6024420e+00
   8.0550796e-01   2.4165247e+00
   1.7593724e-01   3.6487967e+00
   7.9825962e-01   2.4466985e+00
   1.6123656e-01   3.6777380e+00
   7.9131897e-01   2.4785939e+00
   7.3729315e-01   2.8073828e+00
   7.9475626e-01   2.4624411e+00
   7.3100931e-01   2.8523699e+00
   7.3415773e-01   2.8297135e+00
   7.4041766e-01   2.7853803e+00
   8.1720687e-01   2.3750070e+00
   2.2082449e-01   3.5864980e+00
   7.8460912e-01   2.5120666e+00
   7.4664518e-01   2.7423513e+00
   6.9482820e-01   3.1229107e+00
   7.7807198e-01   2.5470218e+00
   6.5549815e-01   3.4195334e+00
   7.4861930e-01   2.7289599e+00
   6.5190987e-01   3.4384654e+00
   2.0731079e-01   3.6004034e+00
   2.3549733e-01   3.5768439e+00
