   8.5456977e-01   5.1933661e-01
   5.8334626e-01   8.1222358e-01
   6.3323784e-01   7.7395726e-01
   1.0000000e+00   9.7296228e-05
   8.4861632e-01   5.2900884e-01
   8.6622971e-02   9.9624117e-01
   9.2829675e-01   3.7184022e-01
   9.0780356e-01   4.1939564e-01
   5.3222808e-01   8.4660101e-01
   1.3260464e-01   9.9116901e-01
   8.6604943e-01   4.9995838e-01
   9.6407939e-01   2.6561425e-01
   7.8387520e-01   6.2091841e-01
   6.5148679e-01   7.5865998e-01
   5.9596246e-01   8.0301230e-01
   3.4689597e-01   9.3790361e-01
   8.8897374e-01   4.5795818e-01
   5.4508571e-01   8.3838032e-01
   3.1926698e-01   9.4766481e-01
   2.2275876e-01   9.7487360e-01
   8.0301142e-01   5.9596364e-01
   6.6049975e-01   7.5082626e-01
   6.2091894e-01   7.8387478e-01
   2.3968346e-01   9.7085109e-01
   9.7550740e-01   2.1996662e-01
   7.0427212e-01   7.0993013e-01
   7.9356121e-01   6.0849043e-01
   4.8379713e-01   8.7518017e-01
   4.6441057e-01   8.8562002e-01
   8.7696013e-01   4.8056315e-01
   2.8917508e-01   9.5727623e-01
   8.9549732e-01   4.4506691e-01
   9.5991666e-01   2.8028557e-01
   1.1042782e-01   9.9388415e-01
   9.8334396e-01   1.8175441e-01
   7.6124535e-01   6.4846396e-01
   2.7439281e-01   9.6161769e-01
   7.4553661e-01   6.6646467e-01
   9.9304427e-01   1.1774156e-01
   6.0849038e-01   7.9356125e-01
   4.2259496e-01   9.0631865e-01
   8.2118913e-01   5.7065612e-01
   7.1274085e-01   7.0142746e-01
   9.7154772e-01   2.3684390e-01
   3.0413720e-01   9.5262824e-01
   8.4252203e-01   5.3866188e-01
   7.6891384e-01   6.3935241e-01
   5.6978584e-02   9.9837540e-01
   3.9709126e-01   9.1777913e-01
   7.3750687e-01   6.7533963e-01
   3.5932590e-01   9.3321214e-01
   7.7645812e-01   6.3016886e-01
   4.7410025e-01   8.8047087e-01
   5.2256211e-01   8.5260122e-01
   9.5068110e-01   3.1017003e-01
   7.5344995e-01   6.5750526e-01
   8.3628544e-01   5.4829432e-01
   7.2110401e-01   6.9282682e-01
   9.0177197e-01   4.3221212e-01
   6.9570455e-01   7.1832804e-01
   3.3455578e-01   9.4237595e-01
   8.8220306e-01   4.7086916e-01
   3.8443005e-01   9.2315412e-01
   4.9349429e-01   8.6974903e-01
   2.0612939e-01   9.7852474e-01
   6.6943218e-01   7.4287318e-01
   1.5291503e-01   9.8823934e-01
   9.7367025e-05   1.0000000e+00
   9.5545392e-01   2.9514031e-01
   9.2183210e-01   3.8758945e-01
   2.5690082e-01   9.6643777e-01
   6.4239865e-01   7.6637065e-01
   9.1500300e-01   4.0344704e-01
   9.4016673e-01   3.4071473e-01
   5.7065574e-01   8.2118940e-01
   9.6795321e-01   2.5113060e-01
   5.5789841e-01   8.2990925e-01
   9.9811008e-01   6.1451276e-02
   4.5473276e-01   8.9062794e-01
   5.1288207e-01   8.5845907e-01
   1.7114579e-01   9.8524572e-01
   9.9012948e-01   1.4015566e-01
   9.4558895e-01   3.2536370e-01
   8.1222256e-01   5.8334768e-01
   9.3440623e-01   3.5620919e-01
   9.9582230e-01   9.1312311e-02
   4.4506787e-01   8.9549684e-01
   6.7828044e-01   7.3480313e-01
   9.7966257e-01   2.0065206e-01
   8.7157720e-01   4.9025828e-01
   8.2990898e-01   5.5789881e-01
   3.7183978e-01   9.2829692e-01
   8.6037972e-01   5.0965355e-01
   4.0981509e-01   9.1216862e-01
   9.8700743e-01   1.6067461e-01
   6.8703828e-01   7.2662122e-01
   4.3542085e-01   9.0022702e-01
   1.8980302e-01   9.8182219e-01
   5.0319292e-01   8.6417410e-01
   7.2936218e-01   6.8412778e-01
