   7.3805980e-01   6.8851442e-01   2.7540382e-01
   3.1456767e-01   2.9345098e-01   9.5371135e-01
   6.9037450e-01   6.4403020e-01   4.5082122e-01
   6.9641181e-01   6.4966222e-01   4.3310648e-01
   7.0803348e-01   6.6050374e-01   3.9630170e-01
   6.0692475e-01   5.6618237e-01   6.3695487e-01
   5.8214604e-01   5.4306703e-01   6.7883416e-01
   6.4403020e-01   6.9037450e-01   4.5082122e-01
   6.9592098e-01   7.4599933e-01   2.3197115e-01
   5.6618237e-01   6.0692475e-01   6.3695487e-01
   7.1701692e-01   6.6888414e-01   3.6484568e-01
   7.3430474e-01   6.8501144e-01   2.9357710e-01
   6.6888414e-01   7.1701692e-01   3.6484568e-01
   7.4599933e-01   6.9592098e-01   2.3197115e-01
   6.6509343e-01   6.2044623e-01   5.1703852e-01
   6.8108265e-01   6.3536210e-01   4.7652184e-01
   7.0911604e-01   7.6014391e-01   1.1818338e-01
   4.5227944e-01   4.2191828e-01   8.4383642e-01
   5.4306703e-01   5.8214604e-01   6.7883416e-01
   7.3980795e-01   7.3980795e-01   1.4794843e-04
   7.5415330e-01   7.0352758e-01   1.7587885e-01
   6.7547617e-01   7.2408332e-01   3.3773796e-01
   5.5225740e-01   5.9199775e-01   6.6270813e-01
   5.6596418e-01   5.2797145e-01   7.0396188e-01
   2.9555949e-01   2.7571881e-01   9.6501573e-01
   6.4966222e-01   6.9641181e-01   4.3310648e-01
   5.1682517e-01   4.8213110e-01   7.7140973e-01
   7.0352758e-01   7.5415330e-01   1.7587885e-01
   4.2191828e-01   4.5227944e-01   8.4383642e-01
   4.7025783e-01   4.4309694e-01   8.2289386e-01
   6.3536210e-01   6.8108265e-01   4.7652184e-01
   5.9199775e-01   5.5225740e-01   6.6270813e-01
   6.9749920e-01   6.9749920e-01   3.4874256e-01
   4.8213110e-01   5.1682517e-01   7.7140973e-01
   4.0699614e-01   3.7967481e-01   8.8590790e-01
   7.2289679e-01   7.2289679e-01   2.2242324e-01
   6.8851442e-01   7.3805980e-01   2.7540382e-01
   6.2044623e-01   6.6509343e-01   5.1703852e-01
   7.5801962e-01   7.0713435e-01   1.4141745e-01
   5.2797145e-01   5.6596418e-01   7.0396188e-01
   7.1368389e-01   7.6504046e-01   1.5292143e-04
   2.7571881e-01   2.9555949e-01   9.6501573e-01
   6.6050374e-01   7.0803348e-01   3.9630170e-01
   7.6143390e-01   7.1031944e-01   1.0147090e-01
   4.9882959e-01   5.3472529e-01   7.4824430e-01
   5.1613215e-01   5.5327294e-01   7.2258445e-01
   4.1763490e-01   3.8959939e-01   8.7659856e-01
   5.3472529e-01   4.9882959e-01   7.4824430e-01
   3.8959939e-01   4.1763490e-01   8.7659856e-01
   4.4570776e-01   4.7778081e-01   8.1713018e-01
   7.6504046e-01   7.1368389e-01   1.5292143e-04
   2.1524578e-01   2.0079650e-01   1.0039829e+00
   4.2871829e-01   3.9993877e-01   8.6653404e-01
   2.7854771e-01   2.5984902e-01   9.7443383e-01
   5.8957746e-01   6.3200335e-01   5.8957765e-01
   6.5692186e-01   6.1282321e-01   5.3622105e-01
   5.5327294e-01   5.1613215e-01   7.2258445e-01
   3.6100870e-01   3.8698683e-01   9.0252177e-01
   6.3200335e-01   5.8957746e-01   5.8957765e-01
   5.9861271e-01   5.5842830e-01   6.5150003e-01
   3.9993877e-01   4.2871829e-01   8.6653404e-01
   7.2408332e-01   6.7547617e-01   3.3773796e-01
   3.6855481e-01   3.4381401e-01   9.1683745e-01
   2.3697107e-01   2.2106339e-01   9.9479009e-01
   3.8698683e-01   3.6100870e-01   9.0252177e-01
   4.7135484e-01   5.0527345e-01   7.8559212e-01
   3.3588639e-01   3.1333860e-01   9.4001643e-01
   5.0527345e-01   4.7135484e-01   7.8559212e-01
   4.8311889e-01   4.5068749e-01   8.1123890e-01
   6.7155351e-01   6.2647264e-01   5.0117816e-01
   4.5829846e-01   4.9127754e-01   8.0202278e-01
   3.4381401e-01   3.6855481e-01   9.1683745e-01
   6.1282350e-01   6.5692217e-01   5.3622034e-01
   5.5842830e-01   5.9861271e-01   6.5150003e-01
   4.9127754e-01   4.5829846e-01   8.0202278e-01
   3.1333860e-01   3.3588639e-01   9.4001643e-01
   2.2106339e-01   2.3697107e-01   9.9479009e-01
   3.2796446e-01   3.5156472e-01   9.2923258e-01
   3.5156472e-01   3.2796446e-01   9.2923258e-01
   6.2647264e-01   6.7155351e-01   5.0117816e-01
   2.8731416e-01   3.0798924e-01   9.5771855e-01
   2.0079650e-01   2.1524578e-01   1.0039829e+00
   1.4628785e-01   1.5681470e-01   1.0240316e+00
   1.6939035e-01   1.8157965e-01   1.0163500e+00
   3.7967481e-01   4.0699614e-01   8.8590790e-01
   2.5984902e-01   2.7854771e-01   9.7443383e-01
   2.6325956e-01   2.4558715e-01   9.8235075e-01
   1.8157965e-01   1.6939035e-01   1.0163500e+00
   1.5681724e-01   1.4629022e-01   1.0240308e+00
   2.4558715e-01   2.6325956e-01   9.8235075e-01
   6.5790918e-01   6.5790918e-01   4.7847952e-01
   8.0000408e-02   8.0003058e-02   1.0401111e+00
   6.0404998e-01   6.0404824e-01   6.0405379e-01
   1.8422956e-01   1.8423119e-01   1.0132867e+00
   4.9702729e-02   4.9702748e-02   1.0438826e+00
   9.4332590e-02   9.4335659e-02   1.0377060e+00
   1.1483776e-01   1.1483188e-01   1.0335655e+00
   5.3828628e-01   5.3828844e-01   7.1772213e-01
   1.0286948e-04   1.0210510e-04   1.0462464e+00
   1.2877949e-01   1.2877960e-01   1.0302734e+00
