   2.6999969e-02   4.7300003e-01
   3.5299996e-01   1.4700004e-01
   3.4800001e-01   1.5199999e-01
   3.8799997e-01   1.1200003e-01
   2.6799993e-01   2.3200007e-01
   4.5099984e-01   4.9000165e-02
   1.6199975e-01   3.3800025e-01
   3.6800064e-01   1.3199936e-01
   6.2000058e-02   4.3799994e-01
   3.1599996e-01   1.8400004e-01
   1.1199999e-01   3.8800001e-01
   3.0800005e-01   1.9199995e-01
   2.8799993e-01   2.1200007e-01
   3.0400001e-01   1.9599999e-01
   3.8299999e-01   1.1700001e-01
   1.9200056e-01   3.0799944e-01
   2.7800050e-01   2.2199950e-01
   4.4099987e-01   5.9000130e-02
   1.3699946e-01   3.6300054e-01
   8.7999950e-02   4.1200005e-01
   3.7799997e-01   1.2200003e-01
   4.3599888e-01   6.4001119e-02
   1.8700006e-01   3.1299994e-01
   2.1999928e-02   4.7800007e-01
   3.3299993e-01   1.6700007e-01
   2.9200017e-01   2.0799983e-01
   4.9896940e-05   4.9995010e-01
   2.7300001e-01   2.2699999e-01
   3.4300022e-01   1.5699978e-01
   4.1099998e-01   8.9000016e-02
   3.3800033e-01   1.6199967e-01
   3.1999952e-02   4.6800005e-01
   4.9995043e-01   4.9572469e-05
   9.3999884e-02   4.0600012e-01
   2.5799995e-01   2.4200005e-01
   4.9400006e-01   5.9999409e-03
   2.4800002e-01   2.5199998e-01
   3.5799996e-01   1.4200004e-01
   3.2000028e-01   1.7999972e-01
   3.0000003e-01   1.9999997e-01
   1.5199992e-01   3.4800008e-01
   4.6099970e-01   3.9000297e-02
   4.5600020e-01   4.3999804e-02
   1.4199999e-01   3.5800001e-01
   4.2000341e-02   4.5799966e-01
   4.8799995e-01   1.2000048e-02
   4.1600005e-01   8.3999952e-02
   1.5699996e-01   3.4300004e-01
   8.2000489e-02   4.1799951e-01
   1.2700029e-01   3.7299971e-01
   5.9996145e-03   4.9400039e-01
   2.3299935e-01   2.6700065e-01
   2.1799961e-01   2.8200039e-01
   2.2300007e-01   2.7699993e-01
   4.2100022e-01   7.8999785e-02
   1.7200001e-01   3.2799999e-01
   2.2800005e-01   2.7199995e-01
   2.6300013e-01   2.3699987e-01
   1.6699987e-01   3.3300013e-01
   2.9599973e-01   2.0400027e-01
   1.3200006e-01   3.6799994e-01
   3.9300019e-01   1.0699981e-01
   3.2400026e-01   1.7599974e-01
   1.8200075e-01   3.1799925e-01
   1.4700042e-01   3.5299958e-01
   2.0299988e-01   2.9700012e-01
   6.6999716e-02   4.3300028e-01
   4.8200025e-01   1.7999752e-02
   2.5300058e-01   2.4699942e-01
   4.7100061e-01   2.8999395e-02
   2.1299976e-01   2.8700024e-01
   1.0600031e-01   3.9399969e-01
   4.7600004e-01   2.3999962e-02
   4.3099904e-01   6.9000964e-02
   9.9999287e-02   4.0000071e-01
   3.7299991e-01   1.2700009e-01
   2.0800001e-01   2.9199999e-01
   5.1999913e-02   4.4800009e-01
   1.7700031e-01   3.2299969e-01
   1.9700148e-01   3.0299852e-01
   3.6300012e-01   1.3699988e-01
   2.8300110e-01   2.1699890e-01
   4.2599987e-01   7.4000134e-02
   1.2000024e-02   4.8799998e-01
   3.6999740e-02   4.6300026e-01
   5.7000047e-02   4.4299995e-01
   4.6600082e-01   3.3999183e-02
   4.4600018e-01   5.3999816e-02
   3.9900055e-01   1.0099945e-01
   4.7000068e-02   4.5299993e-01
   2.4300047e-01   2.5699953e-01
   1.6999890e-02   4.8300011e-01
   4.0500010e-01   9.4999900e-02
   3.1199999e-01   1.8800001e-01
   7.6999999e-02   4.2300000e-01
   3.2800014e-01   1.7199986e-01
   1.2199999e-01   3.7800001e-01
   2.3800031e-01   2.6199969e-01
   7.2000036e-02   4.2799996e-01
   1.1700003e-01   3.8299997e-01
