   9.2000859e-02   4.0799914e-01
   1.8599999e-01   3.1400001e-01
   2.7800007e-01   2.2199993e-01
   1.5000007e-01   3.4999993e-01
   1.4000000e-01   3.6000000e-01
   1.6000056e-01   3.3999944e-01
   4.6500059e-01   3.4999408e-02
   1.7499999e-01   3.2500001e-01
   2.1000012e-01   2.8999988e-01
   1.6500019e-01   3.3499981e-01
   1.7000044e-01   3.2999956e-01
   4.8000113e-01   1.9998874e-02
   1.0499983e-01   3.9500017e-01
   2.3799977e-01   2.6200023e-01
   2.9300034e-01   2.0699966e-01
   1.2999964e-01   3.7000036e-01
   1.9799927e-01   3.0200073e-01
   2.9699957e-01   2.0300043e-01
   4.9000001e-01   9.9999889e-03
   7.7000010e-02   4.2299999e-01
   1.3500000e-01   3.6500000e-01
   3.3000004e-01   1.6999996e-01
   2.5800050e-01   2.4199950e-01
   3.0999958e-01   1.9000042e-01
   3.4999924e-01   1.5000076e-01
   3.1999952e-01   1.8000048e-01
   2.8800167e-01   2.1199833e-01
   7.1999940e-02   4.2800006e-01
   3.4000005e-01   1.5999995e-01
   3.6000031e-01   1.3999969e-01
   4.7499997e-01   2.5000027e-02
   3.7000001e-01   1.2999999e-01
   2.1600017e-01   2.8399983e-01
   1.4500059e-01   3.5499941e-01
   4.5499873e-01   4.5001270e-02
   9.9999968e-02   4.0000003e-01
   4.1999670e-02   4.5800033e-01
   2.7300042e-01   2.2699958e-01
   2.1996905e-02   4.7800309e-01
   1.2499961e-01   3.7500039e-01
   4.3999709e-01   6.0002913e-02
   3.0500001e-01   1.9499999e-01
   4.7000102e-01   2.9998983e-02
   2.6999692e-02   4.7300031e-01
   6.2000058e-02   4.3799994e-01
   3.1999517e-02   4.6800048e-01
   1.5499949e-01   3.4500051e-01
   5.7000014e-02   4.4299999e-01
   2.3299990e-01   2.6700010e-01
   1.1499996e-01   3.8500004e-01
   4.9995126e-01   4.8744268e-05
   2.4300039e-01   2.5699961e-01
   2.0400023e-01   2.9599977e-01
   3.5500077e-01   1.4499923e-01
   8.2000019e-02   4.1799998e-01
   6.6999981e-02   4.3300002e-01
   4.5999979e-01   4.0000213e-02
   5.1999984e-02   4.4800002e-01
   4.7000263e-02   4.5299974e-01
   3.8500009e-01   1.1499991e-01
   1.9200008e-01   3.0799992e-01
   2.2799998e-01   2.7200002e-01
   1.0999972e-01   3.9000028e-01
   1.7999999e-01   3.2000001e-01
   1.7000178e-02   4.8299982e-01
   1.1999998e-01   3.8000002e-01
   2.5299921e-01   2.4700079e-01
   2.4800014e-01   2.5199986e-01
   4.4999736e-01   5.0002635e-02
   3.7500001e-01   1.2499999e-01
   2.6299972e-01   2.3700028e-01
   1.1000165e-02   4.8899983e-01
   3.2499982e-01   1.7500018e-01
   3.4500032e-01   1.5499968e-01
   4.4500162e-01   5.4998385e-02
   3.1500005e-01   1.8499995e-01
   2.6800005e-01   2.3199995e-01
   2.2200012e-01   2.7799988e-01
   4.8500032e-01   1.4999680e-02
   4.9857039e-05   4.9995014e-01
   3.8000037e-01   1.1999963e-01
   3.7000158e-02   4.6299984e-01
   3.6499991e-01   1.3500009e-01
   3.3500014e-01   1.6499986e-01
   4.2599982e-01   7.4000180e-02
   5.9999991e-03   4.9400000e-01
   4.3000306e-01   6.9996940e-02
   4.9500009e-01   4.9999129e-03
   4.3499871e-01   6.5001292e-02
   9.6000147e-02   4.0399985e-01
   4.2099939e-01   7.9000611e-02
   8.7000008e-02   4.1299999e-01
   3.0100056e-01   1.9899944e-01
   2.8300042e-01   2.1699958e-01
   3.9600096e-01   1.0399904e-01
   4.1199727e-01   8.8002725e-02
   4.0200007e-01   9.7999927e-02
   4.0698895e-01   9.3011046e-02
   4.1598801e-01   8.4011986e-02
   3.9009956e-01   1.0990044e-01
