   1.9800015e-01   3.0199985e-01
   4.8783232e-05   4.9995122e-01
   4.2999986e-01   7.0000142e-02
   2.0399987e-01   2.9600013e-01
   1.6800056e-01   3.3199944e-01
   2.2100014e-01   2.7899986e-01
   1.4300007e-01   3.5699993e-01
   3.2099976e-01   1.7900024e-01
   1.1799993e-01   3.8200007e-01
   6.3999964e-02   4.3600004e-01
   2.4099998e-01   2.5900002e-01
   2.1599995e-01   2.8400005e-01
   3.3600000e-01   1.6400000e-01
   1.7299994e-01   3.2700006e-01
   3.1599969e-01   1.8400031e-01
   2.7600002e-01   2.2399998e-01
   1.4999417e-02   4.8500058e-01
   4.3999996e-01   6.0000041e-02
   4.6499993e-01   3.5000069e-02
   3.3099989e-01   1.6900011e-01
   4.6000010e-01   3.9999905e-02
   2.5600003e-01   2.4399997e-01
   4.1999987e-01   8.0000132e-02
   3.4599976e-01   1.5400024e-01
   4.9999100e-03   4.9500009e-01
   2.3099970e-01   2.6900030e-01
   2.8100141e-01   2.1899859e-01
   3.7099977e-01   1.2900023e-01
   1.3800001e-01   3.6199999e-01
   3.5599976e-01   1.4400024e-01
   3.9600013e-01   1.0399987e-01
   2.9600028e-01   2.0399972e-01
   4.5000255e-02   4.5499974e-01
   4.9995066e-01   4.9343396e-05
   4.0099980e-01   9.9000204e-02
   4.8800027e-01   1.1999726e-02
   3.2599970e-01   1.7400030e-01
   4.7000026e-01   2.9999736e-02
   9.9991695e-03   4.9000083e-01
   9.8000314e-02   4.0199969e-01
   3.1099976e-01   1.8900024e-01
   2.1000008e-01   2.8999992e-01
   1.0799993e-01   3.9200007e-01
   1.8300007e-01   3.1699993e-01
   3.6100024e-01   1.3899976e-01
   2.3599988e-01   2.6400012e-01
   4.7600107e-01   2.3998926e-02
   1.5300003e-01   3.4699997e-01
   1.1299973e-01   3.8700027e-01
   1.4800019e-01   3.5199981e-01
   2.4600008e-01   2.5399992e-01
   7.3999944e-02   4.2600006e-01
   4.0500016e-01   9.4999840e-02
   4.1499997e-01   8.5000032e-02
   2.7100029e-01   2.2899971e-01
   3.7600006e-01   1.2399994e-01
   3.8100007e-01   1.1899993e-01
   2.8600051e-01   2.1399949e-01
   2.9100019e-01   2.0899981e-01
   1.5800022e-01   3.4199978e-01
   3.0099984e-01   1.9900016e-01
   3.6599988e-01   1.3400012e-01
   7.8999702e-02   4.2100030e-01
   3.8600028e-01   1.1399972e-01
   6.8999836e-02   4.3100016e-01
   3.9100009e-01   1.0899991e-01
   2.9999983e-02   4.7000002e-01
   4.0999951e-01   9.0000488e-02
   4.5000001e-01   4.9999991e-02
   8.9000723e-02   4.1099928e-01
   4.4499986e-01   5.5000137e-02
   3.0599959e-01   1.9400041e-01
   8.4001058e-02   4.1599894e-01
   1.7800011e-01   3.2199989e-01
   4.9400050e-01   5.9995021e-03
   1.8799994e-01   3.1200006e-01
   2.5100029e-01   2.4899971e-01
   1.3299997e-01   3.6700003e-01
   1.9999025e-02   4.8000098e-01
   2.4999975e-02   4.7500003e-01
   1.9300024e-01   3.0699976e-01
   4.5499994e-01   4.5000058e-02
   2.2599983e-01   2.7400017e-01
   2.6099999e-01   2.3900001e-01
   4.8200039e-01   1.7999614e-02
   1.2299890e-01   3.7700110e-01
   4.9999325e-02   4.5000067e-01
   1.6299998e-01   3.3700002e-01
   3.4099994e-01   1.5900006e-01
   4.2500000e-01   7.5000001e-02
   5.5000876e-02   4.4499912e-01
   1.0299930e-01   3.9700070e-01
   3.5099992e-01   1.4900008e-01
   1.2799989e-01   3.7200011e-01
   9.4000435e-02   4.0599956e-01
   4.3499985e-01   6.5000150e-02
   3.9999914e-02   4.6000009e-01
   3.5000009e-02   4.6499999e-01
   2.6599983e-01   2.3400017e-01
   6.0003267e-02   4.3999673e-01
