   1.4017893e-04   7.9435522e-01   6.0745351e-01
   4.0406516e-01   7.5288034e-01   5.1952145e-01
   3.8073428e-01   4.3515165e-01   8.1589488e-01
   6.0744761e-01   1.4016843e-04   7.9435973e-01
   5.7259739e-01   7.4438025e-01   3.4355533e-01
   5.5470393e-01   1.3857783e-04   8.3204779e-01
   4.6523888e-02   8.8395806e-01   4.6524582e-01
   4.7386127e-01   6.5159750e-01   5.9234803e-01
   8.7833011e-01   3.6296822e-01   3.1111136e-01
   8.4093257e-01   2.6279916e-01   4.7304230e-01
   3.1801152e-01   8.4799131e-01   4.2400403e-01
   7.5258374e-01   6.5849654e-01   1.4110895e-04
   2.4337212e-01   2.9205213e-01   9.2491922e-01
   7.9673337e-01   3.9795520e-01   4.5480500e-01
   7.0104749e-01   4.0894404e-01   5.8420646e-01
   9.9936534e-05   9.9999999e-01   9.9983533e-05
   8.3205082e-01   5.5469939e-01   1.3867510e-04
   7.6339357e-01   1.4307374e-04   6.4593362e-01
   3.5089419e-01   2.5059777e-01   9.0226051e-01
   4.5381315e-01   7.9773181e-01   3.9708637e-01
   9.2162931e-01   1.3164492e-04   3.8807138e-01
   2.1191320e-01   7.9524562e-01   5.6804683e-01
   8.9442762e-01   1.3416218e-04   4.4721271e-01
   9.8837236e-01   1.1401567e-04   1.5205286e-01
   6.0742998e-01   7.9437321e-01   1.4018277e-04
   8.0000030e-01   5.9999958e-01   1.4117454e-04
   9.0226211e-01   2.5061630e-01   3.5087683e-01
   8.6193701e-01   5.0701536e-01   1.3827666e-04
   1.2803006e-04   9.3979278e-01   3.4174482e-01
   6.5492589e-01   1.4169163e-04   7.5569309e-01
   9.3976875e-01   3.4181088e-01   1.2817852e-04
   5.0696299e-01   8.6196781e-01   1.3825944e-04
   5.2937569e-01   7.0593046e-01   4.7055665e-01
   3.1024962e-01   3.6195981e-01   8.7905078e-01
   6.7962119e-01   7.3193981e-01   4.8776527e-02
   4.7302738e-01   8.4095285e-01   2.6276111e-01
   7.3363873e-01   4.5147495e-01   5.0788246e-01
   1.4312887e-04   6.4593954e-01   7.6338855e-01
   1.1766186e-04   9.8057919e-01   1.9612352e-01
   3.0151436e-01   9.0453039e-01   3.0151924e-01
   1.3862364e-04   8.3205853e-01   5.5468783e-01
   1.4166943e-04   7.5569423e-01   6.5492459e-01
   7.3247516e-01   6.1978690e-01   2.8168126e-01
   5.5468580e-01   8.3205988e-01   1.3867106e-04
   1.9613493e-01   9.8057691e-01   1.1766429e-04
   8.1580655e-01   4.3523456e-01   3.8082877e-01
   3.7907473e-01   8.6645050e-01   3.2490905e-01
   6.3296956e-01   5.1789980e-01   5.7543839e-01
   4.0894453e-01   5.8419307e-01   7.0105836e-01
   5.0701724e-01   1.3809393e-04   8.6193590e-01
   9.9999999e-01   9.9964565e-05   9.9983533e-05
   7.0588276e-01   5.2941149e-01   4.7058794e-01
   1.3158224e-04   3.8805952e-01   9.2163431e-01
   1.3826466e-04   5.0701724e-01   8.6193590e-01
   6.3404386e-01   3.4582693e-01   6.9165896e-01
   3.4174492e-01   9.3979274e-01   1.2815353e-04
   2.8735672e-01   9.5782363e-01   1.2493339e-04
   1.3702883e-04   9.1380542e-01   4.0615224e-01
   6.5492770e-01   7.5569153e-01   1.4169179e-04
   7.3192125e-01   4.8779183e-02   6.7964099e-01
   2.6279598e-01   4.7301593e-01   8.4094839e-01
   5.4882284e-01   3.2928865e-01   7.6835049e-01
   3.8805952e-01   1.3157941e-04   9.2163431e-01
   4.7302126e-01   2.6278639e-01   8.4094839e-01
   4.0571868e-01   9.1285776e-01   4.5640654e-02
   9.1380991e-01   4.0614212e-01   1.3706400e-04
   8.8393584e-01   4.6528948e-01   4.6509387e-02
   9.5782742e-01   2.8734408e-01   1.2493339e-04
   1.3826260e-04   8.6193427e-01   5.0702002e-01
   7.8147640e-01   2.7894583e-01   5.5810739e-01
   4.5510316e-01   3.9820666e-01   7.9643742e-01
   1.2492451e-04   9.5782741e-01   2.8734411e-01
   9.4868685e-01   1.2936049e-04   3.1621708e-01
   8.1696230e-01   1.4391189e-04   5.7669106e-01
   4.8770744e-02   7.3192181e-01   6.7964099e-01
   7.6746544e-01   5.4973145e-01   3.2983654e-01
   8.6193445e-01   1.3823372e-04   5.0701971e-01
   9.8058874e-01   1.9607580e-01   1.1766429e-04
   9.7014583e-01   1.2126126e-04   2.4252229e-01
   5.9234763e-01   4.7386938e-01   6.5159197e-01
   1.2490730e-04   2.8735081e-01   9.5782540e-01
   5.9654993e-01   5.9654933e-01   5.3689579e-01
   3.4582182e-01   6.9167382e-01   6.3403044e-01
   7.0710713e-01   7.0710642e-01   1.4142112e-04
   4.4721236e-01   5.2015738e-05   8.9442781e-01
   4.6420704e-01   4.6420657e-01   7.5433685e-01
   4.8778226e-02   6.7964083e-01   7.3192146e-01
   1.4411123e-04   5.7669464e-01   8.1695978e-01
   5.3498896e-01   5.3498842e-01   6.5389159e-01
   2.8735081e-01   1.2492414e-04   9.5782540e-01
   6.7964031e-01   4.8785484e-02   7.3192146e-01
   4.4719798e-01   8.9443499e-01   1.3415814e-04
   6.4483110e-01   6.4483044e-01   4.1034931e-01
   2.7904762e-01   5.5811960e-01   7.8143133e-01
   7.0710674e-01   1.3215727e-04   7.0710681e-01
   6.7058114e-05   4.4721235e-01   8.9442781e-01
   6.6505033e-05   7.0710675e-01   7.0710681e-01
   1.9611220e-01   2.1907833e-05   9.8058146e-01
   2.8826426e-05   1.9611220e-01   9.8058146e-01
   5.3863596e-05   6.7489707e-05   1.0000000e+00
