   4.2839345e-01   4.2839345e-01   7.9558664e-01
   6.3960253e-01   6.3960253e-01   4.2640030e-01
   6.7828027e-01   6.7828027e-01   2.8261589e-01
   5.2981299e-01   5.2981299e-01   6.6226610e-01
   6.9431418e-01   6.9431418e-01   1.8935582e-01
   1.7609021e-01   1.7609021e-01   9.6849599e-01
   4.3188984e-01   4.3188984e-01   7.9179691e-01
   1.5032908e-01   1.5032908e-01   9.7713988e-01
   6.7457865e-01   6.7457865e-01   2.9981209e-01
   3.0151144e-01   3.0151144e-01   9.0453397e-01
   6.6666676e-01   6.6666676e-01   3.3333294e-01
   6.4483178e-01   6.4483178e-01   4.1034615e-01
   5.5602209e-01   5.5602209e-01   6.1780165e-01
   6.8348625e-01   6.8348625e-01   2.5630665e-01
   6.9631072e-01   6.9631072e-01   1.7407685e-01
   7.0710677e-01   7.0710677e-01   1.3939376e-04
   5.3916428e-01   5.3916428e-01   6.4699596e-01
   6.3116875e-01   6.3116875e-01   4.5083481e-01
   7.0224689e-01   7.0224689e-01   1.1704110e-01
   6.9853549e-01   6.9853549e-01   1.5522993e-01
   6.9171446e-01   6.9171446e-01   2.0751439e-01
   6.8824763e-01   6.8824763e-01   2.2941319e-01
   7.0014005e-01   7.0014005e-01   1.4002796e-01
   6.8483012e-01   6.8483012e-01   2.4902894e-01
   4.5749552e-01   4.5749552e-01   7.6249308e-01
   3.4815539e-01   3.4815539e-01   8.7038822e-01
   3.8649386e-01   3.8649386e-01   8.3740372e-01
   6.1545799e-01   6.1545799e-01   4.9236463e-01
   2.7156259e-01   2.7156259e-01   9.2331334e-01
   4.7301658e-01   4.7301658e-01   7.4331059e-01
   4.6420667e-01   4.6420667e-01   7.5433701e-01
   5.3499443e-01   5.3499443e-01   6.5388220e-01
   6.2469517e-01   6.2469517e-01   4.6852096e-01
   4.9746828e-01   4.9746828e-01   7.1066914e-01
   3.1578911e-01   3.1578911e-01   8.9473710e-01
   1.3102426e-01   1.3102426e-01   9.8268270e-01
   7.0352665e-01   7.0352665e-01   1.0050133e-01
   9.9014404e-02   9.9014404e-02   9.9014761e-01
   2.1938063e-01   2.1938063e-01   9.5065466e-01
   5.7735075e-01   5.7735075e-01   5.7734931e-01
   5.5337162e-01   5.5337162e-01   6.2254292e-01
   4.4997680e-01   4.4997680e-01   7.7138950e-01
   5.4545399e-01   5.4545399e-01   6.3636460e-01
   3.3129391e-01   3.3129391e-01   8.8345271e-01
   2.5445572e-01   2.5445572e-01   9.3300835e-01
   3.8949043e-01   3.8949043e-01   8.3462231e-01
   1.6222129e-01   1.6222129e-01   9.7332857e-01
   7.6471517e-02   7.6471517e-02   9.9413491e-01
   5.0697953e-01   5.0697953e-01   6.9709648e-01
   3.5897823e-01   3.5897823e-01   8.6155050e-01
   1.0976425e-01   1.0976425e-01   9.8787834e-01
   4.9874987e-02   4.9874987e-02   9.9750938e-01
   2.0177214e-01   2.0177214e-01   9.5842371e-01
   6.0131733e-01   6.0131733e-01   5.2615106e-01
   5.9655000e-01   5.9655000e-01   5.3689497e-01
   6.5561019e-01   6.5561019e-01   3.7463391e-01
   9.0166315e-02   9.0166315e-02   9.9183672e-01
   4.8507124e-01   4.8507124e-01   7.2760689e-01
   2.3570110e-01   2.3570110e-01   9.4280962e-01
   3.6650748e-01   3.6650748e-01   8.5518684e-01
   6.1958599e-01   6.1958599e-01   4.8189874e-01
   1.9244905e-01   1.9244905e-01   9.6225087e-01
   5.9867113e-01   5.9867113e-01   5.3215200e-01
   1.2309139e-01   1.2309139e-01   9.8473195e-01
   4.3685170e-01   4.3685170e-01   7.8633402e-01
   3.6986317e-02   3.6986317e-02   9.9863108e-01
   6.8041435e-01   6.8041435e-01   2.7216287e-01
   2.6490569e-01   2.6490569e-01   9.2717309e-01
   6.9310334e-01   6.9310334e-01   1.9802912e-01
   2.4663176e-01   2.4663176e-01   9.3720091e-01
   2.1199942e-01   2.1199942e-01   9.5399816e-01
   5.0251889e-01   5.0251889e-01   7.0352649e-01
   7.0493441e-01   7.0493441e-01   7.8325948e-02
   5.4997133e-01   5.4997133e-01   6.2854043e-01
   2.8213789e-01   2.8213789e-01   9.1694952e-01
   1.7121869e-01   1.7121869e-01   9.7024137e-01
   8.2759696e-02   8.2759696e-02   9.9312722e-01
   3.7628837e-01   3.7628837e-01   8.4664876e-01
   6.2251952e-02   6.2251952e-02   9.9611716e-01
   4.4444373e-01   4.4444373e-01   7.7777860e-01
   2.7617132e-01   2.7617132e-01   9.2057525e-01
   5.2320421e-01   5.2320421e-01   6.7269214e-01
   3.2338024e-01   3.2338024e-01   8.8929772e-01
   3.8235935e-01   3.8235935e-01   8.4119121e-01
   4.6829251e-01   4.6829251e-01   7.4926915e-01
   6.5973637e-01   6.5973637e-01   3.5985530e-01
   6.4676242e-01   6.4676242e-01   4.0422364e-01
   3.3786801e-01   3.3786801e-01   8.7845911e-01
   6.3372525e-01   6.3372525e-01   4.4360413e-01
   6.0920815e-01   6.0920815e-01   5.0767201e-01
   5.1449546e-01   5.1449546e-01   6.8599478e-01
   1.8123642e-01   1.8123642e-01   9.6659543e-01
   6.5094480e-01   6.5094480e-01   3.9056592e-01
   7.0620663e-01   7.0620663e-01   5.0442085e-02
   1.4002744e-01   1.4002744e-01   9.8019622e-01
   6.5814511e-01   6.5814511e-01   3.6563647e-01
   6.7671581e-01   6.7671581e-01   2.9001970e-01
   4.0824814e-01   4.0824814e-01   8.1649674e-01
   9.8878420e-05   9.8878420e-05   9.9999999e-01
   6.0470817e-01   6.0470817e-01   5.1832042e-01
