   2.1319033e-01   3.5937871e+00
   7.6534416e-01   2.6211345e+00
   6.9133209e-01   3.1494002e+00
   8.6611596e-02   3.8502821e+00
   8.2582320e-01   2.3504214e+00
   7.4664514e-01   2.7423515e+00
   7.1202901e-02   3.8845213e+00
   2.4436995e-01   3.5739130e+00
   1.5990161e-02   3.9816092e+00
   1.9814662e-01   3.6123640e+00
   6.8054990e-01   3.2306564e+00
   6.9828101e-01   3.0967254e+00
   8.1317201e-01   2.3882921e+00
   7.9980667e-03   3.9913996e+00
   7.0840633e-01   3.0200481e+00
   7.1498942e-01   2.9705228e+00
   7.1823857e-01   2.9462433e+00
   8.0550808e-01   2.4165242e+00
   7.3729298e-01   2.8073840e+00
   1.6123690e-01   3.6777373e+00
   6.5321477e-01   3.4293789e+00
   7.1171275e-01   2.9951255e+00
   2.2082430e-01   3.5864982e+00
   1.3176037e-01   3.7435454e+00
   6.3427189e-02   3.9008751e+00
   7.4353408e-01   2.7637037e+00
   1.2433350e-01   3.7610985e+00
   7.2784572e-01   2.8753503e+00
   8.4089020e-01   2.3203514e+00
   7.8132195e-01   2.5293640e+00
   7.9475617e-01   2.4624414e+00
   8.3547847e-01   2.3292138e+00
   6.6139105e-01   3.3714808e+00
   8.5374026e-01   2.3082613e+00
   6.4468587e-01   3.4879167e+00
   7.3415759e-01   2.8297144e+00
   8.4688296e-01   2.3131301e+00
   1.3915759e-01   3.7263357e+00
   3.9941880e-04   3.9995991e+00
   8.5940114e-01   2.3070044e+00
   7.7485374e-01   2.5650336e+00
   2.2855401e-01   3.5806803e+00
   3.9853729e-02   3.9455262e+00
   1.6858344e-01   3.6628606e+00
   7.5286079e-01   2.7006280e+00
   6.7308408e-01   3.2862308e+00
   7.7166273e-01   2.5833916e+00
   7.8793891e-01   2.4951413e+00
   7.8928589e-02   3.8676248e+00
   2.3965778e-02   3.9706669e+00
   5.5608665e-02   3.9165629e+00
   2.0563599e-01   3.6024422e+00
   6.4027462e-01   3.5173495e+00
   7.5597071e-01   2.6802586e+00
   8.1720679e-01   2.3750073e+00
   9.4244754e-02   3.8326251e+00
   1.7593683e-01   3.6487974e+00
   7.6220939e-01   2.6405093e+00
   7.6849448e-01   2.6020916e+00
   6.6536017e-01   3.3428325e+00
   6.3575552e-01   3.5468507e+00
   6.7684713e-01   3.2583099e+00
   7.0506742e-01   3.0452899e+00
   6.6925627e-01   3.3144112e+00
   8.3048986e-01   2.3393185e+00
   2.5141170e-01   3.5731943e+00
   1.0183087e-01   3.8147657e+00
   6.8419607e-01   3.2032809e+00
   1.9070828e-01   3.6234582e+00
   6.8778903e-01   3.1761929e+00
   7.8460893e-01   2.5120677e+00
   1.0937329e-01   3.7968150e+00
   6.5734431e-01   3.4003364e+00
   1.4653170e-01   3.7095671e+00
   7.3100944e-01   2.8523690e+00
   8.0927965e-01   2.4021475e+00
   7.9825966e-01   2.4466983e+00
   8.2141190e-01   2.3623555e+00
   4.7749140e-02   3.9314806e+00
   3.1924015e-02   3.9586151e+00
   7.5908584e-01   2.6602190e+00
   6.4899736e-01   3.4585809e+00
   1.1687260e-01   3.7788904e+00
   8.0183966e-01   2.4313842e+00
   1.5388844e-01   3.6933378e+00
   2.3639603e-01   3.5764455e+00
   7.4041764e-01   2.7853804e+00
   7.0169319e-01   3.0708502e+00
   7.4975326e-01   2.7213254e+00
   1.8330889e-01   3.6356325e+00
   7.7807224e-01   2.5470203e+00
   7.2146255e-01   2.9222888e+00
   7.2466426e-01   2.8986567e+00
   6.9482869e-01   3.1229071e+00
   7.9131982e-01   2.4785898e+00
   6.4195968e-01   3.5061784e+00
   6.6062671e-01   3.3769594e+00
   7.3465018e-01   2.8261903e+00
   6.8250161e-01   3.2186481e+00
   1.1416395e-01   3.7853659e+00
