   5.4248128e-01   5.7975197e-01   6.7810135e-01
   3.1306696e-01   2.9294073e-01   9.5204755e-01
   7.0683508e-01   7.5539754e-01   1.4134522e-01
   4.4508992e-01   4.7566941e-01   8.1599835e-01
   6.9559043e-01   7.4338034e-01   2.3186062e-01
   5.1552877e-01   5.5094771e-01   7.2173849e-01
   6.6008859e-01   7.0543938e-01   3.9605311e-01
   7.3169172e-01   6.8465324e-01   2.9342272e-01
   3.4324994e-01   3.6683261e-01   9.1533221e-01
   2.9413872e-01   2.7522934e-01   9.6330211e-01
   6.8816447e-01   7.3544418e-01   2.7526579e-01
   6.2599156e-01   6.6899974e-01   5.0079303e-01
   3.7908315e-01   4.0512771e-01   8.8452656e-01
   6.7851695e-01   6.3489693e-01   4.7617263e-01
   6.6899974e-01   6.2599156e-01   5.0079303e-01
   2.7522934e-01   2.9413872e-01   9.6330211e-01
   6.8779807e-01   6.4358139e-01   4.5050698e-01
   3.6683261e-01   3.4324994e-01   9.1533221e-01
   5.5094771e-01   5.1552877e-01   7.2173849e-01
   4.2130650e-01   4.5025198e-01   8.4261125e-01
   7.4338034e-01   6.9559043e-01   2.3186062e-01
   5.7975197e-01   5.4248128e-01   6.7810135e-01
   6.3489693e-01   6.7851695e-01   4.7617263e-01
   1.5603585e-01   1.4600473e-01   1.0220348e+00
   7.3544418e-01   6.8816447e-01   2.7526579e-01
   5.5167880e-01   5.8958139e-01   6.6201511e-01
   6.8465324e-01   7.3169172e-01   2.9342272e-01
   7.5153082e-01   7.0321694e-01   1.7580416e-01
   6.0975673e-01   6.5164952e-01   5.4200495e-01
   5.8958139e-01   5.5167880e-01   6.6201511e-01
   5.6360747e-01   5.2737467e-01   7.0316592e-01
   7.5751990e-01   7.0882100e-01   1.1813604e-01
   7.0321694e-01   7.5153082e-01   1.7580416e-01
   4.7073730e-01   5.0307888e-01   7.8456215e-01
   1.6906494e-01   1.8068039e-01   1.0143921e+00
   4.2677187e-01   3.9933586e-01   8.6522620e-01
   7.2147664e-01   6.7509486e-01   3.3754720e-01
   6.0447862e-01   5.6561833e-01   6.3631850e-01
   4.5025198e-01   4.2130650e-01   8.4261125e-01
   4.0512771e-01   3.7908315e-01   8.8452656e-01
   5.6561833e-01   6.0447862e-01   6.3631850e-01
   7.1441540e-01   6.6848756e-01   3.6462961e-01
   7.0543938e-01   6.6008859e-01   3.9605311e-01
   5.2737467e-01   5.6360747e-01   7.0316592e-01
   6.5438688e-01   6.1231812e-01   5.3578360e-01
   5.0307888e-01   4.7073730e-01   7.8456215e-01
   4.8912459e-01   4.5768010e-01   8.0094057e-01
   6.4358139e-01   6.8779807e-01   4.5050698e-01
   3.9515416e-01   4.2230287e-01   8.6932917e-01
   4.1572717e-01   3.8900119e-01   8.7525352e-01
   4.6930966e-01   4.4220295e-01   8.2123366e-01
   5.9618292e-01   5.5785593e-01   6.5083210e-01
   2.4513821e-01   2.6198021e-01   9.8055768e-01
   6.6254828e-01   6.1995484e-01   5.1662898e-01
   6.7509486e-01   7.2147664e-01   3.3754720e-01
   3.8519303e-01   3.6043002e-01   9.0107506e-01
   6.1560179e-01   6.5789615e-01   5.2766165e-01
   4.8151522e-01   5.1459728e-01   7.7042356e-01
   1.8068039e-01   1.6906494e-01   1.0143921e+00
   7.3831555e-01   7.3831555e-01   1.4765033e-04
   4.8098988e-01   4.5006834e-01   8.1012774e-01
   5.5785600e-01   5.9618299e-01   6.5083198e-01
   1.4600473e-01   1.5603585e-01   1.0220348e+00
   5.3720436e-01   5.3720436e-01   7.1626998e-01
   5.1459728e-01   4.8151522e-01   7.7042356e-01
   2.5938059e-01   2.7720110e-01   9.7267723e-01
   6.9382865e-01   6.4922428e-01   4.3281563e-01
   7.1002772e-01   7.5880953e-01   1.0143212e-01
   2.3581227e-01   2.2065254e-01   9.9293744e-01
   3.2741487e-01   3.4990961e-01   9.2767586e-01
   7.2143820e-01   7.2143820e-01   2.2197654e-01
   6.9609192e-01   6.9609192e-01   3.4803997e-01
   3.4990961e-01   3.2741487e-01   9.2767586e-01
   4.5768010e-01   4.8912459e-01   8.0094057e-01
   4.9821740e-01   5.3244698e-01   7.4732815e-01
   3.3429540e-01   3.1280445e-01   9.3841339e-01
   3.1280445e-01   3.3429540e-01   9.3841339e-01
   9.4137161e-02   9.4139428e-02   1.0356137e+00
   2.6198021e-01   2.4513821e-01   9.8055768e-01
   6.6848756e-01   7.1441539e-01   3.6462962e-01
   2.8681071e-01   3.0651578e-01   9.5603736e-01
   2.0041724e-01   2.1418482e-01   1.0020866e+00
   7.1340190e-01   7.6241553e-01   1.5268826e-04
   3.6043002e-01   3.8519303e-01   9.0107506e-01
   5.8904032e-01   6.2950980e-01   5.8904044e-01
   6.4922428e-01   6.9382865e-01   4.3281563e-01
   4.7357017e-02   4.7357020e-02   1.0419858e+00
   2.7720110e-01   2.5938059e-01   9.7267723e-01
   2.1418571e-01   2.0041629e-01   1.0020866e+00
   1.1460798e-01   1.1460798e-01   1.0314794e+00
   7.9843632e-02   7.9843494e-02   1.0380124e+00
   7.6241553e-01   7.1340190e-01   1.5268826e-04
   6.5658182e-01   6.5657924e-01   4.7751833e-01
   1.8385979e-01   1.8385977e-01   1.0112423e+00
   1.2851852e-01   1.2851878e-01   1.0281953e+00
   6.0283103e-01   6.0282997e-01   6.0283539e-01
   6.2950980e-01   5.8904032e-01   5.8904044e-01
   2.2065255e-01   2.3581226e-01   9.9293744e-01
   9.7996613e-05   1.0432086e-04   1.0441359e+00
   5.3244698e-01   4.9821740e-01   7.4732815e-01
