   3.0099949e-01   1.9900051e-01
   2.5699937e-01   2.4300063e-01
   2.4199986e-01   2.5800014e-01
   4.6199982e-01   3.8000178e-02
   1.1199900e-01   3.8800100e-01
   1.7700068e-01   3.2299932e-01
   2.8299977e-01   2.1700023e-01
   1.1998916e-02   4.8800108e-01
   1.8600009e-01   3.1399991e-01
   2.6200019e-01   2.3799981e-01
   4.8200036e-01   1.7999636e-02
   2.3700006e-01   2.6299994e-01
   2.3200008e-01   2.6799992e-01
   3.4600050e-01   1.5399950e-01
   5.9994459e-03   4.9400055e-01
   3.2600020e-01   1.7399980e-01
   4.4700013e-01   5.2999875e-02
   2.0699961e-01   2.9300039e-01
   4.5700016e-01   4.2999837e-02
   7.7000004e-02   4.2300000e-01
   4.1199873e-01   8.8001275e-02
   3.3599984e-01   1.6400016e-01
   4.6999296e-02   4.5300070e-01
   1.6699997e-01   3.3300003e-01
   3.0599969e-01   1.9400031e-01
   2.8900006e-01   2.1099994e-01
   1.7200043e-01   3.2799957e-01
   3.7100006e-01   1.2899994e-01
   3.5600026e-01   1.4399974e-01
   4.2000137e-02   4.5799986e-01
   6.7000788e-02   4.3299921e-01
   3.8600001e-01   1.1399999e-01
   4.6699993e-01   3.3000067e-02
   1.8199960e-01   3.1800040e-01
   4.7200093e-01   2.7999066e-02
   8.2000992e-02   4.1799901e-01
   4.3700085e-01   6.2999147e-02
   1.1699990e-01   3.8300010e-01
   2.1999986e-02   4.7800001e-01
   2.7199998e-01   2.2800002e-01
   7.1999536e-02   4.2800046e-01
   1.6999886e-02   4.8300011e-01
   2.1199949e-01   2.8800051e-01
   1.9400039e-01   3.0599961e-01
   3.3099978e-01   1.6900022e-01
   4.7700000e-01   2.3000001e-02
   1.0699995e-01   3.9300005e-01
   2.9500097e-01   2.0499903e-01
   1.6200011e-01   3.3799989e-01
   6.1999782e-02   4.3800022e-01
   5.7000347e-02   4.4299965e-01
   2.2699979e-01   2.7300021e-01
   1.4199997e-01   3.5800003e-01
   3.1099956e-01   1.8900044e-01
   8.6999941e-02   4.1300006e-01
   1.3199996e-01   3.6800004e-01
   1.2699997e-01   3.7300003e-01
   5.2000202e-02   4.4799980e-01
   3.9100220e-01   1.0899780e-01
   2.6699982e-01   2.3300018e-01
   1.5199991e-01   3.4800009e-01
   3.5099971e-01   1.4900029e-01
   2.2200004e-01   2.7799996e-01
   2.0200016e-01   2.9799984e-01
   2.1700002e-01   2.8299998e-01
   3.4099962e-01   1.5900038e-01
   3.2099976e-01   1.7900024e-01
   1.2199959e-01   3.7800041e-01
   1.5700000e-01   3.4300000e-01
   1.3700031e-01   3.6299969e-01
   3.6999836e-02   4.6300016e-01
   1.0199894e-01   3.9800106e-01
   4.7827414e-05   4.9995217e-01
   3.6099982e-01   1.3900018e-01
   9.2000267e-02   4.0799973e-01
   2.7700004e-01   2.2299996e-01
   4.9300014e-01   6.9998578e-03
   3.9600027e-01   1.0399973e-01
   4.5200005e-01   4.7999954e-02
   3.7599981e-01   1.2400019e-01
   3.8100015e-01   1.1899985e-01
   4.0699962e-01   9.3000377e-02
   2.4699999e-01   2.5300001e-01
   4.3200003e-01   6.7999969e-02
   2.5199986e-01   2.4800014e-01
   4.1699886e-01   8.3001140e-02
   4.4199962e-01   5.8000377e-02
   1.4699999e-01   3.5300001e-01
   4.8700022e-01   1.2999777e-02
   4.2699651e-01   7.3003494e-02
   3.1599960e-01   1.8400040e-01
   4.9995049e-01   4.9508601e-05
   2.6999860e-02   4.7300014e-01
   4.2199794e-01   7.8002064e-02
   4.0199980e-01   9.8000198e-02
   3.2000000e-02   4.6800000e-01
   3.6599982e-01   1.3400018e-01
   1.9000002e-01   3.0999998e-01
   1.9799988e-01   3.0200012e-01
   9.7000377e-02   4.0299962e-01
