   6.3400959e-01   6.9169065e-01   3.4582638e-01
   6.5492916e-01   7.5569026e-01   1.4140289e-04
   2.4338770e-01   2.9207232e-01   9.2490875e-01
   8.6193407e-01   5.0702036e-01   1.3827332e-04
   7.5179733e-01   4.0482600e-01   5.2049657e-01
   7.9436292e-01   6.0744343e-01   1.4018169e-04
   9.8058042e-01   1.1762647e-04   1.9611737e-01
   7.5924962e-01   6.5079950e-01   1.4234449e-04
   3.4583084e-01   6.9167601e-01   6.3402313e-01
   9.3979336e-01   1.2811963e-04   3.4174322e-01
   8.3205563e-01   1.3843001e-04   5.5469218e-01
   3.5088817e-01   9.0225343e-01   2.5063167e-01
   5.2940995e-01   7.0588094e-01   4.7059239e-01
   3.8805955e-01   1.3151543e-04   9.2163429e-01
   8.9442627e-01   1.3413974e-04   4.4721542e-01
   6.5159981e-01   4.7384866e-01   5.9235558e-01
   3.3913919e-01   7.9132782e-01   5.0870905e-01
   4.8726590e-02   7.3192305e-01   6.7964282e-01
   1.2118709e-04   9.7014496e-01   2.4252574e-01
   9.3979130e-01   3.4174888e-01   1.2810232e-04
   1.4140329e-04   7.0710877e-01   7.0710478e-01
   3.1025430e-01   8.7904633e-01   3.6196660e-01
   9.0453753e-01   3.0152399e-01   3.0148822e-01
   1.3826950e-04   5.0699976e-01   8.6194618e-01
   2.8734929e-01   1.2490988e-04   9.5782586e-01
   9.5782444e-01   2.8735401e-01   1.2492597e-04
   1.4108615e-04   6.5850092e-01   7.5257991e-01
   8.3205038e-01   5.5470005e-01   1.3867454e-04
   4.9026049e-01   8.7157595e-01   1.3761347e-04
   7.3192094e-01   4.8779581e-02   6.7964129e-01
   8.7398183e-01   2.5755847e-01   4.1209149e-01
   6.5079516e-01   1.4235092e-04   7.5925334e-01
   7.9163652e-01   5.0837638e-01   3.3891751e-01
   2.8170504e-01   6.1978154e-01   7.3247055e-01
   4.0480344e-01   7.5180948e-01   5.2049657e-01
   3.3913862e-01   5.0870909e-01   7.9132803e-01
   5.9655265e-01   5.9655265e-01   5.3688907e-01
   6.7963100e-01   4.8792262e-02   7.3192965e-01
   8.7439496e-01   4.1145634e-01   2.5717142e-01
   7.5569180e-01   1.4167745e-04   6.5492739e-01
   1.3867077e-04   5.5470454e-01   8.3204739e-01
   3.8805810e-01   9.2163490e-01   1.3165972e-04
   3.3036193e-01   9.4385432e-01   1.2870368e-04
   6.2882637e-01   6.2882637e-01   4.5733443e-01
   7.9207823e-01   3.3859331e-01   5.0790418e-01
   8.3474145e-01   3.8936215e-01   3.8936337e-01
   6.9167561e-01   3.4583164e-01   6.3402313e-01
   1.3703870e-04   9.1380462e-01   4.0615404e-01
   3.7205693e-01   3.7205693e-01   8.5038067e-01
   4.0894217e-01   5.8420695e-01   7.0104818e-01
   4.2400177e-01   8.4799610e-01   3.1800176e-01
   4.4721359e-01   8.9442718e-01   1.3416397e-04
   5.8420596e-01   4.0894379e-01   7.0104805e-01
   2.5718118e-01   4.1149631e-01   8.7437328e-01
   1.3827764e-04   8.6193425e-01   5.0702004e-01
   2.6311518e-01   9.6476442e-01   1.2583367e-04
   9.9995954e-05   9.9999999e-01   9.9988182e-05
   4.6420443e-01   4.6420443e-01   7.5433977e-01
   8.6193425e-01   1.3826686e-04   5.0702004e-01
   9.2163414e-01   1.3165480e-04   3.8805992e-01
   8.9443037e-01   4.4720721e-01   1.3416397e-04
   6.7964511e-01   7.3191650e-01   4.8793108e-02
   9.2163316e-01   3.8806224e-01   1.2662597e-04
   3.8075402e-01   8.1588629e-01   4.3515047e-01
   5.6077471e-01   7.2900505e-01   3.9253454e-01
   9.8058008e-01   1.9611910e-01   1.1766704e-04
   6.0744708e-01   1.4017805e-04   7.9436014e-01
   5.3499484e-01   5.3499484e-01   6.5388152e-01
   7.0710877e-01   1.4137338e-04   7.0710478e-01
   4.7387695e-01   6.5157924e-01   5.9235558e-01
   5.5469932e-01   8.3205087e-01   1.3867455e-04
   1.4074342e-04   6.0002287e-01   7.9998283e-01
   7.0104848e-01   5.8421308e-01   4.0893289e-01
   7.3002221e-01   5.1079692e-01   4.5404194e-01
   2.4334357e-01   9.2492148e-01   2.9206875e-01
   9.5782761e-01   1.2486775e-04   2.8734346e-01
   9.9999999e-01   9.9925918e-05   9.9988182e-05
   4.6496084e-02   8.8395330e-01   4.6525766e-01
   6.0745264e-01   7.9435588e-01   1.4018137e-04
   4.9026091e-01   1.3569942e-04   8.7157571e-01
   1.4167841e-04   7.5569180e-01   6.5492739e-01
   4.4721246e-01   1.7076479e-06   8.9442776e-01
   1.3862523e-04   8.3205563e-01   5.5469218e-01
   3.5088010e-01   2.5063760e-01   9.0225492e-01
   7.9435881e-01   1.3989141e-04   6.0744881e-01
   1.2867258e-04   9.4385143e-01   3.3037018e-01
   5.5470454e-01   1.3784707e-04   8.3204739e-01
   1.3290905e-04   7.9435881e-01   6.0744881e-01
   1.3163456e-04   3.8805955e-01   9.2163429e-01
   7.3193141e-01   6.7962905e-01   4.8793108e-02
   1.6436996e-01   9.8639876e-01   1.0156438e-04
   5.0868421e-01   7.9135122e-01   3.3912185e-01
   2.0966539e-05   2.4253019e-01   9.7014386e-01
   1.1260111e-05   1.5205685e-01   9.8837175e-01
   9.9449491e-06   3.3034544e-01   9.4386010e-01
   6.4765904e-05   4.4721245e-01   8.9442776e-01
   9.3011802e-05   9.7524768e-05   9.9999999e-01
   5.0870895e-01   3.3913918e-01   7.9132789e-01
   1.9609641e-01   3.9849442e-14   9.8058462e-01
   7.0710677e-01   7.0710677e-01   1.4141744e-04
