   7.5257670e-01   1.4108807e-04   6.5850459e-01
   9.4281659e-01   2.3569462e-01   2.3567969e-01
   5.9654914e-01   5.9654914e-01   5.3689687e-01
   3.2444400e-01   8.1110456e-01   4.8666773e-01
   1.9611959e-01   1.1753922e-04   9.8057998e-01
   3.8806008e-01   9.2163407e-01   1.3164400e-04
   5.8421314e-01   7.0104710e-01   4.0893516e-01
   2.7274849e-01   7.0920328e-01   6.5010689e-01
   7.0710677e-01   7.0710677e-01   1.4141645e-04
   9.0453253e-01   3.0151365e-01   3.0151355e-01
   5.3684294e-01   7.7547752e-01   3.3231652e-01
   4.5504286e-01   7.9645957e-01   3.9823128e-01
   5.5815968e-01   2.7906958e-01   7.8139487e-01
   7.9153230e-01   3.3898640e-01   5.0849271e-01
   6.8599509e-01   5.1449585e-01   5.1449465e-01
   3.4581604e-01   6.3401360e-01   6.9169215e-01
   4.6501649e-02   4.6529567e-01   8.8393299e-01
   3.1800963e-01   4.2400982e-01   8.4798912e-01
   4.1147897e-01   8.7438480e-01   2.5716976e-01
   1.1846742e-04   9.8744037e-01   1.5799208e-01
   5.9999865e-01   1.4114065e-04   8.0000100e-01
   3.4174726e-01   1.2805926e-04   9.3979189e-01
   9.1380929e-01   4.0614353e-01   1.3707014e-04
   1.3149724e-04   9.2163530e-01   3.8805716e-01
   9.8058096e-01   1.1759509e-04   1.9611468e-01
   3.4343528e-01   7.4459165e-01   5.7239452e-01
   4.8771178e-02   6.7963748e-01   7.3192505e-01
   7.4437916e-01   5.7259818e-01   3.4355640e-01
   2.1205834e-01   5.6801799e-01   7.9522753e-01
   4.4721345e-01   8.9442725e-01   1.3415574e-04
   6.5079131e-01   7.5925665e-01   1.4235753e-04
   7.3193317e-01   6.7962729e-01   4.8791225e-02
   6.0910904e-01   3.3235275e-01   7.2008876e-01
   1.3416034e-04   8.9442548e-01   4.4721699e-01
   5.2048480e-01   4.0481337e-01   7.5181228e-01
   1.4012179e-04   7.9435905e-01   6.0744850e-01
   2.4253286e-01   9.7014318e-01   1.2125095e-04
   8.6193648e-01   1.3827573e-04   5.0701626e-01
   8.3956611e-01   5.4325751e-01   1.3992668e-04
   1.3760239e-04   8.7157634e-01   4.9025978e-01
   5.1789373e-01   6.3296742e-01   5.7544620e-01
   7.5479851e-01   4.6383766e-01   4.6382521e-01
   3.0151190e-01   9.0453311e-01   3.0151355e-01
   1.2870018e-04   9.4385419e-01   3.3036229e-01
   4.2401104e-01   3.1800800e-01   8.4798912e-01
   1.4102366e-04   7.5257670e-01   6.5850459e-01
   1.4017909e-04   6.0746761e-01   7.9434444e-01
   5.0702434e-01   8.6193173e-01   1.3827853e-04
   4.9026168e-01   1.3689927e-04   8.7157528e-01
   9.8837019e-01   1.5206693e-01   1.1394821e-04
   4.7055192e-01   7.0593727e-01   5.2937081e-01
   4.4444685e-01   4.4444685e-01   7.7777503e-01
   1.2812605e-04   3.4174726e-01   9.3979189e-01
   1.3858555e-04   5.5470026e-01   8.3205024e-01
   8.5026710e-01   3.7218670e-01   3.7218667e-01
   6.9166507e-01   3.4583250e-01   6.3403416e-01
   6.2882674e-01   6.2882674e-01   4.5733342e-01
   8.4799859e-01   4.2399925e-01   3.1799847e-01
   4.0479409e-01   5.2048982e-01   7.5181919e-01
   1.4168927e-04   6.5492888e-01   7.5569051e-01
   4.0571420e-01   4.5449295e-02   9.1286929e-01
   9.2163530e-01   1.3165795e-04   3.8805716e-01
   3.0150879e-01   3.0150879e-01   9.0453573e-01
   7.9435905e-01   1.4017140e-04   6.0744850e-01
   7.2900544e-01   3.9250521e-01   5.6079473e-01
   5.5470026e-01   1.3864243e-04   8.3205024e-01
   1.1759001e-04   1.9611959e-01   9.8057998e-01
   8.3205074e-01   1.3862162e-04   5.5469950e-01
   1.2615493e-04   9.6761780e-01   2.5241985e-01
   8.7438129e-01   2.5717389e-01   4.1148384e-01
   4.5579132e-01   5.6981494e-01   6.8378740e-01
   6.5850360e-01   1.4110532e-04   7.5257756e-01
   3.3034967e-01   9.4385861e-01   1.2870465e-04
   9.9999999e-01   9.9936360e-05   9.9999128e-05
   5.3498863e-01   5.3498863e-01   6.5389168e-01
   8.8379174e-01   4.6788047e-01   1.3953739e-04
   9.3977108e-01   3.4180448e-01   1.2815472e-04
   7.5568872e-01   6.5493094e-01   1.4029335e-04
   4.5732833e-01   6.2881258e-01   6.2884460e-01
   1.3823158e-04   5.0701086e-01   8.6193965e-01
   6.7964326e-01   7.3191834e-01   4.8791225e-02
   9.9951885e-05   9.9999999e-01   9.9999128e-05
   9.5782680e-01   1.2491546e-04   2.8734616e-01
   6.0744639e-01   7.9436066e-01   1.4016827e-04
   7.0104942e-01   5.8421036e-01   4.0893516e-01
   7.7538836e-01   4.9846372e-01   3.8769423e-01
   6.5159883e-01   4.7387615e-01   5.9233466e-01
   3.7221593e-01   8.5024330e-01   3.7221182e-01
   1.3864564e-04   8.3205074e-01   5.5469950e-01
   2.8734948e-01   1.2460581e-04   9.5782580e-01
   3.2641589e-06   4.0613844e-01   9.1381156e-01
   5.5469971e-01   8.3205060e-01   1.3867265e-04
   9.6476378e-01   2.6311753e-01   1.2419111e-04
   8.4250311e-05   8.0561692e-05   9.9999999e-01
   1.2489575e-04   2.8734948e-01   9.5782580e-01
   1.0045463e-04   7.0710394e-01   7.0710961e-01
   7.9436148e-01   6.0744533e-01   1.4017338e-04
   8.9442548e-01   1.3415863e-04   4.4721699e-01
   4.4720597e-01   4.3712309e-05   8.9443100e-01
   7.0710395e-01   7.0570738e-06   7.0710961e-01
