   5.4508767e-01   8.3837905e-01
   2.5113113e-01   9.6795308e-01
   1.9521165e-01   9.8076114e-01
   9.6942374e-01   2.4539277e-01
   5.6428548e-01   8.2557973e-01
   9.7852503e-01   2.0612803e-01
   5.2578659e-01   8.5061652e-01
   9.8233880e-01   1.8711090e-01
   2.1440764e-01   9.7674427e-01
   7.5345007e-01   6.5750512e-01
   5.8650957e-01   8.0994230e-01
   9.3449478e-05   1.0000000e+00
   8.0764734e-01   5.8966582e-01
   7.3750676e-01   6.7533975e-01
   4.3542154e-01   9.0022669e-01
   9.1914464e-01   3.9392020e-01
   9.0177217e-01   4.3221170e-01
   6.5148729e-01   7.5865955e-01
   8.2557973e-01   5.6428549e-01
   5.3544620e-01   8.4456934e-01
   9.1359334e-01   4.0662908e-01
   5.5470140e-01   8.3204949e-01
   9.8902005e-01   1.4778138e-01
   7.8387537e-01   6.2091820e-01
   4.9672640e-01   8.6790719e-01
   6.8703809e-01   7.2662140e-01
   3.0113158e-01   9.5358260e-01
   3.4689594e-01   9.3790362e-01
   8.8391937e-01   4.6763934e-01
   1.7378202e-01   9.8478414e-01
   6.0536746e-01   7.9594613e-01
   4.4828704e-01   8.9388966e-01
   8.4252242e-01   5.3866127e-01
   7.1273979e-01   7.0142854e-01
   3.8442960e-01   9.2315431e-01
   9.9663478e-01   8.1970197e-02
   4.6118346e-01   8.8730480e-01
   4.7409973e-01   8.8047115e-01
   1.2513486e-01   9.9213974e-01
   8.6228526e-01   5.0642288e-01
   8.1673615e-01   5.7701132e-01
   8.8897460e-01   4.5795651e-01
   9.5452512e-01   2.9813049e-01
   7.0427254e-01   7.0992971e-01
   7.9831612e-01   6.0223863e-01
   7.2936031e-01   6.8412977e-01
   9.4968864e-01   3.1319559e-01
   9.9182416e-01   1.2761206e-01
   3.7183907e-01   9.2829721e-01
   5.9596261e-01   8.0301218e-01
   9.8420447e-02   9.9514492e-01
   1.0000000e+00   9.5182840e-05
   9.8569908e-01   1.6851507e-01
   6.2400881e-01   7.8141731e-01
   8.5652260e-01   5.1610951e-01
   5.7383809e-01   8.1896877e-01
   9.3904214e-01   3.4380207e-01
   5.0642192e-01   8.6228582e-01
   3.5932426e-01   9.3321277e-01
   4.8703133e-01   8.7338450e-01
   6.5953140e-02   9.9782272e-01
   2.6853264e-01   9.6327059e-01
   8.6790700e-01   4.9672672e-01
   6.6943024e-01   7.4287492e-01
   7.6124419e-01   6.4846533e-01
   3.1622730e-01   9.4868345e-01
   2.3401173e-01   9.7223377e-01
   9.7422949e-01   2.2555908e-01
   9.5904842e-01   2.8324218e-01
   4.2259464e-01   9.0631880e-01
   7.9116298e-01   6.1160538e-01
   3.9708991e-01   9.1777972e-01
   2.8620588e-01   9.5816815e-01
   9.6407952e-01   2.6561379e-01
   9.2954788e-01   3.6870142e-01
   7.4553639e-01   6.6646492e-01
   8.5061664e-01   5.2578639e-01
   8.9549715e-01   4.4506724e-01
   6.4239839e-01   7.6637087e-01
   7.2110463e-01   6.9282618e-01
   6.1471751e-01   7.8874735e-01
   6.7827911e-01   7.3480436e-01
   9.9440874e-01   1.0559955e-01
   8.7872343e-01   4.7733126e-01
   3.3148626e-01   9.4346005e-01
   6.9570371e-01   7.1832886e-01
   1.5034297e-01   9.8863390e-01
   8.3417931e-01   5.5149331e-01
   7.6891327e-01   6.3935310e-01
   9.0780244e-01   4.1939806e-01
   8.7338612e-01   4.8702842e-01
   5.1611019e-01   8.5652220e-01
   9.2446150e-01   3.8127542e-01
   9.3440575e-01   3.5621046e-01
   4.0981448e-01   9.1216889e-01
   7.7645862e-01   6.3016824e-01
   6.3323752e-01   7.7395752e-01
   9.9849909e-01   5.4768294e-02
   9.4453088e-01   3.2842262e-01
   6.6050039e-01   7.5082570e-01
