   1.2877186e-02   8.5940085e-01   4.2925682e+00
   6.7820049e-01   8.4774875e-01   3.5605363e+00
   2.5141183e-01   1.9237093e-01   5.1940699e+00
   8.5940085e-01   6.3889921e-01   3.8334044e+00
   8.5940085e-01   2.1652228e-01   3.8974257e+00
   8.5940085e-01   9.9361792e-04   4.3060014e+00
   8.5940085e-01   7.7819096e-01   2.8533702e+00
   8.5940085e-01   4.3022886e-03   4.3025277e+00
   2.5141183e-01   2.5141183e-01   5.1463887e+00
   7.9325773e-01   8.5940085e-01   2.7764025e+00
   5.9987336e-04   5.9979065e-04   5.9987936e+00
   8.5940085e-01   1.8741537e-01   3.9357457e+00
   8.5940085e-01   7.6735338e-01   2.9159429e+00
   8.5940085e-01   1.7950771e-01   3.9493020e+00
   2.5141183e-01   5.9706350e-04   5.5725939e+00
   1.9937426e-01   2.5141183e-01   5.1838438e+00
   8.3333827e-01   1.6665861e-01   4.0000062e+00
   2.0575124e-01   8.5940085e-01   3.9093041e+00
   7.1541324e-01   7.1540451e-01   3.9347627e+00
   8.5940085e-01   2.0575163e-01   3.9093036e+00
   7.3400056e-01   2.5141183e-01   4.4040334e+00
   8.5940085e-01   2.5141183e-01   3.8801987e+00
   8.5940085e-01   7.5250161e-01   3.0100074e+00
   2.5141183e-01   8.5940085e-01   3.8801987e+00
   7.2530385e-01   1.8126991e-01   4.5331308e+00
   5.1674290e-04   8.5940085e-01   4.3064851e+00
   6.3889766e-01   8.5940085e-01   3.8334145e+00
   8.5940085e-01   1.9611140e-01   3.9222847e+00
   8.5940085e-01   8.0345403e-01   2.7317440e+00
   8.5940085e-01   5.1676798e-04   4.3064851e+00
   1.8741579e-01   8.5940085e-01   3.9357450e+00
   7.6735286e-01   8.5940085e-01   2.9159460e+00
   8.2137397e-01   8.5940085e-01   2.6694685e+00
   8.5940085e-01   1.7228830e-01   3.9626695e+00
   1.8131792e-01   7.2529724e-01   4.5330951e+00
   8.1093772e-01   8.5940085e-01   2.7031264e+00
   2.2868203e-01   8.5940085e-01   3.8876019e+00
   7.7131415e-01   8.5940085e-01   2.8924307e+00
   6.9131149e-01   8.5940085e-01   3.4565605e+00
   1.4351001e-03   8.5940085e-01   4.3055499e+00
   8.4771827e-01   6.7820432e-01   3.5605354e+00
   8.5940085e-01   1.6144965e-03   4.3053653e+00
   6.3610451e-01   6.3613823e-01   5.0889757e+00
   7.7686754e-01   7.7685679e-01   3.1074648e+00
   8.5940085e-01   8.5940085e-01   2.6140087e+00
   8.5940085e-01   2.2867836e-01   3.8876042e+00
   2.5141183e-01   1.9937814e-01   5.1838385e+00
   8.5940085e-01   6.4501959e-03   4.3001623e+00
   8.5940085e-01   7.3028918e-01   3.1645871e+00
   7.7819054e-01   8.5940085e-01   2.8533725e+00
   5.8116574e-04   1.9373127e-01   5.6182215e+00
   1.9373040e-01   5.8112496e-04   5.6182229e+00
   1.7228912e-01   8.5940085e-01   3.9626680e+00
   1.6665889e-01   8.3333286e-01   4.0000165e+00
   8.5940085e-01   2.5824197e-03   4.3043591e+00
   8.5940085e-01   2.4258284e-01   3.8813273e+00
   1.9237226e-01   2.5141183e-01   5.1940678e+00
   4.3021544e-03   8.5940085e-01   4.3025278e+00
   8.5940085e-01   6.5595612e-01   3.7171510e+00
   8.5940085e-01   7.0532898e-01   3.3503148e+00
   4.3672753e-04   7.3836898e-01   4.7993392e+00
   1.8772892e-01   1.8772929e-01   5.2564569e+00
   8.5940086e-01   7.2001182e-01   3.2400539e+00
   2.5825649e-03   8.5940085e-01   4.3043589e+00
   8.5940085e-01   7.7131391e-01   2.8924321e+00
   7.4842743e-01   2.5072817e-01   4.3034570e+00
   8.5940085e-01   1.2874750e-02   4.2925712e+00
   5.9704539e-04   2.5141183e-01   5.5725939e+00
   2.1652196e-01   8.5940085e-01   3.8974260e+00
   8.5940084e-01   8.2843971e-01   2.6510059e+00
   6.4493103e-03   8.5940085e-01   4.3001633e+00
   8.2844092e-01   8.5940085e-01   2.6510030e+00
   7.3835766e-01   5.4090410e-04   4.7993139e+00
   2.4258298e-01   8.5940085e-01   3.8813273e+00
   7.5250187e-01   8.5940085e-01   3.0100057e+00
   8.5931972e-01   6.6460513e-01   3.6553116e+00
   8.4522718e-01   2.5141183e-01   3.8880449e+00
   2.5141183e-01   8.4522654e-01   3.8880456e+00
   8.5940056e-01   8.1093860e-01   2.7031233e+00
   8.5940070e-01   6.7335548e-01   3.5912283e+00
   6.6460383e-01   8.5940085e-01   3.6553208e+00
   8.5880095e-01   6.9131287e-01   3.4565642e+00
   6.7335845e-01   8.5940086e-01   3.5912063e+00
   2.5128953e-01   7.3400342e-01   4.4040132e+00
   8.5940085e-01   7.9325803e-01   2.7764011e+00
   7.2001276e-01   8.5940085e-01   3.2400469e+00
   7.0532924e-01   8.5940085e-01   3.3503128e+00
   8.5940068e-01   7.1014136e-01   3.3139638e+00
   8.5940085e-01   7.3561025e-01   3.1263428e+00
   2.5141183e-01   7.4842718e-01   4.3034519e+00
   7.3561035e-01   8.5940086e-01   3.1263421e+00
   8.5926612e-01   8.2137459e-01   2.6694674e+00
   7.8398177e-01   8.5940085e-01   2.8223276e+00
   8.5939816e-01   7.8398146e-01   2.8223292e+00
   6.5596137e-01   8.5940085e-01   3.7171140e+00
   7.1013933e-01   8.5940086e-01   3.3139791e+00
   1.7951294e-01   8.5940085e-01   3.9492926e+00
   8.0345412e-01   8.5940085e-01   2.7317436e+00
   7.3028970e-01   8.5939396e-01   3.1645834e+00
   1.9611410e-01   8.5940085e-01   3.9222807e+00
