   3.9987652e-04   3.9995986e+00
   7.4664515e-01   2.7423514e+00
   6.6536040e-01   3.3428308e+00
   7.9986918e-03   3.9913989e+00
   1.1687276e-01   3.7788900e+00
   9.4244823e-02   3.8326249e+00
   1.9814653e-01   3.6123641e+00
   6.6139079e-01   3.3714826e+00
   7.2466425e-01   2.8986568e+00
   7.6220920e-01   2.6405106e+00
   1.6123688e-01   3.6777373e+00
   7.5597070e-01   2.6802587e+00
   2.5141210e-01   3.5731943e+00
   6.3575539e-01   3.5468515e+00
   1.0183072e-01   3.8147661e+00
   1.0937323e-01   3.7968152e+00
   6.9828105e-01   3.0967250e+00
   7.1498948e-01   2.9705223e+00
   7.9825982e-01   2.4466976e+00
   1.3915769e-01   3.7263355e+00
   8.6611538e-02   3.8502822e+00
   7.9131909e-01   2.4785933e+00
   3.1923652e-02   3.9586156e+00
   6.3428449e-02   3.9008725e+00
   6.7308365e-01   3.2862339e+00
   7.2784584e-01   2.8753494e+00
   6.6925622e-01   3.3144116e+00
   6.8419587e-01   3.2032824e+00
   8.1317196e-01   2.3882922e+00
   1.5388893e-01   3.6933367e+00
   6.9133200e-01   3.1494009e+00
   8.2582344e-01   2.3504208e+00
   7.5908570e-01   2.6602198e+00
   1.7593763e-01   3.6487959e+00
   6.8778896e-01   3.1761934e+00
   5.5609150e-02   3.9165620e+00
   7.0506730e-01   3.0452908e+00
   2.1319072e-01   3.5937867e+00
   8.5939996e-01   2.3070044e+00
   2.3967303e-02   3.9706647e+00
   2.2855403e-01   3.5806802e+00
   7.8132170e-01   2.5293653e+00
   2.0563579e-01   3.6024424e+00
   1.2433369e-01   3.7610980e+00
   7.5286074e-01   2.7006283e+00
   1.8330913e-01   3.6356320e+00
   1.3176023e-01   3.7435458e+00
   7.8793920e-01   2.4951398e+00
   2.2082472e-01   3.5864978e+00
   7.0169325e-01   3.0708497e+00
   7.6534434e-01   2.6211334e+00
   8.1720677e-01   2.3750074e+00
   7.8930500e-02   3.8676206e+00
   7.3100932e-01   2.8523698e+00
   3.9853675e-02   3.9455263e+00
   6.5734412e-01   3.4003378e+00
   7.8460912e-01   2.5120667e+00
   6.4027461e-01   3.5173496e+00
   8.4089012e-01   2.3203515e+00
   7.1171278e-01   2.9951253e+00
   8.0183966e-01   2.4313842e+00
   7.3729294e-01   2.8073842e+00
   7.9475637e-01   2.4624405e+00
   7.1201963e-02   3.8845233e+00
   7.0840639e-01   3.0200477e+00
   1.5988665e-02   3.9816111e+00
   7.2146292e-01   2.9222861e+00
   6.4468634e-01   3.4879135e+00
   8.5374007e-01   2.3082614e+00
   8.4688298e-01   2.3131301e+00
   1.6858221e-01   3.6628630e+00
   7.1823850e-01   2.9462437e+00
   8.3049010e-01   2.3393180e+00
   6.8055005e-01   3.2306553e+00
   7.7485375e-01   2.5650335e+00
   2.3639538e-01   3.5764458e+00
   7.7807188e-01   2.5470224e+00
   2.4436930e-01   3.5739132e+00
   8.3547853e-01   2.3292137e+00
   8.0927928e-01   2.4021489e+00
   6.4899738e-01   3.4585807e+00
   4.7748861e-02   3.9314811e+00
   6.9482828e-01   3.1229102e+00
   8.0550817e-01   2.4165239e+00
   1.9070824e-01   3.6234582e+00
   6.7684702e-01   3.2583107e+00
   6.5321529e-01   3.4293752e+00
   7.4353428e-01   2.7637023e+00
   1.4653141e-01   3.7095678e+00
   8.2141207e-01   2.3623550e+00
   7.3415756e-01   2.8297147e+00
   7.6849456e-01   2.6020911e+00
   7.4975315e-01   2.7213262e+00
   7.4041758e-01   2.7853809e+00
   7.7166300e-01   2.5833900e+00
   6.8760167e-01   3.1776078e+00
   1.4557790e-01   3.7117102e+00
   7.1928946e-01   2.9384189e+00
   9.9133938e-02   3.8211433e+00
   1.3518064e-01   3.7355472e+00
