   5.7922507e-01   6.5689660e-01   6.4358352e-01
   7.3865904e-01   7.9547801e-01   5.3029572e-02
   8.1028379e-01   7.1447573e-01   1.1907638e-01
   6.5401889e-01   5.7668762e-01   6.4877212e-01
   7.0556376e-01   6.2213782e-01   5.4437017e-01
   7.3028594e-01   6.4393684e-01   4.8295173e-01
   8.0427313e-01   7.0917577e-01   1.7728235e-01
   7.6682029e-01   6.7615136e-01   3.6880965e-01
   3.3674855e-01   2.9693136e-01   9.8977106e-01
   6.4393684e-01   7.3028594e-01   4.8295173e-01
   6.3535214e-01   7.2055007e-01   5.0828124e-01
   4.6172934e-01   4.0713441e-01   8.9569088e-01
   7.5771327e-01   6.6812116e-01   4.0087314e-01
   4.0713441e-01   4.6172934e-01   8.9569088e-01
   3.9089248e-01   4.4330945e-01   9.1208244e-01
   4.4330945e-01   3.9089248e-01   9.1208244e-01
   7.2055007e-01   6.3535214e-01   5.0828124e-01
   6.5770960e-01   7.4590557e-01   4.3847183e-01
   6.2213782e-01   7.0556376e-01   5.4437017e-01
   3.3841677e-01   3.8379697e-01   9.5884751e-01
   3.8379697e-01   3.3841677e-01   9.5884751e-01
   6.8245650e-01   7.7397092e-01   3.4122824e-01
   6.2828776e-01   5.5399893e-01   6.9249856e-01
   2.8823895e-01   2.5415754e-01   1.0166301e+00
   6.2952231e-01   7.1393848e-01   5.2460279e-01
   7.1447573e-01   8.1028379e-01   1.1907638e-01
   6.7615136e-01   7.6682029e-01   3.6880965e-01
   7.0917577e-01   8.0427313e-01   1.7728235e-01
   6.6812116e-01   7.5771327e-01   4.0087314e-01
   7.6850981e-01   7.0939361e-01   2.9558071e-01
   2.9693136e-01   3.3674855e-01   9.8977106e-01
   2.5415754e-01   2.8823895e-01   1.0166301e+00
   7.9547586e-01   7.3866136e-01   5.3029572e-02
   7.1393848e-01   6.2952231e-01   5.2460279e-01
   7.7397092e-01   6.8245650e-01   3.4122824e-01
   5.7342728e-01   6.5032136e-01   6.5534560e-01
   7.9607565e-01   7.0194756e-01   2.3398238e-01
   5.5399893e-01   6.2828776e-01   6.9249856e-01
   7.4590557e-01   6.5770960e-01   4.3847183e-01
   6.7993731e-01   5.9954144e-01   5.9954140e-01
   7.0194756e-01   7.9607565e-01   2.3398238e-01
   1.7564800e-01   1.9920162e-01   1.0538885e+00
   7.2455845e-01   7.2455845e-01   3.6227709e-01
   2.0806170e-01   2.3596186e-01   1.0403110e+00
   5.9815733e-01   5.2743113e-01   7.3840287e-01
   7.5094324e-01   7.5094324e-01   2.3104776e-01
   5.3912562e-01   6.1142000e-01   7.1883498e-01
   5.2743113e-01   5.9815733e-01   7.3840287e-01
   7.0939365e-01   7.6850977e-01   2.9558071e-01
   3.5453792e-01   4.0207989e-01   9.4543598e-01
   5.9954144e-01   6.7993731e-01   5.9954140e-01
   4.9370207e-01   5.5990534e-01   7.8992332e-01
   3.2351247e-01   3.6689407e-01   9.7053748e-01
   6.9489763e-01   7.8808035e-01   2.7795902e-01
   7.8808035e-01   6.9489763e-01   2.7795902e-01
   6.4540039e-01   5.6908817e-01   6.6393642e-01
   8.1519129e-01   7.1880297e-01   1.5259846e-04
   4.6993880e-01   5.3295553e-01   8.2239315e-01
   1.3348695e-01   1.5138696e-01   1.0679316e+00
   5.1867350e-01   4.5734548e-01   8.3846734e-01
   4.8304220e-01   4.8304220e-01   8.4531357e-01
   7.1880297e-01   8.1519129e-01   1.5259945e-04
   4.9161022e-01   4.3348217e-01   8.6696434e-01
   2.8506137e-01   3.2328685e-01   9.9771749e-01
   4.3348217e-01   4.9161022e-01   8.6696434e-01
   3.0484101e-01   2.6879657e-01   1.0079856e+00
   1.5176239e-01   1.7211306e-01   1.0623370e+00
   4.5734548e-01   5.1867350e-01   8.3846735e-01
   5.1029299e-01   5.7872104e-01   7.6543948e-01
   5.6303101e-01   6.3853100e-01   6.7563956e-01
   3.7199078e-01   4.2187310e-01   9.2997877e-01
   4.2187310e-01   3.7199078e-01   9.2997877e-01
   9.7913210e-02   1.0768071e-01   1.0770480e+00
   8.3040374e-02   8.9988520e-02   1.0799171e+00
   3.6689407e-01   3.2351247e-01   9.7053748e-01
   2.6879657e-01   3.0484101e-01   1.0079856e+00
   6.8343333e-01   6.8343333e-01   4.9704360e-01
   1.7211306e-01   1.5176239e-01   1.0623370e+00
   5.4773366e-01   4.8296957e-01   8.0494895e-01
   6.8794116e-01   6.2540779e-01   5.6286467e-01
   4.8296957e-01   5.4773366e-01   8.0494895e-01
   5.7872100e-01   5.1029296e-01   7.6543953e-01
   7.6850978e-01   7.6850978e-01   1.5259795e-04
   6.2540947e-01   6.8793639e-01   5.6286863e-01
   7.2170619e-02   6.3662736e-02   1.0825678e+00
   2.2904293e-01   2.5766724e-01   1.0307092e+00
   6.1142000e-01   5.3912562e-01   7.1883498e-01
   1.9920162e-01   1.7564800e-01   1.0538885e+00
   2.5963940e-01   2.2893960e-01   1.0302372e+00
   3.2328685e-01   2.8506137e-01   9.9771749e-01
   6.2748528e-01   6.2748528e-01   6.2748628e-01
   5.5917257e-01   5.5917257e-01   7.4556465e-01
   1.5139040e-01   1.3348998e-01   1.0679307e+00
   4.0207989e-01   3.5453792e-01   9.4543598e-01
   5.5990534e-01   4.9370206e-01   7.8992332e-01
   2.3596186e-01   2.0806170e-01   1.0403110e+00
   5.3295553e-01   4.6993880e-01   8.2239315e-01
   4.0147618e-02   4.5157215e-02   1.0851560e+00
   1.1928067e-01   1.1928124e-01   1.0736660e+00
   1.0394209e-04   9.7311348e-05   1.0868369e+00
