   1.4015233e-01   9.9012995e-01
   7.6891410e-01   6.3935210e-01
   9.1216850e-01   4.0981536e-01
   7.9356208e-01   6.0848930e-01
   4.2259492e-01   9.0631867e-01
   5.4187563e-01   8.4045868e-01
   7.5344991e-01   6.5750531e-01
   9.7357444e-01   2.2836989e-01
   8.5456974e-01   5.1933666e-01
   5.2256231e-01   8.5260110e-01
   8.6604901e-01   4.9995912e-01
   2.6561321e-01   9.6407968e-01
   9.5452492e-01   2.9813113e-01
   2.4825812e-01   9.6869392e-01
   4.3542133e-01   9.0022679e-01
   5.3222832e-01   8.4660086e-01
   4.9349381e-01   8.6974931e-01
   9.0631847e-01   4.2259535e-01
   8.4252192e-01   5.3866205e-01
   9.3904154e-01   3.4380372e-01
   3.3455690e-01   9.4237555e-01
   1.8711219e-01   9.8233855e-01
   7.8387574e-01   6.2091773e-01
   8.6038041e-01   5.0965238e-01
   8.3628578e-01   5.4829381e-01
   9.4968891e-01   3.1319477e-01
   7.0427191e-01   7.0993033e-01
   2.0887916e-01   9.7794146e-01
   9.5904836e-01   2.8324236e-01
   5.7383457e-01   8.1897123e-01
   9.6869378e-01   2.4825866e-01
   9.9274985e-01   1.2019870e-01
   4.6118383e-01   8.8730461e-01
   9.9811029e-01   6.1447943e-02
   8.8730505e-01   4.6118299e-01
   8.8970318e-02   9.9603428e-01
   3.8443084e-01   9.2315379e-01
   4.8379776e-01   8.7517982e-01
   8.0301129e-01   5.9596382e-01
   5.9596305e-01   8.0301186e-01
   9.4453136e-01   3.2842123e-01
   5.9215543e-02   9.9824522e-01
   3.4689600e-01   9.3790360e-01
   8.1222186e-01   5.8334865e-01
   7.2110493e-01   6.9282587e-01
   4.0981655e-01   9.1216796e-01
   9.1777927e-01   3.9709094e-01
   5.5149835e-01   8.3417598e-01
   7.2936086e-01   6.8412918e-01
   6.5148851e-01   7.5865850e-01
   6.4239888e-01   7.6637046e-01
   8.2990897e-01   5.5789883e-01
   2.8028489e-01   9.5991686e-01
   9.0022663e-01   4.3542165e-01
   9.2315394e-01   3.8443049e-01
   6.8703849e-01   7.2662103e-01
   2.2837107e-01   9.7357416e-01
   7.7645794e-01   6.3016908e-01
   9.8939776e-01   1.4523107e-01
   6.6943279e-01   7.4287263e-01
   4.4828795e-01   8.9388921e-01
   6.7827981e-01   7.3480372e-01
   3.5932545e-01   9.3321231e-01
   7.6124308e-01   6.4846664e-01
   4.7409966e-01   8.8047119e-01
   6.0536675e-01   7.9594667e-01
   8.2118925e-01   5.7065595e-01
   7.1274165e-01   7.0142665e-01
   1.0000000e+00   8.7114155e-05
   8.9388978e-01   4.4828680e-01
   7.3750565e-01   6.7534096e-01
   6.2400543e-01   7.8142001e-01
   1.6328021e-01   9.8657973e-01
   9.9560268e-01   9.3676547e-02
   7.4553676e-01   6.6646451e-01
   9.8569890e-01   1.6851610e-01
   8.4861688e-01   5.2900793e-01
   6.3323763e-01   7.7395743e-01
   6.1471718e-01   7.8874761e-01
   6.9570370e-01   7.1832887e-01
   8.8220312e-01   4.7086905e-01
   5.6109514e-01   8.2775131e-01
   3.7183907e-01   9.2829721e-01
   9.8182223e-01   1.8980284e-01
   9.2829729e-01   3.7183887e-01
   5.0319094e-01   8.6417526e-01
   5.8650968e-01   8.0994222e-01
   1.1529372e-01   9.9333144e-01
   2.9514052e-01   9.5545386e-01
   8.7695977e-01   4.8056380e-01
   3.2231198e-01   9.4663350e-01
   9.7794110e-01   2.0888084e-01
   6.6050002e-01   7.5082603e-01
   3.1016857e-01   9.5068158e-01
   3.9709147e-01   9.1777904e-01
   8.7157560e-01   4.9026113e-01
   5.1288216e-01   8.5845902e-01
   9.3321158e-01   3.5932734e-01
   9.9322379e-05   1.0000000e+00
   9.6407949e-01   2.6561387e-01
