   4.9776165e-01   5.3075185e-01   7.4664234e-01
   6.0192619e-01   6.0192619e-01   6.0192083e-01
   4.5721896e-01   4.8752211e-01   8.0013248e-01
   5.9437313e-01   5.5742838e-01   6.5033311e-01
   6.8438505e-01   7.2974412e-01   2.9330799e-01
   2.8643535e-01   3.0541946e-01   9.5478412e-01
   3.9888566e-01   4.2532265e-01   8.6425103e-01
   6.5559471e-01   6.5559471e-01   4.7679148e-01
   6.4889710e-01   6.9190413e-01   4.3259703e-01
   5.5124708e-01   5.8778214e-01   6.6149662e-01
   4.7409745e-01   4.4462874e-01   8.1515389e-01
   5.8863898e-01   6.2765227e-01   5.8863890e-01
   3.8855573e-01   4.1430808e-01   8.7424952e-01
   6.2765227e-01   5.8863898e-01   5.8863890e-01
   5.3075185e-01   4.9776165e-01   7.4664234e-01
   4.2084911e-01   4.4874177e-01   8.4169818e-01
   7.2974412e-01   6.8438505e-01   2.9330799e-01
   4.4874177e-01   4.2084911e-01   8.4169818e-01
   5.5742838e-01   5.9437313e-01   6.5033311e-01
   5.1507729e-01   5.4921512e-01   7.2110825e-01
   3.2700558e-01   3.4867857e-01   9.2651475e-01
   7.1319076e-01   7.6045899e-01   1.5275631e-04
   6.9190413e-01   6.4889710e-01   4.3259703e-01
   7.0298506e-01   7.4957688e-01   1.7574266e-01
   7.1247690e-01   6.6819112e-01   3.6446710e-01
   2.5903212e-01   2.7620002e-01   9.7136753e-01
   5.4204407e-01   5.7796919e-01   6.7755354e-01
   6.8790302e-01   7.3349525e-01   2.7516017e-01
   7.2035460e-01   7.2035460e-01   2.2162463e-01
   4.8752211e-01   4.5721896e-01   8.0013248e-01
   2.7620002e-01   2.5903212e-01   9.7136753e-01
   6.9504248e-01   6.9504248e-01   3.4752105e-01
   7.0350634e-01   6.5977815e-01   3.9586689e-01
   7.6045899e-01   7.1319076e-01   1.5275631e-04
   6.8587823e-01   6.4324576e-01   4.5027205e-01
   6.2563184e-01   6.6709691e-01   5.0050523e-01
   7.0980966e-01   7.5685380e-01   1.0139795e-01
   6.6065176e-01   6.1958730e-01   5.1632335e-01
   5.8778214e-01   5.5124708e-01   6.6149662e-01
   6.7660515e-01   6.3454906e-01   4.7591168e-01
   7.0660825e-01   7.5344021e-01   1.4132089e-01
   3.6555038e-01   3.4282868e-01   9.1421025e-01
   5.3639664e-01   5.3639664e-01   7.1518966e-01
   6.5977815e-01   7.0350634e-01   3.9586689e-01
   4.8105529e-01   5.1293824e-01   7.6968769e-01
   7.4957688e-01   7.0298506e-01   1.7574266e-01
   6.6709691e-01   6.2563184e-01   5.0050523e-01
   5.7796919e-01   5.4204407e-01   6.7755354e-01
   5.6185221e-01   5.2692888e-01   7.0257171e-01
   5.1293824e-01   4.8105529e-01   7.6968769e-01
   6.3454906e-01   6.7660515e-01   4.7591168e-01
   5.4921512e-01   5.1507729e-01   7.2110825e-01
   6.9534265e-01   7.4142795e-01   2.3178042e-01
   3.4867857e-01   3.2700558e-01   9.2651475e-01
   7.5344021e-01   7.0660825e-01   1.4132089e-01
   6.4324576e-01   6.8587823e-01   4.5027205e-01
   7.5685380e-01   7.0980966e-01   1.0139795e-01
   6.5250096e-01   6.1194313e-01   5.3545034e-01
   5.2692888e-01   5.6185221e-01   7.0257171e-01
   5.6519608e-01   6.0265564e-01   6.3584474e-01
   7.4142795e-01   6.9534265e-01   2.3178042e-01
   3.1194473e-01   2.9255503e-01   9.5081071e-01
   7.3349525e-01   6.8790302e-01   2.7516017e-01
   6.6819112e-01   7.1247690e-01   3.6446710e-01
   6.1194313e-01   6.5250096e-01   5.3545034e-01
   6.1958730e-01   6.6065176e-01   5.1632335e-01
   6.0265564e-01   5.6519608e-01   6.3584474e-01
   3.8385807e-01   3.5999842e-01   8.9999616e-01
   1.4579246e-01   1.5545516e-01   1.0205475e+00
   3.7864155e-01   4.0373682e-01   8.8349654e-01
   7.1953399e-01   6.7480956e-01   3.3740460e-01
   7.3720382e-01   7.3720382e-01   1.4742359e-04
   4.0373682e-01   3.7864155e-01   8.8349654e-01
   3.4282868e-01   3.6555038e-01   9.1421025e-01
   5.0144429e-01   4.7027577e-01   7.8379417e-01
   6.7480956e-01   7.1953400e-01   3.3740458e-01
   1.0322600e-01   1.0322613e-01   1.0322925e+00
   4.2086168e-01   3.9470197e-01   8.6834600e-01
   2.4480482e-01   2.6102978e-01   9.7922062e-01
   4.4154128e-01   4.6858517e-01   8.2000500e-01
   3.3311118e-01   3.1240582e-01   9.3721850e-01
   9.7624760e-05   1.0406365e-04   1.0425636e+00
   4.0038268e-02   4.0017225e-02   1.0410257e+00
   2.9308093e-01   2.7486375e-01   9.6202518e-01
   8.6278656e-02   8.6279698e-02   1.0353988e+00
   2.3494967e-01   2.2034579e-01   9.9155704e-01
   1.6912470e-01   1.6912469e-01   1.0147574e+00
   1.5545516e-01   1.4579246e-01   1.0205475e+00
   6.4887861e-02   6.9188441e-02   1.0382396e+00
   1.2832896e-01   1.2832915e-01   1.0266461e+00
   2.1339885e-01   2.0013451e-01   1.0006728e+00
   2.0013451e-01   2.1339884e-01   1.0006728e+00
   2.6102978e-01   2.4480482e-01   9.7922062e-01
   2.7486375e-01   2.9308093e-01   9.6202518e-01
   1.8357387e-01   1.8358468e-01   1.0097209e+00
   2.2034579e-01   2.3494967e-01   9.9155704e-01
   4.7027577e-01   5.0144429e-01   7.8379417e-01
   3.1240582e-01   3.3311118e-01   9.3721850e-01
   3.5999842e-01   3.8385807e-01   8.9999616e-01
   4.4960846e-01   4.7940721e-01   8.0929594e-01
