   2.8260045e-01   6.7828069e-01   6.7828628e-01
   7.0710735e-01   7.0710620e-01   1.4142032e-04
   5.7260345e-01   7.4437285e-01   3.4356127e-01
   7.2405154e-01   6.0340649e-01   3.3414064e-01
   1.3701649e-04   9.1381094e-01   4.0613982e-01
   1.3859967e-04   5.5470030e-01   8.3205021e-01
   4.5463244e-01   7.9690762e-01   3.9780346e-01
   2.6276219e-01   4.7303259e-01   8.4094959e-01
   9.9999999e-01   9.9916125e-05   9.9969851e-05
   2.4339238e-01   9.2490601e-01   2.9207708e-01
   5.7543440e-01   6.3298446e-01   5.1788602e-01
   3.4354786e-01   5.7258363e-01   7.4439429e-01
   6.4483178e-01   6.4483073e-01   4.1034779e-01
   1.2809635e-04   9.3979065e-01   3.4175066e-01
   1.2539905e-04   9.6152337e-01   2.7472312e-01
   8.3463556e-01   3.8946663e-01   3.8948584e-01
   4.2400340e-01   3.1800316e-01   8.4799476e-01
   1.3864920e-04   8.3204956e-01   5.5470128e-01
   8.9442696e-01   1.3415685e-04   4.4721404e-01
   5.3689354e-01   5.9654958e-01   5.9655170e-01
   7.0107017e-01   4.0892751e-01   5.8419081e-01
   4.1033535e-01   6.4482509e-01   6.4484533e-01
   9.8837197e-01   1.5205534e-01   1.1403827e-04
   1.1766578e-04   9.8058045e-01   1.9611724e-01
   5.6802046e-01   2.1205688e-01   7.9522615e-01
   9.5782583e-01   1.2491884e-04   2.8734939e-01
   5.9235302e-01   4.7387689e-01   6.5158161e-01
   8.7905158e-01   3.6195491e-01   3.1025308e-01
   1.4108684e-04   6.5850163e-01   7.5257929e-01
   8.1582302e-01   5.7630426e-01   4.8022807e-02
   7.7767508e-01   4.4453546e-01   4.4453313e-01
   1.2864592e-04   3.3035177e-01   9.4385788e-01
   7.5925467e-01   1.4235549e-04   6.5079362e-01
   3.5089309e-01   2.5063928e-01   9.0224941e-01
   2.7907042e-01   7.8139723e-01   5.5815596e-01
   9.7014224e-01   2.4253665e-01   1.2126635e-04
   4.0477259e-01   7.5187616e-01   5.2042423e-01
   1.3823941e-04   8.6193554e-01   5.0701785e-01
   7.5188783e-01   5.2041308e-01   4.0476525e-01
   9.2489295e-01   2.9209964e-01   2.4341492e-01
   8.3204956e-01   1.3866764e-04   5.5470128e-01
   9.9999569e-05   9.9999999e-01   9.9969851e-05
   6.5387811e-01   5.3499900e-01   5.3499485e-01
   3.1818354e-01   8.4780542e-01   4.2424664e-01
   6.0745061e-01   7.9435743e-01   1.4017246e-04
   9.2163041e-01   1.3165229e-04   3.8806877e-01
   7.5569129e-01   6.5492798e-01   1.4168633e-04
   6.5493108e-01   7.5568860e-01   1.4168633e-04
   1.4106234e-04   7.5258103e-01   6.5849963e-01
   5.2941836e-01   7.0588301e-01   4.7057982e-01
   9.8058045e-01   1.1765914e-04   1.9611724e-01
   8.6193361e-01   5.0702114e-01   1.3826777e-04
   9.0194675e-01   2.5100533e-01   3.5140916e-01
   7.8631577e-01   6.1782480e-01   1.4257293e-04
   5.5470030e-01   1.3867259e-04   8.3205021e-01
   7.3191136e-01   6.7965146e-01   4.8781770e-02
   7.3192649e-01   4.8784911e-02   6.7963494e-01
   1.4013513e-04   6.0744995e-01   7.9435794e-01
   4.7303891e-01   8.4093380e-01   2.6280133e-01
   4.7058276e-01   5.2940956e-01   7.0588766e-01
   6.0744995e-01   1.4017791e-04   7.9435794e-01
   1.4116990e-04   8.0000047e-01   5.9999936e-01
   6.7964075e-01   4.8793202e-02   7.3192054e-01
   1.1399371e-04   1.5206103e-01   9.8837110e-01
   3.1023287e-01   3.6195853e-01   8.7905722e-01
   5.2047889e-01   4.0480475e-01   7.5182102e-01
   2.4339639e-01   2.9201390e-01   9.2492491e-01
   6.3401773e-01   3.4581645e-01   6.9168815e-01
   9.2163080e-01   3.8806784e-01   1.3164097e-04
   4.0569088e-01   9.1287048e-01   4.5633165e-02
   3.4174926e-01   9.3979116e-01   1.2815557e-04
   3.8805962e-01   1.3161044e-04   9.2163426e-01
   3.3419365e-01   7.2404961e-01   6.0337945e-01
   4.9025474e-01   1.3745193e-04   8.7157918e-01
   1.9610244e-01   9.8058341e-01   1.1762129e-04
   6.7962800e-01   7.3193314e-01   4.8781770e-02
   7.9188773e-01   3.3868209e-01   5.0814198e-01
   8.9441308e-01   4.4724179e-01   1.3416181e-04
   2.8735007e-01   9.5782562e-01   1.2492224e-04
   4.4722479e-01   8.9442158e-01   1.3416181e-04
   3.9821020e-01   4.5509870e-01   7.9643820e-01
   1.3813142e-04   5.0701620e-01   8.6193651e-01
   6.5492233e-01   1.4164429e-04   7.5569619e-01
   3.6199454e-01   8.7902576e-01   3.1027998e-01
   8.4014227e-01   4.7411473e-01   2.6339361e-01
   9.4385774e-01   3.3035216e-01   1.2870511e-04
   8.7157549e-01   1.3759164e-04   4.9026131e-01
   4.6523144e-02   8.8395588e-01   4.6525004e-01
   5.5469976e-01   8.3205057e-01   1.3866893e-04
   1.3151273e-04   3.8805962e-01   9.2163426e-01
   2.8734735e-01   2.3385000e-06   9.5782645e-01
   1.2065174e-04   7.0710674e-01   7.0710681e-01
   5.0702008e-01   8.6193423e-01   1.3827421e-04
   7.9435780e-01   1.3712868e-04   6.0745013e-01
   1.9610992e-01   9.3886425e-06   9.8058192e-01
   7.0710675e-01   3.2667724e-05   7.0710681e-01
   7.6659643e-05   5.7694766e-05   1.0000000e+00
   5.9484418e-05   4.4720815e-01   8.9442991e-01
   4.4720816e-01   5.0879924e-06   8.9442991e-01
   1.5122364e-05   2.4245920e-01   9.7016160e-01
