   1.2877610e-02   8.5940085e-01   4.2925677e+00
   2.5141183e-01   1.9237024e-01   5.1940710e+00
   8.2137392e-01   8.5940085e-01   2.6694686e+00
   6.3612225e-01   6.3611491e-01   5.0890119e+00
   6.5596130e-01   8.5940085e-01   3.7171145e+00
   1.9373157e-01   5.8113151e-04   5.6182211e+00
   8.5940085e-01   7.2001164e-01   3.2400552e+00
   8.5940085e-01   7.7131424e-01   2.8924301e+00
   8.5940085e-01   8.2843730e-01   2.6510116e+00
   8.5940085e-01   1.2877357e-02   4.2925680e+00
   8.5940085e-01   2.5141183e-01   3.8801987e+00
   5.8106849e-04   1.9373095e-01   5.6182221e+00
   8.5940085e-01   2.5825961e-03   4.3043589e+00
   6.7820181e-01   8.4775065e-01   3.5605247e+00
   6.7335479e-01   8.5940085e-01   3.5912334e+00
   8.5940085e-01   2.1652247e-01   3.8974255e+00
   5.5185860e-04   7.3835626e-01   4.7993127e+00
   1.7951293e-01   8.5940085e-01   3.9492926e+00
   8.5940085e-01   8.0345228e-01   2.7317511e+00
   1.8132146e-01   7.2529634e-01   4.5330955e+00
   5.1673250e-04   8.5940085e-01   4.3064851e+00
   1.8773061e-01   1.8772645e-01   5.2564588e+00
   1.7228812e-01   8.5940085e-01   3.9626699e+00
   6.4501559e-03   8.5940085e-01   4.3001623e+00
   8.0345367e-01   8.5940085e-01   2.7317455e+00
   8.3333449e-01   1.6666052e-01   4.0000100e+00
   2.5141183e-01   8.5940085e-01   3.8801987e+00
   8.5940085e-01   1.4351394e-03   4.3055498e+00
   8.5940085e-01   7.7819112e-01   2.8533693e+00
   6.6460335e-01   8.5940085e-01   3.6553243e+00
   1.9937388e-01   2.5141183e-01   5.1838444e+00
   2.5141183e-01   2.5141183e-01   5.1463887e+00
   8.5940085e-01   7.0532791e-01   3.3503229e+00
   2.4258185e-01   8.5940085e-01   3.8813276e+00
   8.5940085e-01   2.2868197e-01   3.8876019e+00
   2.1512680e-03   8.5940085e-01   4.3048095e+00
   3.2273125e-03   8.5940085e-01   4.3036789e+00
   8.5940085e-01   6.4486404e-03   4.3001640e+00
   8.5940085e-01   4.3021151e-03   4.3025279e+00
   7.7686738e-01   7.7685170e-01   3.1074941e+00
   7.5250105e-01   8.5940085e-01   3.0100111e+00
   8.5940085e-01   7.5250149e-01   3.0100083e+00
   7.1541719e-01   7.1538184e-01   3.9349028e+00
   1.6666563e-01   8.3332834e-01   4.0000121e+00
   1.8741579e-01   8.5940085e-01   3.9357450e+00
   1.9237275e-01   2.5141183e-01   5.1940671e+00
   8.5940085e-01   2.0575171e-01   3.9093035e+00
   8.5940085e-01   1.9611400e-01   3.9222809e+00
   8.5940085e-01   7.1013894e-01   3.3139821e+00
   8.5940085e-01   8.1093742e-01   2.7031275e+00
   7.2529785e-01   1.8131529e-01   4.5330952e+00
   5.9985448e-04   5.9985148e-04   5.9987935e+00
   8.5940085e-01   8.2137435e-01   2.6694674e+00
   4.3023181e-03   8.5940085e-01   4.3025276e+00
   8.5940085e-01   2.4258232e-01   3.8813274e+00
   5.9705656e-04   2.5141183e-01   5.5725939e+00
   8.4762559e-01   6.7820928e-01   3.5605831e+00
   8.5940085e-01   8.5940085e-01   2.6140087e+00
   1.9611339e-01   8.5940085e-01   3.9222818e+00
   8.4522667e-01   2.5141183e-01   3.8880454e+00
   7.3400188e-01   2.5141183e-01   4.4040240e+00
   2.2868200e-01   8.5940085e-01   3.8876019e+00
   8.5940085e-01   1.8741615e-01   3.9357444e+00
   7.7131456e-01   8.5940052e-01   2.8924282e+00
   2.5141183e-01   1.9937809e-01   5.1838385e+00
   8.5940085e-01   7.3028921e-01   3.1645869e+00
   8.5940085e-01   5.1675992e-04   4.3064851e+00
   2.5141183e-01   5.9702753e-04   5.5725939e+00
   8.5940085e-01   7.3561007e-01   3.1263441e+00
   8.5940085e-01   1.7951319e-01   3.9492921e+00
   8.5940085e-01   1.7228706e-01   3.9626719e+00
   1.1740794e-03   8.5940085e-01   4.3058173e+00
   2.0575141e-01   8.5940085e-01   3.9093039e+00
   7.3835954e-01   5.3573784e-04   4.7993058e+00
   8.5940085e-01   6.9131178e-01   3.4565583e+00
   7.8398096e-01   8.5940085e-01   2.8223318e+00
   7.4842815e-01   2.5138649e-01   4.3034454e+00
   8.5940085e-01   6.7335621e-01   3.5912229e+00
   8.5940085e-01   6.5596314e-01   3.7171016e+00
   2.5141177e-01   8.4522722e-01   3.8880448e+00
   8.5940085e-01   6.6460383e-01   3.6553208e+00
   7.0533188e-01   8.5940085e-01   3.3502928e+00
   2.5005717e-01   7.4843154e-01   4.3034492e+00
   6.3890125e-01   8.5940085e-01   3.8333910e+00
   8.2844085e-01   8.5938637e-01   2.6510032e+00
   8.5940085e-01   7.6735347e-01   2.9159424e+00
   7.3561025e-01   8.5940085e-01   3.1263428e+00
   7.2001257e-01   8.5940083e-01   3.2400483e+00
   8.5940085e-01   6.3890004e-01   3.8333990e+00
   7.6735385e-01   8.5940085e-01   2.9159401e+00
   2.5133086e-01   7.3400316e-01   4.4040149e+00
   7.1013951e-01   8.5940085e-01   3.3139778e+00
   7.3028928e-01   8.5940085e-01   3.1645864e+00
   2.1652121e-01   8.5940085e-01   3.8974268e+00
   7.9325994e-01   8.5940083e-01   2.7763922e+00
   7.7819139e-01   8.5940054e-01   2.8533678e+00
   8.5940084e-01   7.9325794e-01   2.7764015e+00
   8.5940085e-01   7.8398109e-01   2.8223311e+00
   6.9131221e-01   8.5940085e-01   3.4565551e+00
   8.1093890e-01   8.5938864e-01   2.7031222e+00
