   6.7828045e-01   6.7828045e-01   2.8261504e-01
   6.9631076e-01   6.9631076e-01   1.7407659e-01
   7.0710677e-01   7.0710677e-01   1.3450073e-04
   7.0352663e-01   7.0352663e-01   1.0050155e-01
   6.3116858e-01   6.3116858e-01   4.5083527e-01
   6.8483017e-01   6.8483017e-01   2.4902868e-01
   5.0697944e-01   5.0697944e-01   6.9709662e-01
   7.0493456e-01   7.0493456e-01   7.8323302e-02
   7.0014019e-01   7.0014019e-01   1.4002648e-01
   5.9655042e-01   5.9655042e-01   5.3689402e-01
   6.6666738e-01   6.6666738e-01   3.3333049e-01
   2.5445704e-01   2.5445704e-01   9.3300763e-01
   6.3372463e-01   6.3372463e-01   4.4360589e-01
   5.7735294e-01   5.7735294e-01   5.7734492e-01
   2.8213837e-01   2.8213837e-01   9.1694922e-01
   6.7457870e-01   6.7457870e-01   2.9981186e-01
   6.8824747e-01   6.8824747e-01   2.2941412e-01
   6.1545774e-01   6.1545774e-01   4.9236526e-01
   6.5561024e-01   6.5561024e-01   3.7463374e-01
   6.0470797e-01   6.0470797e-01   5.1832088e-01
   6.1958567e-01   6.1958567e-01   4.8189956e-01
   6.5973635e-01   6.5973635e-01   3.5985537e-01
   1.7121907e-01   1.7121907e-01   9.7024124e-01
   7.0620665e-01   7.0620665e-01   5.0441529e-02
   4.3685211e-01   4.3685211e-01   7.8633356e-01
   2.0177327e-01   2.0177327e-01   9.5842323e-01
   5.9867166e-01   5.9867166e-01   5.3215081e-01
   4.2839342e-01   4.2839342e-01   7.9558668e-01
   4.4444369e-01   4.4444369e-01   7.7777864e-01
   2.3570227e-01   2.3570227e-01   9.4280904e-01
   6.9171461e-01   6.9171461e-01   2.0751337e-01
   6.2469530e-01   6.2469530e-01   4.6852062e-01
   8.2759227e-02   8.2759227e-02   9.9312729e-01
   6.0920781e-01   6.0920781e-01   5.0767282e-01
   6.8041466e-01   6.8041466e-01   2.7216132e-01
   3.2338077e-01   3.2338077e-01   8.8929734e-01
   5.3916399e-01   5.3916399e-01   6.4699644e-01
   6.3960237e-01   6.3960237e-01   4.2640077e-01
   4.6420687e-01   4.6420687e-01   7.5433677e-01
   5.0251934e-01   5.0251934e-01   7.0352585e-01
   7.0224705e-01   7.0224705e-01   1.1703912e-01
   3.8235957e-01   3.8235957e-01   8.4119101e-01
   1.7608845e-01   1.7608845e-01   9.6849663e-01
   6.4676167e-01   6.4676167e-01   4.0422603e-01
   6.5814520e-01   6.5814520e-01   3.6563614e-01
   5.5337144e-01   5.5337144e-01   6.2254325e-01
   1.4002700e-01   1.4002700e-01   9.8019635e-01
   5.1449523e-01   5.1449523e-01   6.8599513e-01
   3.7628802e-01   3.7628802e-01   8.4664908e-01
   6.5094456e-01   6.5094456e-01   3.9056670e-01
   1.2309114e-01   1.2309114e-01   9.8473202e-01
   3.1578988e-01   3.1578988e-01   8.9473655e-01
   6.9310331e-01   6.9310331e-01   1.9802928e-01
   6.7671575e-01   6.7671575e-01   2.9001998e-01
   2.7156153e-01   2.7156153e-01   9.2331396e-01
   9.9014104e-02   9.9014104e-02   9.9014767e-01
   5.4545445e-01   5.4545445e-01   6.3636379e-01
   6.4483145e-01   6.4483145e-01   4.1034718e-01
   6.9431409e-01   6.9431409e-01   1.8935649e-01
   5.2981358e-01   5.2981358e-01   6.6226515e-01
   2.7617191e-01   2.7617191e-01   9.2057490e-01
   4.5749539e-01   4.5749539e-01   7.6249323e-01
   3.0151105e-01   3.0151105e-01   9.0453423e-01
   3.3129461e-01   3.3129461e-01   8.8345218e-01
   3.6986284e-02   3.6986284e-02   9.9863108e-01
   1.3102416e-01   1.3102416e-01   9.8268272e-01
   7.6471702e-02   7.6471702e-02   9.9413488e-01
   4.7301552e-01   4.7301552e-01   7.4331194e-01
   3.6650846e-01   3.6650846e-01   8.5518600e-01
   1.6222070e-01   1.6222070e-01   9.7332877e-01
   4.0824790e-01   4.0824790e-01   8.1649697e-01
   6.8348648e-01   6.8348648e-01   2.5630543e-01
   6.2256964e-02   6.2256964e-02   9.9611653e-01
   4.3188926e-01   4.3188926e-01   7.9179754e-01
   4.9874865e-02   4.9874865e-02   9.9750940e-01
   4.4997678e-01   4.4997678e-01   7.7138953e-01
   2.4663088e-01   2.4663088e-01   9.3720137e-01
   1.0976425e-01   1.0976425e-01   9.8787834e-01
   2.1199878e-01   2.1199878e-01   9.5399844e-01
   5.5602184e-01   5.5602184e-01   6.1780209e-01
   5.4997186e-01   5.4997186e-01   6.2853950e-01
   3.8949013e-01   3.8949013e-01   8.3462260e-01
   6.9853566e-01   6.9853566e-01   1.5522845e-01
   9.9008081e-05   9.9008081e-05   9.9999999e-01
   3.3786856e-01   3.3786856e-01   8.7845869e-01
   4.9746833e-01   4.9746833e-01   7.1066907e-01
   2.6490505e-01   2.6490505e-01   9.2717346e-01
   1.8123570e-01   1.8123570e-01   9.6659570e-01
   2.1937985e-01   2.1937985e-01   9.5065502e-01
   6.0131701e-01   6.0131701e-01   5.2615180e-01
   3.4815505e-01   3.4815505e-01   8.7038849e-01
   3.5897869e-01   3.5897869e-01   8.6155012e-01
   1.9244884e-01   1.9244884e-01   9.6225095e-01
   5.2320454e-01   5.2320454e-01   6.7269162e-01
   4.6829305e-01   4.6829305e-01   7.4926847e-01
   4.8507092e-01   4.8507092e-01   7.2760732e-01
   5.3499442e-01   5.3499442e-01   6.5388221e-01
   1.5032753e-01   1.5032753e-01   9.7714035e-01
   3.8649373e-01   3.8649373e-01   8.3740384e-01
   9.0165125e-02   9.0165125e-02   9.9183693e-01
