   7.7687028e-01   7.7685539e-01   3.1074574e+00
   8.5940085e-01   6.5596024e-01   3.7171220e+00
   1.7951051e-01   8.5940085e-01   3.9492969e+00
   6.3612758e-01   6.3611748e-01   5.0889608e+00
   8.5940085e-01   7.6735310e-01   2.9159446e+00
   6.7335366e-01   8.5940085e-01   3.5912417e+00
   8.5940085e-01   7.7819123e-01   2.8533687e+00
   1.8772971e-01   1.8772767e-01   5.2564583e+00
   8.5940085e-01   1.7951210e-01   3.9492941e+00
   8.2843710e-01   8.5940085e-01   2.6510121e+00
   8.5940085e-01   2.5141183e-01   3.8801987e+00
   1.9372932e-01   5.8110249e-04   5.6182246e+00
   8.4522277e-01   2.5141183e-01   3.8880497e+00
   2.5141183e-01   2.5141183e-01   5.1463887e+00
   7.5250376e-01   8.5940085e-01   3.0099932e+00
   1.9237153e-01   2.5141183e-01   5.1940690e+00
   6.5596087e-01   8.5940085e-01   3.7171175e+00
   8.4774828e-01   6.7819827e-01   3.5605533e+00
   5.9704531e-04   2.5141183e-01   5.5725939e+00
   8.5940085e-01   1.2877599e-02   4.2925677e+00
   2.5141183e-01   7.3400044e-01   4.4040343e+00
   8.5940085e-01   5.1675824e-04   4.3064851e+00
   5.8116168e-04   1.9372873e-01   5.6182254e+00
   2.5141183e-01   5.9705995e-04   5.5725939e+00
   6.3889823e-01   8.5940085e-01   3.8334109e+00
   7.4842593e-01   2.5141183e-01   4.3034604e+00
   5.1672307e-04   8.5940085e-01   4.3064851e+00
   1.1737449e-03   8.5940085e-01   4.3058176e+00
   8.5940085e-01   2.1652290e-01   3.8974251e+00
   2.1518864e-03   8.5940085e-01   4.3048088e+00
   2.5141183e-01   1.9237185e-01   5.1940685e+00
   8.5940085e-01   1.4348006e-03   4.3055502e+00
   8.5940085e-01   7.9325753e-01   2.7764035e+00
   8.5940085e-01   8.5940085e-01   2.6140087e+00
   2.5141183e-01   8.4522397e-01   3.8880484e+00
   7.1013886e-01   8.5940085e-01   3.3139826e+00
   2.5141183e-01   8.5940085e-01   3.8801987e+00
   5.5364605e-04   7.3835595e-01   4.7993131e+00
   8.5940085e-01   8.2843948e-01   2.6510064e+00
   1.6665514e-01   8.3333568e-01   4.0000184e+00
   8.5940085e-01   6.4502196e-03   4.3001623e+00
   1.9611356e-01   8.5940085e-01   3.9222815e+00
   8.5940085e-01   6.3889961e-01   3.8334018e+00
   2.2868240e-01   8.5940085e-01   3.8876016e+00
   8.5940085e-01   2.5826125e-03   4.3043589e+00
   1.8132401e-01   7.2529883e-01   4.5330728e+00
   8.3334771e-01   1.6660770e-01   4.0000892e+00
   8.5940085e-01   7.0532912e-01   3.3503137e+00
   1.8741629e-01   8.5940085e-01   3.9357441e+00
   7.7131416e-01   8.5940085e-01   2.8924306e+00
   1.7228973e-01   8.5940085e-01   3.9626668e+00
   8.5940085e-01   1.9611397e-01   3.9222809e+00
   3.2271439e-03   8.5940085e-01   4.3036791e+00
   5.9986371e-04   5.9982868e-04   5.9987935e+00
   8.5940085e-01   7.2001163e-01   3.2400554e+00
   2.4258200e-01   8.5940085e-01   3.8813275e+00
   6.4499992e-03   8.5940085e-01   4.3001625e+00
   6.7819967e-01   8.4774514e-01   3.5605456e+00
   8.5940085e-01   6.9131137e-01   3.4565614e+00
   7.7819228e-01   8.5940085e-01   2.8533629e+00
   7.0532873e-01   8.5940085e-01   3.3503167e+00
   8.5940085e-01   7.3560940e-01   3.1263489e+00
   2.0575105e-01   8.5940085e-01   3.9093043e+00
   7.2530724e-01   1.8130181e-01   4.5330499e+00
   7.1541775e-01   7.1540848e-01   3.9346991e+00
   2.1652308e-01   8.5940085e-01   3.8974250e+00
   8.5940085e-01   2.0575199e-01   3.9093032e+00
   8.5940085e-01   2.4258287e-01   3.8813273e+00
   7.9325791e-01   8.5940085e-01   2.7764017e+00
   2.5141183e-01   1.9937458e-01   5.1838434e+00
   1.9937630e-01   2.5141183e-01   5.1838410e+00
   8.5940085e-01   1.7228710e-01   3.9626718e+00
   2.5141183e-01   7.4842737e-01   4.3034506e+00
   7.2001209e-01   8.5940086e-01   3.2400519e+00
   1.2877256e-02   8.5940085e-01   4.2925681e+00
   8.5940085e-01   4.3016132e-03   4.3025284e+00
   7.3836248e-01   5.1641395e-04   4.7993046e+00
   6.9131196e-01   8.5940085e-01   3.4565570e+00
   7.6735356e-01   8.5940085e-01   2.9159418e+00
   6.6460410e-01   8.5940085e-01   3.6553189e+00
   4.3023638e-03   8.5940085e-01   4.3025276e+00
   8.5940087e-01   6.7335577e-01   3.5912261e+00
   8.5940085e-01   7.3028953e-01   3.1645845e+00
   8.1093822e-01   8.5937002e-01   2.7031247e+00
   7.3561019e-01   8.5940085e-01   3.1263433e+00
   8.5939410e-01   8.2137477e-01   2.6694662e+00
   8.2137498e-01   8.5940085e-01   2.6694656e+00
   7.3400313e-01   2.5141199e-01   4.4040150e+00
   7.8398058e-01   8.5940086e-01   2.8223338e+00
   8.5939959e-01   8.1093809e-01   2.7031251e+00
   8.5928718e-01   8.0345508e-01   2.7317403e+00
   8.5940085e-01   7.7131444e-01   2.8924289e+00
   8.0345460e-01   8.5940085e-01   2.7317417e+00
   8.5940085e-01   7.8398156e-01   2.8223287e+00
   8.5940085e-01   2.2868251e-01   3.8876015e+00
   8.5939471e-01   7.1013956e-01   3.3139774e+00
   8.5940085e-01   1.8741640e-01   3.9357440e+00
   7.3028942e-01   8.5940086e-01   3.1645854e+00
   8.5940086e-01   7.5250273e-01   3.0100000e+00
   8.5940085e-01   6.6460402e-01   3.6553194e+00
