   4.6000033e-01   3.9999665e-02
   2.6100034e-01   2.3899966e-01
   4.9995105e-01   4.8946975e-05
   1.5999983e-01   3.4000017e-01
   3.1299984e-01   1.8700016e-01
   6.7999962e-02   4.3200004e-01
   3.4300000e-01   1.5700000e-01
   1.4499957e-01   3.5500043e-01
   8.8000107e-02   4.1199989e-01
   2.0099964e-01   2.9900036e-01
   4.3999993e-01   6.0000069e-02
   4.9555163e-05   4.9995044e-01
   4.6999979e-01   3.0000213e-02
   7.2999975e-02   4.2700003e-01
   2.7599967e-01   2.2400033e-01
   2.3599998e-01   2.6400002e-01
   1.1000007e-01   3.8999993e-01
   1.3000032e-01   3.6999968e-01
   2.3099989e-01   2.6900011e-01
   3.7999465e-02   4.6200053e-01
   3.7300014e-01   1.2699986e-01
   4.4999989e-01   5.0000114e-02
   2.5600011e-01   2.4399989e-01
   1.6499998e-01   3.3500002e-01
   1.7500003e-01   3.2499997e-01
   2.8100038e-01   2.1899962e-01
   1.1999952e-01   3.8000048e-01
   9.8000041e-02   4.0199996e-01
   4.9500089e-01   4.9991099e-03
   3.9300093e-01   1.0699907e-01
   3.0400006e-01   1.9599994e-01
   1.8000031e-01   3.1999969e-01
   2.0599973e-01   2.9400027e-01
   4.1999974e-01   8.0000261e-02
   1.7000051e-01   3.2999949e-01
   5.8000011e-02   4.4199999e-01
   1.1999930e-02   4.8800007e-01
   1.3500003e-01   3.6499997e-01
   2.2099994e-01   2.7900006e-01
   3.2799994e-01   1.7200006e-01
   3.3799983e-01   1.6200017e-01
   4.5499971e-01   4.5000293e-02
   3.0000000e-01   2.0000000e-01
   2.9600005e-01   2.0399995e-01
   2.1599937e-01   2.8400063e-01
   2.7099977e-01   2.2900023e-01
   4.8500009e-01   1.4999906e-02
   4.7999823e-02   4.5200018e-01
   9.3000433e-02   4.0699957e-01
   3.1800000e-01   1.8200000e-01
   2.8600000e-01   2.1400000e-01
   1.8500031e-01   3.1499969e-01
   3.5300011e-01   1.4699989e-01
   2.4099979e-01   2.5900021e-01
   8.3000591e-02   4.1699941e-01
   4.3000042e-02   4.5699996e-01
   1.2500007e-01   3.7499993e-01
   4.0499894e-01   9.5001059e-02
   3.0799990e-01   1.9200010e-01
   4.8000020e-01   1.9999803e-02
   3.7800013e-01   1.2199987e-01
   3.4799908e-01   1.5200092e-01
   2.6600001e-01   2.3399999e-01
   4.2999994e-01   7.0000058e-02
   4.7500077e-01   2.4999228e-02
   4.1500004e-01   8.4999956e-02
   3.6800059e-01   1.3199941e-01
   4.0999973e-01   9.0000268e-02
   2.2599970e-01   2.7400030e-01
   2.9100038e-01   2.0899962e-01
   4.3500016e-01   6.4999837e-02
   1.0399918e-01   3.9600082e-01
   4.9000077e-01   9.9992337e-03
   2.2999506e-02   4.7700049e-01
   6.2999868e-02   4.3700013e-01
   3.5800050e-01   1.4199950e-01
   1.3999998e-01   3.6000002e-01
   3.8300067e-01   1.1699933e-01
   2.5100029e-01   2.4899971e-01
   1.9000078e-01   3.0999922e-01
   3.8799977e-01   1.1200023e-01
   2.1099936e-01   2.8900064e-01
   5.9997407e-03   4.9400026e-01
   4.2499953e-01   7.5000469e-02
   5.2999739e-02   4.4700026e-01
   4.6499970e-01   3.5000297e-02
   1.4999992e-01   3.5000008e-01
   3.9900080e-01   1.0099920e-01
   1.1499958e-01   3.8500042e-01
   2.7999705e-02   4.7200029e-01
   2.4600032e-01   2.5399968e-01
   7.8000337e-02   4.2199966e-01
   1.9499998e-01   3.0500002e-01
   3.3299974e-01   1.6700026e-01
   1.5500005e-01   3.4499995e-01
   4.4500010e-01   5.4999899e-02
   3.6300033e-01   1.3699967e-01
   1.7999683e-02   4.8200032e-01
   3.3000781e-02   4.6699922e-01
   3.2299992e-01   1.7700008e-01
