   5.4508577e-01   8.3838028e-01
   4.0981542e-01   9.1216847e-01
   5.8334843e-01   8.1222202e-01
   7.5866122e-01   6.5148534e-01
   6.8412941e-01   7.2936064e-01
   5.1610966e-01   8.5652252e-01
   8.9708893e-01   4.4185003e-01
   9.6720081e-01   2.5401297e-01
   9.9560277e-01   9.3675620e-02
   6.2091857e-01   7.8387507e-01
   2.4539316e-01   9.6942364e-01
   4.2259659e-01   9.0631789e-01
   4.5795670e-01   8.8897450e-01
   8.9062657e-01   4.5473544e-01
   9.3078334e-01   3.6557131e-01
   3.9709166e-01   9.1777896e-01
   6.3935258e-01   7.6891370e-01
   9.4291250e-05   1.0000000e+00
   8.4045916e-01   5.4187489e-01
   3.7183920e-01   9.2829716e-01
   9.7966219e-01   2.0065393e-01
   5.7065628e-01   8.2118902e-01
   8.6228573e-01   5.0642208e-01
   9.6327123e-01   2.6853032e-01
   2.2836958e-01   9.7357451e-01
   7.9594603e-01   6.0536759e-01
   6.6646456e-01   7.4553671e-01
   7.2662112e-01   6.8703839e-01
   6.4846673e-01   7.6124300e-01
   4.7733167e-01   8.7872321e-01
   7.5082543e-01   6.6050070e-01
   7.3480393e-01   6.7827958e-01
   8.7872331e-01   4.7733149e-01
   4.8702858e-01   8.7338603e-01
   9.0927388e-01   4.1619829e-01
   9.7550721e-01   2.1996744e-01
   5.5789805e-01   8.2990950e-01
   8.7338581e-01   4.8702898e-01
   9.8657999e-01   1.6327867e-01
   9.1500371e-01   4.0344543e-01
   8.8391934e-01   4.6763940e-01
   8.4861723e-01   5.2900737e-01
   8.5652168e-01   5.1611105e-01
   1.9250247e-01   9.8129649e-01
   1.0000000e+00   9.5190873e-05
   9.8976744e-01   1.4268991e-01
   9.4016710e-01   3.4071369e-01
   7.7395794e-01   6.3323701e-01
   2.9813387e-01   9.5452407e-01
   6.0223836e-01   7.9831633e-01
   9.5452422e-01   2.9813339e-01
   7.8141695e-01   6.2400925e-01
   5.3544606e-01   8.4456942e-01
   5.2578656e-01   8.5061653e-01
   1.2513129e-01   9.9214019e-01
   9.2575424e-01   3.7812575e-01
   9.0330297e-01   4.2900321e-01
   4.9672669e-01   8.6790702e-01
   9.8334421e-01   1.8175303e-01
   7.6637072e-01   6.4239856e-01
   2.8028662e-01   9.5991636e-01
   1.7114532e-01   9.8524580e-01
   9.8413030e-02   9.9514566e-01
   9.5904841e-01   2.8324219e-01
   7.8874756e-01   6.1471725e-01
   7.0992932e-01   7.0427293e-01
   6.9282570e-01   7.2110509e-01
   3.4380203e-01   9.3904215e-01
   7.0142748e-01   7.1274083e-01
   3.2842201e-01   9.4453109e-01
   6.3016933e-01   7.7645774e-01
   6.1160638e-01   7.9116221e-01
   4.6764032e-01   8.8391885e-01
   6.5750442e-01   7.5345068e-01
   9.4453105e-01   3.2842212e-01
   5.9281620e-01   8.0533779e-01
   8.1448700e-01   5.8018180e-01
   4.3542117e-01   9.0022686e-01
   6.7534002e-01   7.3750651e-01
   2.6270214e-01   9.6487698e-01
   7.1832869e-01   6.9570388e-01
   3.8442963e-01   9.2315430e-01
   8.2339214e-01   5.6747281e-01
   8.6790699e-01   4.9672674e-01
   4.4828748e-01   8.9388944e-01
   3.5932572e-01   9.3321221e-01
   9.9274987e-01   1.2019859e-01
   9.3558542e-01   3.5310044e-01
   2.1163863e-01   9.7734799e-01
   9.2049613e-01   3.9075167e-01
   5.0642211e-01   8.6228571e-01
   8.0533571e-01   5.9281903e-01
   9.7154795e-01   2.3684295e-01
   1.4778471e-01   9.8901955e-01
   6.5953657e-02   9.9782269e-01
   8.3205022e-01   5.5470031e-01
   3.1319518e-01   9.4968878e-01
   9.4968883e-01   3.1319502e-01
   7.4287234e-01   6.6943311e-01
   9.9811024e-01   6.1448818e-02
