   6.5814534e-01   6.5814534e-01   3.6563564e-01
   5.5337165e-01   5.5337165e-01   6.2254288e-01
   6.5973631e-01   6.5973631e-01   3.5985553e-01
   3.1578983e-01   3.1578983e-01   8.9473659e-01
   5.4545494e-01   5.4545494e-01   6.3636296e-01
   6.3960216e-01   6.3960216e-01   4.2640141e-01
   6.7457855e-01   6.7457855e-01   2.9981254e-01
   6.8041385e-01   6.8041385e-01   2.7216536e-01
   5.0251900e-01   5.0251900e-01   7.0352634e-01
   7.0620669e-01   7.0620669e-01   5.0440239e-02
   1.7609018e-01   1.7609018e-01   9.6849600e-01
   6.9171446e-01   6.9171446e-01   2.0751434e-01
   6.7828019e-01   6.7828019e-01   2.8261627e-01
   4.6829269e-01   4.6829269e-01   7.4926892e-01
   6.0470922e-01   6.0470922e-01   5.1831798e-01
   5.7735035e-01   5.7735035e-01   5.7735011e-01
   6.3116891e-01   6.3116891e-01   4.5083436e-01
   5.2320462e-01   5.2320462e-01   6.7269150e-01
   5.0697971e-01   5.0697971e-01   6.9709623e-01
   5.1449589e-01   5.1449589e-01   6.8599414e-01
   6.8483025e-01   6.8483025e-01   2.4902821e-01
   5.3499416e-01   5.3499416e-01   6.5388264e-01
   3.4815509e-01   3.4815509e-01   8.7038846e-01
   4.7301648e-01   4.7301648e-01   7.4331071e-01
   6.4483190e-01   6.4483190e-01   4.1034576e-01
   6.9631063e-01   6.9631063e-01   1.7407764e-01
   6.6666668e-01   6.6666668e-01   3.3333327e-01
   6.8824723e-01   6.8824723e-01   2.2941554e-01
   5.9655006e-01   5.9655006e-01   5.3689482e-01
   3.6650808e-01   3.6650808e-01   8.5518633e-01
   5.4997230e-01   5.4997230e-01   6.2853874e-01
   6.9853604e-01   6.9853604e-01   1.5522502e-01
   6.1958566e-01   6.1958566e-01   4.8189959e-01
   3.3129500e-01   3.3129500e-01   8.8345189e-01
   4.0824848e-01   4.0824848e-01   8.1649639e-01
   4.6420708e-01   4.6420708e-01   7.5433651e-01
   6.2469556e-01   6.2469556e-01   4.6851993e-01
   5.3916395e-01   5.3916395e-01   6.4699650e-01
   6.2255341e-02   6.2255341e-02   9.9611673e-01
   5.5602185e-01   5.5602185e-01   6.1780207e-01
   4.9874417e-02   4.9874417e-02   9.9750944e-01
   6.8348623e-01   6.8348623e-01   2.5630672e-01
   2.1938122e-01   2.1938122e-01   9.5065438e-01
   6.5561043e-01   6.5561043e-01   3.7463307e-01
   5.2981264e-01   5.2981264e-01   6.6226666e-01
   4.4444457e-01   4.4444457e-01   7.7777764e-01
   6.1545772e-01   6.1545772e-01   4.9236530e-01
   7.0224694e-01   7.0224694e-01   1.1704048e-01
   7.6471766e-02   7.6471766e-02   9.9413487e-01
   2.7617183e-01   2.7617183e-01   9.2057495e-01
   3.3786860e-01   3.3786860e-01   8.7845866e-01
   2.4663174e-01   2.4663174e-01   9.3720092e-01
   4.5749526e-01   4.5749526e-01   7.6249339e-01
   1.9244752e-01   1.9244752e-01   9.6225148e-01
   3.8649218e-01   3.8649218e-01   8.3740527e-01
   3.6986092e-02   3.6986092e-02   9.9863109e-01
   2.1199813e-01   2.1199813e-01   9.5399873e-01
   2.6490602e-01   2.6490602e-01   9.2717291e-01
   1.3102220e-01   1.3102220e-01   9.8268325e-01
   6.4676209e-01   6.4676209e-01   4.0422470e-01
   6.3372431e-01   6.3372431e-01   4.4360679e-01
   4.3188954e-01   4.3188954e-01   7.9179722e-01
   3.8235954e-01   3.8235954e-01   8.4119104e-01
   6.7671561e-01   6.7671561e-01   2.9002064e-01
   1.7121830e-01   1.7121830e-01   9.7024151e-01
   4.2839297e-01   4.2839297e-01   7.9558716e-01
   3.7628868e-01   3.7628868e-01   8.4664849e-01
   2.3570216e-01   2.3570216e-01   9.4280909e-01
   7.0014055e-01   7.0014055e-01   1.4002295e-01
   1.6222024e-01   1.6222024e-01   9.7332892e-01
   1.4002799e-01   1.4002799e-01   9.8019606e-01
   3.8949046e-01   3.8949046e-01   8.3462228e-01
   7.0352669e-01   7.0352669e-01   1.0050073e-01
   7.0710678e-01   7.0710678e-01   1.2664563e-04
   3.2338063e-01   3.2338063e-01   8.8929744e-01
   1.8123582e-01   1.8123582e-01   9.6659565e-01
   6.0131692e-01   6.0131692e-01   5.2615201e-01
   6.9431418e-01   6.9431418e-01   1.8935586e-01
   2.8213783e-01   2.8213783e-01   9.1694956e-01
   2.0177080e-01   2.0177080e-01   9.5842427e-01
   5.9867105e-01   5.9867105e-01   5.3215218e-01
   9.0166350e-02   9.0166350e-02   9.9183671e-01
   1.0976338e-01   1.0976338e-01   9.8787854e-01
   4.9746759e-01   4.9746759e-01   7.1067010e-01
   7.0493464e-01   7.0493464e-01   7.8321757e-02
   2.5445572e-01   2.5445572e-01   9.3300834e-01
   1.5032879e-01   1.5032879e-01   9.7713996e-01
   4.3685217e-01   4.3685217e-01   7.8633349e-01
   6.5094457e-01   6.5094457e-01   3.9056668e-01
   3.5897870e-01   3.5897870e-01   8.6155010e-01
   9.9013491e-02   9.9013491e-02   9.9014780e-01
   2.7156223e-01   2.7156223e-01   9.2331355e-01
   6.9310341e-01   6.9310341e-01   1.9802858e-01
   4.8507089e-01   4.8507089e-01   7.2760735e-01
   3.0151063e-01   3.0151063e-01   9.0453451e-01
   4.4997693e-01   4.4997693e-01   7.7138935e-01
   8.2758731e-02   8.2758731e-02   9.9312738e-01
   6.0920794e-01   6.0920794e-01   5.0767250e-01
   1.2308990e-01   1.2308990e-01   9.8473232e-01
   9.1841792e-05   9.1841792e-05   9.9999999e-01
