   7.7166256e-01   2.5833926e+00
   1.7593751e-01   3.6487961e+00
   7.4975293e-01   2.7213277e+00
   3.9853442e-02   3.9455267e+00
   2.1319071e-01   3.5937867e+00
   7.0840646e-01   3.0200471e+00
   8.5374051e-01   2.3082612e+00
   8.1720664e-01   2.3750078e+00
   1.5990048e-02   3.9816093e+00
   7.6849438e-01   2.6020922e+00
   7.8793914e-01   2.4951401e+00
   8.1317196e-01   2.3882923e+00
   7.9131913e-01   2.4785931e+00
   7.6534415e-01   2.6211346e+00
   7.8132180e-01   2.5293648e+00
   8.3049006e-01   2.3393181e+00
   7.7807193e-01   2.5470221e+00
   8.4688357e-01   2.3131295e+00
   6.6535973e-01   3.3428357e+00
   6.7308383e-01   3.2862326e+00
   6.9828115e-01   3.0967243e+00
   7.5286115e-01   2.7006256e+00
   9.4244155e-02   3.8326265e+00
   7.5597106e-01   2.6802564e+00
   7.5908577e-01   2.6602194e+00
   1.3915745e-01   3.7263360e+00
   1.9814654e-01   3.6123641e+00
   1.6858356e-01   3.6628604e+00
   5.5609252e-02   3.9165618e+00
   7.7485388e-01   2.5650328e+00
   7.2146263e-01   2.9222882e+00
   7.8460888e-01   2.5120679e+00
   4.7749825e-02   3.9314793e+00
   7.3729306e-01   2.8073834e+00
   7.0506727e-01   3.0452911e+00
   2.2082441e-01   3.5864981e+00
   6.4468602e-01   3.4879157e+00
   7.0169309e-01   3.0708510e+00
   2.5141187e-01   3.5731943e+00
   2.2855332e-01   3.5806807e+00
   6.8054989e-01   3.2306566e+00
   7.2784561e-01   2.8753511e+00
   6.3428582e-02   3.9008722e+00
   6.5734426e-01   3.4003368e+00
   1.2433344e-01   3.7610986e+00
   7.9475632e-01   2.4624408e+00
   2.0563529e-01   3.6024431e+00
   6.7684706e-01   3.2583104e+00
   7.4664556e-01   2.7423486e+00
   1.5388891e-01   3.6933368e+00
   6.4027444e-01   3.5173507e+00
   7.1201778e-02   3.8845237e+00
   7.2466424e-01   2.8986569e+00
   7.9825977e-01   2.4466978e+00
   1.3176019e-01   3.7435458e+00
   3.9728131e-04   3.9996012e+00
   8.5940002e-01   2.3070044e+00
   7.1171305e-01   2.9951233e+00
   1.1687193e-01   3.7788920e+00
   2.4436964e-01   3.5739131e+00
   1.4653146e-01   3.7095677e+00
   7.3100946e-01   2.8523688e+00
   1.0937306e-01   3.7968156e+00
   8.2141186e-01   2.3623557e+00
   8.6611464e-02   3.8502824e+00
   8.0550777e-01   2.4165254e+00
   6.6139090e-01   3.3714818e+00
   6.8419615e-01   3.2032803e+00
   8.0927943e-01   2.4021483e+00
   7.1498945e-01   2.9705225e+00
   6.9482831e-01   3.1229100e+00
   8.0183952e-01   2.4313848e+00
   6.3575591e-01   3.5468482e+00
   7.9983516e-03   3.9913993e+00
   6.8778917e-01   3.1761919e+00
   3.1923747e-02   3.9586155e+00
   7.3415765e-01   2.8297140e+00
   7.1823856e-01   2.9462433e+00
   6.5321489e-01   3.4293781e+00
   1.0183037e-01   3.8147669e+00
   8.3547881e-01   2.3292132e+00
   1.9070803e-01   3.6234586e+00
   6.9133187e-01   3.1494019e+00
   8.2582347e-01   2.3504207e+00
   7.8930963e-02   3.8676195e+00
   6.4899748e-01   3.4585801e+00
   1.8330905e-01   3.6356322e+00
   7.4041766e-01   2.7853804e+00
   2.3963766e-02   3.9706698e+00
   8.4088999e-01   2.3203517e+00
   7.6220921e-01   2.6405105e+00
   6.6925607e-01   3.3144127e+00
   1.6123693e-01   3.6777372e+00
   2.3639507e-01   3.5764459e+00
   7.4353434e-01   2.7637018e+00
   6.6168138e-01   3.3693964e+00
   9.0536241e-02   3.8412498e+00
   7.8830936e-01   2.4950816e+00
   7.2099992e-01   2.9257170e+00
   7.9458797e-01   2.4632158e+00
