   3.4482894e-02   3.4482697e-01   1.2069014e-01
   3.1034398e-01   1.2069215e-01   6.8963877e-02
   5.1724761e-02   8.6207983e-02   3.6206726e-01
   4.1645877e-01   3.3416187e-02   5.0125048e-02
   2.3212183e-01   2.6782796e-01   5.0216136e-05
   1.3793115e-01   8.6206870e-02   2.7586198e-01
   4.9957642e-05   2.8329985e-01   2.1665019e-01
   4.4995557e-01   4.9994439e-02   4.9995059e-05
   2.1428739e-01   1.7857007e-01   1.0714254e-01
   5.1724417e-02   2.9310215e-01   1.5517343e-01
   1.7855262e-01   5.0703096e-05   3.2139668e-01
   6.8964370e-02   3.2758708e-01   1.0344855e-01
   1.2069055e-01   3.1034557e-01   6.8963877e-02
   1.3792958e-01   1.2068642e-01   2.4138400e-01
   5.1665390e-05   1.2067548e-01   3.7927286e-01
   4.9991840e-05   4.4995471e-01   4.9995294e-02
   2.4137479e-01   1.3793779e-01   1.2068742e-01
   6.6668443e-02   3.8333115e-01   5.0000412e-02
   1.8965197e-01   6.8964033e-02   2.4138400e-01
   8.6207095e-02   6.8964520e-02   3.4482839e-01
   1.2068763e-01   1.5517789e-01   2.2413448e-01
   2.7586519e-01   8.6202348e-02   1.3793247e-01
   3.4482184e-02   5.1723136e-02   4.1379468e-01
   3.4482891e-01   8.6207209e-02   6.8963877e-02
   1.2067136e-01   5.1702212e-05   3.7927694e-01
   1.2069293e-01   2.2413039e-01   1.5517668e-01
   6.8965368e-02   2.4138164e-01   1.8965299e-01
   5.1718763e-05   3.6203146e-01   1.3791682e-01
   8.9280624e-02   1.9644158e-01   2.1427779e-01
   1.5517237e-01   2.5862076e-01   8.6206873e-02
   1.6670081e-02   4.1664840e-01   6.6681519e-02
   1.2068867e-01   5.1724005e-02   3.2758733e-01
   4.6662347e-01   4.9990901e-05   3.3326537e-02
   1.0022885e-01   3.8306634e-01   1.6704801e-02
   8.3336036e-02   4.1661396e-01   5.0001615e-05
   1.7241674e-01   1.7240818e-01   1.5517508e-01
   8.6206759e-02   1.0344797e-01   3.1034527e-01
   4.9912943e-05   4.9990010e-01   4.9989994e-05
   2.3212127e-01   5.0117989e-05   2.6782861e-01
   1.6071649e-01   1.4284932e-01   1.9643418e-01
   3.6207231e-01   5.1722883e-02   8.6204807e-02
   1.7238089e-02   2.0689795e-01   2.7586396e-01
   1.3791022e-01   3.6203807e-01   5.1715778e-05
   5.0722547e-05   3.2139794e-01   1.7855134e-01
   5.1707346e-05   2.4135888e-01   2.5858941e-01
   4.9937082e-05   3.3332590e-02   4.6661747e-01
   3.2759022e-01   5.1718622e-02   1.2069116e-01
   2.9999383e-01   1.9995617e-01   4.9998959e-05
   2.5861949e-01   1.5517385e-01   8.6206658e-02
   3.4482377e-02   1.2068975e-01   3.4482787e-01
   2.1431611e-01   1.2498523e-01   1.6069866e-01
   2.8842585e-01   5.0864299e-05   2.1152329e-01
   2.2414154e-01   2.0689458e-01   6.8963877e-02
   1.7241511e-01   1.0344806e-01   2.2413684e-01
   2.5861197e-01   1.7241990e-02   2.2414604e-01
   1.7241395e-01   2.0689645e-01   1.2068960e-01
   8.3324803e-02   4.9695708e-05   4.1662550e-01
   3.9995931e-01   9.9990690e-02   4.9995345e-05
   2.5062096e-01   2.3267106e-01   1.6707976e-02
   2.3393274e-01   5.0129798e-02   2.1593746e-01
   6.8965029e-02   3.4484142e-02   3.9655083e-01
   3.6212033e-01   1.7234945e-02   1.2064473e-01
   3.6203973e-01   1.3790856e-01   5.1714269e-05
   1.0344860e-01   3.4482780e-01   5.1723599e-02
   1.3793215e-01   1.8965347e-01   1.7241438e-01
   5.1675043e-05   3.9651074e-01   1.0343759e-01
   5.1598308e-05   1.7239668e-01   3.2755172e-01
   6.8966205e-02   1.3793121e-01   2.9310259e-01
   3.2758531e-01   1.5517337e-01   1.7241316e-02
   1.3793382e-01   1.7231774e-02   3.4483441e-01
   4.9990005e-01   4.9963228e-05   4.9989994e-05
   3.3321346e-02   4.6662866e-01   4.9995905e-05
   2.9309613e-01   1.0345203e-01   1.0345184e-01
   1.8963789e-01   3.1031039e-01   5.1715778e-05
   1.8966071e-01   2.5861569e-01   5.1723599e-02
   4.3328821e-01   4.9989983e-05   6.6661799e-02
   3.3334419e-02   2.3333687e-01   2.3332871e-01
   3.9651070e-01   5.1712419e-05   1.0343758e-01
   8.6211211e-02   2.7585056e-01   1.3793823e-01
   1.5517349e-01   5.1723926e-02   2.9310259e-01
   6.8966865e-02   1.7244372e-01   2.5858941e-01
   4.9682090e-05   8.3324816e-02   4.1662550e-01
   5.0013594e-02   4.3332067e-01   1.6665731e-02
   2.7586206e-01   1.7241434e-01   5.1723599e-02
   1.0344710e-01   2.9310434e-01   1.0344855e-01
   1.0344844e-01   1.2068870e-01   2.7586287e-01
   3.4482802e-02   1.5517192e-01   3.1034527e-01
   2.4137896e-01   8.6206796e-02   1.7241425e-01
   1.5517439e-01   3.2758433e-01   1.7241277e-02
   3.3925052e-01   5.0737269e-05   1.6069875e-01
   1.8965406e-01   2.2413956e-01   8.6206388e-02
   5.1662510e-02   3.6223299e-01   8.6104498e-02
   3.9657032e-01   6.8950925e-02   3.4478757e-02
   2.9310448e-01   3.4481139e-02   1.7241438e-01
   4.9995485e-02   4.4004935e-05   4.4996051e-01
   1.3792612e-01   2.4138849e-01   1.2068539e-01
   1.8965820e-01   3.4475382e-02   2.7586642e-01
   3.4483488e-01   1.2068482e-01   3.4480298e-02
   1.7241732e-01   2.9310389e-01   3.4478793e-02
   4.6038112e-05   4.6431845e-05   4.9990753e-01
