   1.0000000e+00   9.5030176e-05
   9.6077286e-01   2.7733646e-01
   5.1933636e-01   8.5456992e-01
   4.8056319e-01   8.7696010e-01
   9.9810991e-01   6.1454057e-02
   9.5637072e-01   2.9215585e-01
   6.4239800e-01   7.6637119e-01
   4.7086949e-01   8.8220288e-01
   9.0330285e-01   4.2900345e-01
   7.3750626e-01   6.7534029e-01
   9.5166141e-01   3.0714908e-01
   9.7422922e-01   2.2556026e-01
   8.2118809e-01   5.7065763e-01
   9.7014255e-01   2.4253544e-01
   9.2575448e-01   3.7812516e-01
   9.2049587e-01   3.9075228e-01
   3.4999539e-01   9.3675142e-01
   8.6417523e-01   5.0319099e-01
   7.6124472e-01   6.4846471e-01
   9.3078255e-01   3.6557331e-01
   9.8614369e-01   1.6589342e-01
   3.8127622e-01   9.2446117e-01
   7.0427369e-01   7.0992857e-01
   1.5291267e-01   9.8823971e-01
   7.4553653e-01   6.6646476e-01
   2.5113080e-01   9.6795316e-01
   8.5260093e-01   5.2256259e-01
   7.5345001e-01   6.5750520e-01
   9.8939777e-01   1.4523100e-01
   2.3401039e-01   9.7223410e-01
   8.6974889e-01   4.9349455e-01
   7.9831751e-01   6.0223679e-01
   8.4660084e-01   5.3222835e-01
   6.3323768e-01   7.7395739e-01
   8.1222202e-01   5.8334842e-01
   3.1926696e-01   9.4766482e-01
   7.7645819e-01   6.3016877e-01
   9.8233905e-01   1.8710959e-01
   4.2259541e-01   9.0631844e-01
   6.8703788e-01   7.2662160e-01
   4.4828674e-01   8.9388981e-01
   6.1471758e-01   7.8874729e-01
   8.5966625e-05   1.0000000e+00
   8.8391942e-01   4.6763924e-01
   6.9570436e-01   7.1832823e-01
   8.0533762e-01   5.9281643e-01
   5.8018110e-01   8.1448750e-01
   9.4663407e-01   3.2231030e-01
   8.9062829e-01   4.5473206e-01
   3.6557375e-01   9.3078238e-01
   1.1043119e-01   9.9388377e-01
   9.7852496e-01   2.0612837e-01
   3.0413604e-01   9.5262861e-01
   5.6987228e-02   9.9837491e-01
   3.3455625e-01   9.4237578e-01
   5.9281699e-01   8.0533721e-01
   2.6853393e-01   9.6327023e-01
   4.0981540e-01   9.1216848e-01
   4.6118347e-01   8.8730480e-01
   5.5790057e-01   8.2990780e-01
   8.5845914e-01   5.1288195e-01
   4.9026158e-01   8.7157535e-01
   8.9708848e-01   4.4185094e-01
   7.6891394e-01   6.3935230e-01
   6.6943214e-01   7.4287321e-01
   1.9520935e-01   9.8076160e-01
   5.2900777e-01   8.4861698e-01
   6.6049973e-01   7.5082628e-01
   6.7828134e-01   7.3480230e-01
   7.2936041e-01   6.8412966e-01
   5.4829372e-01   8.3628583e-01
   4.9995900e-01   8.6604907e-01
   1.3260416e-01   9.9116908e-01
   2.8620486e-01   9.5816845e-01
   1.7378165e-01   9.8478421e-01
   8.7695965e-01   4.8056401e-01
   9.1500336e-01   4.0344621e-01
   6.2400686e-01   7.8141886e-01
   9.9560256e-01   9.3677912e-02
   3.9709119e-01   9.1777916e-01
   9.9274989e-01   1.2019837e-01
   4.3542161e-01   9.0022665e-01
   8.2774590e-01   5.6110313e-01
   9.3558568e-01   3.5309975e-01
   9.6566310e-01   2.5979756e-01
   9.0927355e-01   4.1619900e-01
   8.3417596e-01   5.5149839e-01
   8.6628419e-02   9.9624069e-01
   7.8387568e-01   6.2091780e-01
   5.6747461e-01   8.2339090e-01
   9.4127815e-01   3.3763210e-01
   5.0965210e-01   8.6038057e-01
   6.5148711e-01   7.5865970e-01
   2.1440611e-01   9.7674460e-01
   7.9116186e-01   6.1160682e-01
   7.1274008e-01   7.0142825e-01
   8.4045883e-01   5.4187540e-01
   5.3866198e-01   8.4252197e-01
   7.2110473e-01   6.9282608e-01
   6.0536627e-01   7.9594703e-01
