   3.4482085e-02   2.2413825e-01   2.4137966e-01
   3.2758651e-01   3.4482317e-02   1.3793117e-01
   2.3392888e-01   2.1594270e-01   5.0128417e-02
   6.6674947e-02   2.1666196e-01   2.1666309e-01
   2.9310145e-01   1.2069225e-01   8.6206309e-02
   4.4995498e-01   4.9988746e-05   4.9995030e-02
   4.9960876e-05   8.3324868e-02   4.1662517e-01
   9.9990121e-02   3.9995988e-01   4.9995060e-05
   2.7583229e-01   8.6218356e-02   1.3794936e-01
   1.9640977e-01   3.0353964e-01   5.0589735e-05
   2.7571577e-01   1.8982104e-01   3.4463184e-02
   8.6161575e-02   3.7937524e-01   3.4463184e-02
   3.1034823e-01   1.7241142e-01   1.7240351e-02
   2.0689667e-01   1.7241372e-01   1.2068962e-01
   3.3333047e-02   1.6666549e-02   4.5000040e-01
   5.1723995e-02   3.2758631e-01   1.2068969e-01
   1.5517237e-01   3.4482713e-02   3.1034492e-01
   1.2067670e-01   5.1717172e-05   3.7927158e-01
   3.7927113e-01   5.1648130e-05   1.2067722e-01
   3.4480755e-02   2.9310474e-01   1.7241450e-01
   2.4140345e-01   6.8959082e-02   1.8963747e-01
   5.0570777e-02   1.7977292e-01   2.6965630e-01
   4.1662378e-01   5.0025229e-02   3.3350988e-02
   6.8966436e-02   5.1719112e-02   3.7931445e-01
   3.3329859e-01   4.9979256e-05   1.6665143e-01
   1.5517372e-01   6.8965183e-02   2.7586110e-01
   2.7586322e-01   5.1722585e-02   1.7241420e-01
   1.5516964e-01   1.3792650e-01   2.0690386e-01
   2.5859412e-01   5.1716625e-05   2.4135417e-01
   4.6662618e-01   3.3323824e-02   4.9995657e-05
   1.5000420e-01   3.3333004e-01   1.6665757e-02
   1.2499691e-01   1.7857362e-01   1.9642946e-01
   1.9642988e-01   1.0714066e-01   1.9642946e-01
   5.1564428e-05   2.5923168e-01   2.4071676e-01
   6.6661047e-02   4.3328896e-01   4.9995781e-05
   2.7586270e-01   1.5517231e-01   6.8964990e-02
   1.3793086e-01   2.0689629e-01   1.5517285e-01
   3.9671036e-01   3.4429885e-02   6.8859752e-02
   1.7235584e-02   3.4483174e-01   1.3793267e-01
   1.6668053e-02   1.0000538e-01   3.8332657e-01
   1.7857254e-01   2.1428376e-01   1.0714370e-01
   3.1034487e-01   6.8965455e-02   1.2068967e-01
   8.6209044e-02   1.2068735e-01   2.9310360e-01
   3.9651094e-01   1.0343734e-01   5.1718176e-05
   5.1714088e-05   3.2755224e-01   1.7239605e-01
   4.9990005e-01   4.9964579e-05   4.9990003e-05
   3.2758472e-01   1.2069138e-01   5.1723904e-02
   2.1666729e-01   2.6666696e-01   1.6665757e-02
   8.6192397e-02   3.1037531e-01   1.0343229e-01
   3.6207445e-01   5.1722080e-02   8.6203470e-02
   1.2068941e-01   2.9310387e-01   8.6206720e-02
   2.9307526e-01   2.0687302e-01   5.1718177e-05
   2.4137927e-01   1.3793109e-01   1.2068964e-01
   1.8965804e-01   2.4137697e-01   6.8964990e-02
   1.6780785e-02   2.6845282e-01   2.1476639e-01
   2.4997490e-01   2.4997511e-01   4.9994275e-05
   4.9958751e-05   4.9990005e-01   4.9990003e-05
   3.3333500e-02   5.0000249e-02   4.1666625e-01
   1.0344927e-01   6.8962508e-02   3.2758822e-01
   1.5517716e-01   2.9309941e-01   5.1723425e-02
   5.1698065e-05   1.3791618e-01   3.6203212e-01
   5.1700705e-05   1.7239610e-01   3.2755220e-01
   1.7241375e-01   8.6207006e-02   2.4137925e-01
   4.1662100e-01   4.9966909e-05   8.3329031e-02
   1.2068879e-01   8.6207101e-02   2.9310411e-01
   3.4481161e-02   1.5517376e-01   3.1034508e-01
   5.0394354e-05   2.1426245e-01   2.8568716e-01
   2.2413715e-01   1.2069000e-01   1.5517285e-01
   3.2759015e-01   8.6204920e-02   8.6204926e-02
   2.9310545e-01   1.7234006e-02   1.8966054e-01
   8.6207023e-02   2.4137893e-01   1.7241405e-01
   1.7857616e-01   1.6071562e-01   1.6070822e-01
   2.3333440e-01   3.3331654e-02   2.3333395e-01
   2.1426247e-01   5.0379101e-05   2.8568716e-01
   5.1599736e-05   3.9651012e-01   1.0343828e-01
   1.8965893e-01   5.1719834e-02   2.5862124e-01
   1.2069609e-01   3.4480372e-02   3.4482354e-01
   3.5711278e-01   1.4283620e-01   5.1016042e-05
   1.5517195e-01   2.5862139e-01   8.6206661e-02
   1.6665508e-01   4.9967258e-05   3.3329495e-01
   1.2069389e-01   2.4137022e-01   1.3793588e-01
   3.3334505e-02   4.4999974e-01   1.6665757e-02
   4.7657873e-05   4.9993757e-02   4.4995859e-01
   5.1717268e-02   3.6208717e-01   8.6195563e-02
   8.3338134e-02   1.6666608e-02   3.9999526e-01
   6.8965512e-02   2.7586164e-01   1.5517285e-01
   6.8965518e-02   1.0344828e-01   3.2758621e-01
   3.4479033e-02   4.1380228e-01   5.1718691e-02
   5.1723619e-02   8.6205412e-02   3.6207097e-01
   1.0345103e-01   3.4482512e-01   5.1723845e-02
   2.4137851e-01   1.7241487e-01   8.6206613e-02
   1.2069426e-01   1.2069448e-01   2.5861126e-01
   4.3327208e-01   6.6677917e-02   5.0007465e-05
   3.6211717e-01   8.6176753e-02   5.1706081e-02
   1.0344829e-01   1.5517243e-01   2.4137929e-01
   1.0344874e-01   2.7586152e-01   1.2068974e-01
   4.9967333e-05   4.4995500e-01   4.9995030e-02
   4.8512125e-05   4.8072102e-05   4.9990342e-01
   6.6660365e-02   1.8897863e-05   4.3332074e-01
   1.3791826e-01   3.6203028e-01   5.1459347e-05
