   9.5782627e-01   1.2492058e-04   2.8734792e-01
   7.0710508e-01   7.0710847e-01   1.4142117e-04
   6.4483656e-01   6.4483966e-01   4.1032625e-01
   8.7158421e-01   4.9024581e-01   1.3761638e-04
   1.4532385e-04   7.3480371e-01   6.7827980e-01
   2.1310580e-01   7.4584836e-01   6.3110708e-01
   4.6411288e-01   7.5445266e-01   4.6411251e-01
   4.2807230e-01   9.0374448e-01   1.3556043e-04
   8.4799829e-01   1.4124783e-04   5.2999894e-01
   1.3165774e-04   3.8807428e-01   9.2162809e-01
   4.4721437e-01   1.3416305e-04   8.9442679e-01
   3.1844826e-01   8.4752716e-01   4.2460385e-01
   7.3358289e-01   4.5150341e-01   5.0793781e-01
   1.1766744e-04   9.8058005e-01   1.9611923e-01
   1.9611785e-01   9.8058033e-01   1.1767005e-04
   9.0225785e-01   2.5062521e-01   3.5088143e-01
   4.9024366e-01   8.7158541e-01   1.3761638e-04
   6.4482169e-01   4.1035035e-01   6.4483918e-01
   5.3500080e-01   6.5388115e-01   5.3498934e-01
   9.4281095e-01   2.3569970e-01   2.3569718e-01
   8.3927707e-01   2.6403406e-01   4.7528941e-01
   6.3297935e-01   5.7543702e-01   5.1788935e-01
   7.7994178e-01   4.8738683e-02   6.2395141e-01
   1.4142107e-04   7.0710826e-01   7.0710529e-01
   9.9995932e-05   9.9999999e-01   9.9981791e-05
   4.4375423e-01   8.3205793e-01   3.3280894e-01
   1.3824340e-04   5.0701619e-01   8.6193652e-01
   5.0701619e-01   1.3819127e-04   8.6193652e-01
   9.8057597e-01   1.9613961e-01   1.1768362e-04
   7.0590337e-01   5.2942644e-01   4.7054019e-01
   5.0790928e-01   4.5147688e-01   7.3361897e-01
   8.1105145e-01   4.8672528e-01   3.2449044e-01
   2.5076069e-01   9.0214875e-01   3.5106510e-01
   7.3194009e-01   6.7962078e-01   4.8778146e-02
   7.5569326e-01   1.4164886e-04   6.5492570e-01
   3.9820530e-01   4.5509262e-01   7.9644413e-01
   9.8058005e-01   1.1766514e-04   1.9611923e-01
   4.0893787e-01   7.0104878e-01   5.8420923e-01
   3.6191428e-01   8.7906973e-01   3.1024903e-01
   2.6277787e-01   4.7303162e-01   8.4094523e-01
   3.2927796e-01   5.4882233e-01   7.6835544e-01
   3.6244173e-01   1.3300526e-04   9.3200642e-01
   8.5033022e-01   3.7211430e-01   3.7211486e-01
   5.6980277e-01   6.8376186e-01   4.5584484e-01
   7.0710826e-01   1.4138491e-04   7.0710529e-01
   3.5601534e-01   9.3448010e-01   1.3345645e-04
   7.9643179e-01   3.9820886e-01   4.5511110e-01
   3.1024537e-01   3.6196124e-01   8.7905169e-01
   7.3192930e-01   4.8790252e-02   6.7963153e-01
   1.3130549e-04   9.1914628e-01   3.9391637e-01
   4.5734820e-01   6.2882989e-01   6.2881285e-01
   7.9436670e-01   6.0743850e-01   1.4018199e-04
   3.4583343e-01   6.3402530e-01   6.9167273e-01
   5.9656843e-01   5.3687502e-01   5.9654951e-01
   9.2162451e-01   3.8808278e-01   1.3165521e-04
   9.2163149e-01   1.3163562e-04   3.8806619e-01
   5.5468497e-01   8.3206043e-01   1.3867541e-04
   1.3414450e-04   4.4721437e-01   8.9442679e-01
   6.5493008e-01   1.4167586e-04   7.5568947e-01
   3.3913419e-01   7.9131348e-01   5.0873468e-01
   1.2489929e-04   9.5782627e-01   2.8734792e-01
   8.9442666e-01   1.3404983e-04   4.4721465e-01
   4.8732515e-02   7.7994217e-01   6.2395141e-01
   2.4337630e-01   2.9205236e-01   9.2491805e-01
   2.3570798e-01   9.4280888e-01   2.3569718e-01
   7.4471245e-01   3.4335029e-01   5.7228835e-01
   6.7963960e-01   4.8772460e-02   7.3192299e-01
   1.4125905e-04   8.4799829e-01   5.2999894e-01
   1.4162429e-04   6.5493008e-01   7.5568947e-01
   8.9443034e-01   4.4720728e-01   1.3416205e-04
   6.0744958e-01   7.9435823e-01   1.4017999e-04
   1.4225390e-04   8.0640827e-01   5.9135918e-01
   1.3948240e-04   8.8378872e-01   4.6788619e-01
   4.7056882e-01   5.2942468e-01   7.0588561e-01
   6.7965330e-01   7.3190999e-01   4.8776723e-02
   4.3068511e-01   2.6919150e-01   8.6142108e-01
   4.8788895e-02   6.7963840e-01   7.3192301e-01
   7.4438312e-01   5.7259457e-01   3.4355384e-01
   6.5491540e-01   7.5570219e-01   1.4169380e-04
   2.8733866e-01   9.5782904e-01   1.2493173e-04
   1.4006602e-04   6.0745008e-01   7.9435784e-01
   4.8668030e-01   3.2445354e-01   8.1109320e-01
   5.5469673e-01   1.3849617e-04   8.3205259e-01
   9.0225508e-01   3.5089717e-01   2.5061313e-01
   8.0640827e-01   1.4229096e-04   5.9135918e-01
   5.7255050e-01   3.4353979e-01   7.4442349e-01
   9.9999999e-01   9.9934057e-05   9.9981791e-05
   5.1789022e-01   5.7541288e-01   6.3300058e-01
   7.5569273e-01   6.5492632e-01   1.4169198e-04
   5.7259746e-01   7.4438090e-01   3.4355381e-01
   1.5169559e-05   1.9611331e-01   9.8058124e-01
   1.3848892e-04   5.5469673e-01   8.3205259e-01
   8.3205028e-01   5.5470020e-01   1.3867494e-04
   9.5783740e-01   2.8731081e-01   1.2493237e-04
   9.2024092e-05   3.3034776e-01   9.4385928e-01
   6.9600278e-05   6.0366877e-05   1.0000000e+00
   2.8734114e-01   1.3210915e-05   9.5782831e-01
   1.9611330e-01   3.8550076e-05   9.8058124e-01
   6.0745008e-01   1.4012246e-04   7.9435784e-01
   7.0081395e-08   2.7471773e-01   9.6152492e-01
