   2.8799997e-01   2.1200003e-01
   4.2800002e-01   7.1999977e-02
   2.0199975e-01   2.9800025e-01
   2.0799993e-01   2.9200007e-01
   4.7928419e-05   4.9995207e-01
   4.9400022e-01   5.9997761e-03
   1.7599999e-01   3.2400001e-01
   3.6500010e-01   1.3499990e-01
   4.8800004e-01   1.1999965e-02
   1.3099979e-01   3.6900021e-01
   1.9998780e-02   4.8000122e-01
   1.5100033e-01   3.4899967e-01
   2.6299994e-01   2.3700006e-01
   2.6799997e-01   2.3200003e-01
   4.0299966e-01   9.7000339e-02
   3.0999962e-01   1.9000038e-01
   2.5300038e-01   2.4699962e-01
   1.0599958e-01   3.9400042e-01
   4.6800018e-01   3.1999816e-02
   3.8500035e-01   1.1499965e-01
   1.9100031e-01   3.0899969e-01
   3.9699993e-01   1.0300007e-01
   3.2999986e-01   1.7000014e-01
   3.5499973e-01   1.4500027e-01
   1.4100018e-01   3.5899982e-01
   4.0799957e-01   9.2000433e-02
   1.9600000e-01   3.0400000e-01
   2.3800005e-01   2.6199995e-01
   3.7000004e-01   1.2999996e-01
   3.3500005e-01   1.6499995e-01
   4.2300017e-01   7.6999833e-02
   3.1499931e-01   1.8500069e-01
   4.5799981e-01   4.2000190e-02
   2.7800001e-01   2.2199999e-01
   1.2599945e-01   3.7400055e-01
   4.4999729e-02   4.5500027e-01
   3.2499983e-01   1.7500017e-01
   1.4600026e-01   3.5399974e-01
   4.6300004e-01   3.6999958e-02
   4.5300010e-01   4.6999898e-02
   2.4800012e-01   2.5199988e-01
   1.5599994e-01   3.4400006e-01
   2.9300006e-01   2.0699994e-01
   2.5000594e-02   4.7499941e-01
   1.6100033e-01   3.3899967e-01
   3.4999994e-01   1.5000006e-01
   1.0100064e-01   3.9899936e-01
   3.1999976e-01   1.8000024e-01
   1.1599950e-01   3.8400050e-01
   4.3799969e-01   6.2000306e-02
   4.7800036e-01   2.1999643e-02
   2.9900064e-01   2.0099936e-01
   1.6600002e-01   3.3399998e-01
   4.3300000e-01   6.6999999e-02
   1.8099999e-01   3.1900001e-01
   3.7499998e-01   1.2500002e-01
   3.9999782e-02   4.6000022e-01
   3.3999994e-01   1.6000006e-01
   2.3299966e-01   2.6700034e-01
   3.4499967e-01   1.5500033e-01
   1.2099999e-01   3.7900001e-01
   9.7000224e-02   4.0299978e-01
   2.5799988e-01   2.4200012e-01
   1.8600017e-01   3.1399983e-01
   2.2800009e-01   2.7199991e-01
   4.9999114e-03   4.9500009e-01
   4.9995178e-01   4.8222383e-05
   3.6000000e-01   1.4000000e-01
   4.8300187e-01   1.6998127e-02
   2.7300061e-01   2.2699939e-01
   9.9998400e-03   4.9000016e-01
   5.0000621e-02   4.4999938e-01
   2.8299981e-01   2.1700019e-01
   2.4300002e-01   2.5699998e-01
   4.1799991e-01   8.2000094e-02
   1.7100002e-01   3.2899998e-01
   8.4000478e-02   4.1599952e-01
   6.9999800e-02   4.3000020e-01
   1.4999323e-02   4.8500068e-01
   4.4800018e-01   5.1999824e-02
   4.1299995e-01   8.7000051e-02
   3.0499954e-01   1.9500046e-01
   8.9000164e-02   4.1099984e-01
   2.2299982e-01   2.7700018e-01
   1.3599992e-01   3.6400008e-01
   4.4299916e-01   5.7000839e-02
   2.1799979e-01   2.8200021e-01
   3.4999676e-02   4.6500032e-01
   3.9099989e-01   1.0900011e-01
   2.1299983e-01   2.8700017e-01
   1.1100002e-01   3.8899998e-01
   7.9000776e-02   4.2099922e-01
   2.9999256e-02   4.7000074e-01
   4.7300106e-01   2.6998939e-02
   3.8000064e-01   1.1999936e-01
   5.4999969e-02   4.4500003e-01
   5.9998304e-02   4.4000170e-01
   7.5003991e-02   4.2499601e-01
   6.5000854e-02   4.3499915e-01
   9.3001228e-02   4.0699877e-01
