   4.4721423e-01   1.3416043e-04   8.9442686e-01
   8.9442803e-01   1.3411834e-04   4.4721189e-01
   8.6193806e-01   1.3827127e-04   5.0701358e-01
   1.3304426e-04   3.6244390e-01   9.3200558e-01
   5.0789803e-01   7.3363294e-01   4.5146684e-01
   7.5257676e-01   1.4109639e-04   6.5850452e-01
   6.7963874e-01   4.8785112e-02   7.3192294e-01
   4.8758474e-02   7.3192013e-01   6.7964368e-01
   8.3205435e-01   1.3865958e-04   5.5469409e-01
   4.6418416e-01   4.6418416e-01   7.5436471e-01
   7.0920199e-01   2.7276656e-01   6.5010072e-01
   6.2882869e-01   6.2882869e-01   4.5732806e-01
   6.5492953e-01   1.4159624e-04   7.5568994e-01
   6.0744912e-01   1.4015833e-04   7.9435858e-01
   1.3866803e-04   5.5469635e-01   8.3205285e-01
   7.0588286e-01   4.7058762e-01   5.2941163e-01
   3.7206260e-01   3.7206260e-01   8.5037571e-01
   3.2930620e-01   7.6832583e-01   5.4884684e-01
   6.9167282e-01   6.3402806e-01   3.4582817e-01
   3.0153726e-01   3.0153726e-01   9.0451676e-01
   4.9026181e-01   8.7157521e-01   1.3761463e-04
   6.3295675e-01   5.1789400e-01   5.7545769e-01
   7.5569537e-01   6.5492327e-01   1.4169109e-04
   4.0893352e-01   5.8420493e-01   7.0105490e-01
   9.8058134e-01   1.9611278e-01   1.1764483e-04
   4.1149387e-01   2.5717261e-01   8.7437695e-01
   1.3414742e-04   4.4721423e-01   8.9442686e-01
   5.5469635e-01   1.3867225e-04   8.3205285e-01
   1.9611738e-01   1.1726059e-04   9.8058042e-01
   1.3864443e-04   8.3205435e-01   5.5469409e-01
   1.3827056e-04   8.6193806e-01   5.0701358e-01
   6.0744361e-01   7.9436279e-01   1.4018054e-04
   2.4249985e-01   9.7015143e-01   1.2114395e-04
   1.4015764e-04   7.9435840e-01   6.0744934e-01
   8.3205080e-01   5.5469941e-01   1.3867513e-04
   9.8058095e-01   1.1766037e-04   1.9611473e-01
   6.5079048e-01   7.5925735e-01   1.4235917e-04
   8.7441731e-01   4.1145469e-01   2.5709802e-01
   7.9435840e-01   1.4017191e-04   6.0744934e-01
   3.7211254e-01   8.5033285e-01   3.7211061e-01
   7.4466279e-01   3.4338834e-01   5.7233014e-01
   5.9654573e-01   5.9654573e-01   5.3690445e-01
   6.7964357e-01   7.3191965e-01   4.8767212e-02
   4.4721336e-01   8.9442730e-01   1.3415899e-04
   1.3412227e-04   8.9442803e-01   4.4721189e-01
   3.3912852e-01   5.0869389e-01   7.9134213e-01
   5.3498351e-01   5.3498351e-01   6.5390006e-01
   5.8420929e-01   7.0106597e-01   4.0890832e-01
   3.9821566e-01   7.9643185e-01   4.5510504e-01
   3.6244390e-01   1.3313810e-04   9.3200558e-01
   7.9225841e-01   5.0770634e-01   3.3846845e-01
   1.4010800e-04   6.0744912e-01   7.9435858e-01
   4.7388042e-01   6.5155370e-01   5.9238089e-01
   4.5637465e-02   9.1285946e-01   4.0571520e-01
   4.8777572e-02   6.7963928e-01   7.3192294e-01
   7.0710677e-01   7.0710677e-01   1.4141963e-04
   1.1762531e-04   9.8058095e-01   1.9611473e-01
   9.9990323e-05   9.9999999e-01   9.9989560e-05
   2.6277998e-01   8.4093387e-01   4.7305064e-01
   9.3979342e-01   1.2811270e-04   3.4174305e-01
   1.2493048e-04   9.5782619e-01   2.8734817e-01
   4.8667460e-01   3.2444907e-01   8.1109841e-01
   6.3403849e-01   3.4580599e-01   6.9167435e-01
   5.0701971e-01   1.3809533e-04   8.6193445e-01
   9.2163481e-01   1.3158470e-04   3.8805833e-01
   4.7055009e-01   7.0594014e-01   5.2936862e-01
   9.0450351e-01   3.0156034e-01   3.0155390e-01
   1.5205000e-01   9.8837280e-01   1.1402739e-04
   1.1734357e-04   1.9611738e-01   9.8058042e-01
   7.9435947e-01   6.0744795e-01   1.4018054e-04
   3.0155484e-01   9.0450535e-01   3.0155390e-01
   1.3825054e-04   5.0701971e-01   8.6193445e-01
   3.3035730e-01   9.4385594e-01   1.2869538e-04
   7.3191832e-01   6.7964500e-01   4.8767212e-02
   5.9234808e-01   4.7385694e-01   6.5160061e-01
   9.3201056e-01   3.6243109e-01   1.3312862e-04
   3.8805836e-01   9.2163479e-01   1.3161071e-04
   5.4881902e-01   3.2927200e-01   7.6836035e-01
   7.9643170e-01   3.9821597e-01   4.5510504e-01
   8.7439721e-01   2.5715893e-01   4.1145936e-01
   1.2814926e-04   9.3979342e-01   3.4174305e-01
   7.2880900e-01   5.6094654e-01   3.9265305e-01
   9.9999999e-01   9.9998050e-05   9.9989560e-05
   5.0769679e-01   7.9226453e-01   3.3846845e-01
   8.5039579e-01   3.7202876e-01   3.7205053e-01
   1.4168931e-04   7.5569528e-01   6.5492338e-01
   8.9442713e-01   4.4721370e-01   1.3415899e-04
   9.5782694e-01   2.8734566e-01   1.2481568e-04
   7.3363131e-01   5.0790038e-01   4.5146684e-01
   1.1482533e-04   6.5078480e-01   7.5926223e-01
   8.6193553e-01   5.0701787e-01   1.3827405e-04
   2.5717827e-01   4.1149033e-01   8.7437695e-01
   3.4583441e-01   6.9166929e-01   6.3402852e-01
   7.0710523e-01   2.9045151e-06   7.0710834e-01
   5.5469936e-01   8.3205084e-01   1.3867513e-04
   9.5782619e-01   1.2152951e-04   2.8734817e-01
   4.0873490e-05   2.8734720e-01   9.5782649e-01
   6.9365483e-05   8.9762950e-05   9.9999999e-01
   2.8734721e-01   1.8772423e-05   9.5782649e-01
   5.9318329e-05   7.0710522e-01   7.0710834e-01
