   7.5679728e-01   7.8140925e-01
   6.3457532e-01   8.8354779e-01
   4.9466443e-01   9.6883932e-01
   5.4386330e-01   9.4210150e-01
   8.9088860e-01   6.2422754e-01
   4.3887458e-01   9.9535503e-01
   4.5274694e-01   9.8912221e-01
   1.0553361e+00   2.6383390e-01
   4.1133058e-01   1.0070500e+00
   9.4811315e-01   5.3331415e-01
   1.0504630e+00   2.8261270e-01
   3.3084548e-01   1.0362836e+00
   6.5852779e-01   8.6584275e-01
   9.0044174e-01   6.1036645e-01
   1.2012664e-01   1.0811624e+00
   7.7533064e-01   7.6302354e-01
   2.2722332e-01   1.0638196e+00
   6.9881107e-01   8.3366996e-01
   3.4730342e-01   1.0308845e+00
   1.0528134e-04   1.0878155e+00
   9.1650788e-01   5.8596572e-01
   5.0870578e-01   9.6154093e-01
   1.0352318e+00   3.3412222e-01
   1.0111760e+00   4.0108053e-01
   5.5440851e-01   9.3593468e-01
   1.0056436e+00   4.1475720e-01
   7.1850284e-01   8.1675957e-01
   8.4464330e-01   6.8550727e-01
   1.0638197e+00   2.2722291e-01
   9.9986003e-01   4.2851190e-01
   8.6063853e-01   6.6531485e-01
   6.8884509e-01   8.4192338e-01
   5.2276413e-01   9.5397075e-01
   9.2313820e-01   5.7546363e-01
   1.0782089e+00   1.4425004e-01
   8.2809227e-01   7.0541174e-01
   2.6383349e-01   1.0553362e+00
   1.8617167e-01   1.0717661e+00
   9.4236884e-02   1.0837259e+00
   2.4536764e-01   1.0597817e+00
   5.9295137e-01   9.1200395e-01
   1.0712630e+00   1.8904507e-01
   7.4737107e-01   7.9042964e-01
   1.0860475e+00   6.1994047e-02
   7.8442911e-01   7.5366670e-01
   1.0597817e+00   2.4536758e-01
   9.9382127e-01   4.4233677e-01
   5.3331378e-01   9.4811336e-01
   2.8261164e-01   1.0504633e+00
   4.8065293e-01   9.7586643e-01
   6.4829765e-01   8.7352886e-01
   8.7098348e-01   6.5171336e-01
   9.8096230e-01   4.7016539e-01
   8.5271135e-01   6.7544495e-01
   1.4425026e-01   1.0782089e+00
   6.7880590e-01   8.5003828e-01
   2.0646929e-01   1.0680416e+00
   8.1961495e-01   7.1524392e-01
   4.6667597e-01   9.8262712e-01
   9.7413502e-01   4.8415234e-01
   9.2961407e-01   5.6494266e-01
   8.3643620e-01   6.9549767e-01
   1.6634050e-01   1.0750225e+00
   9.5397071e-01   5.2276421e-01
   3.8073006e-01   1.0190128e+00
   6.1988663e-02   1.0860478e+00
   6.0689172e-01   9.0278733e-01
   1.0239369e+00   3.6728160e-01
   1.0451435e+00   3.0169132e-01
   7.0869833e-01   8.2528129e-01
   1.0297621e+00   3.5061741e-01
   8.1100647e-01   7.2499037e-01
   1.0177442e+00   3.8410831e-01
   2.9849115e-01   1.0460619e+00
   1.0750221e+00   1.6634282e-01
   7.9340995e-01   7.4420641e-01
   8.0227072e-01   7.3464564e-01
   9.0972465e-01   5.9644245e-01
   1.0811621e+00   1.2012890e-01
   8.8106768e-01   6.3801432e-01
   9.8752320e-01   4.5622414e-01
   4.2506723e-01   1.0013293e+00
   3.1457106e-01   1.0413393e+00
   1.0837261e+00   9.4235246e-02
   6.2076725e-01   8.9330316e-01
   3.6393562e-01   1.0251309e+00
   7.6611871e-01   7.7227239e-01
   9.4210103e-01   5.4386411e-01
   1.0403551e+00   3.1781087e-01
   7.2821936e-01   8.0810834e-01
   7.3784397e-01   7.9933022e-01
   9.5967423e-01   5.1221861e-01
   9.6703984e-01   4.9817313e-01
   1.0674694e+00   2.0940777e-01
   5.7896566e-01   9.2094586e-01
   3.9767509e-01   1.0125201e+00
   6.6869940e-01   8.5801144e-01
   1.0878155e+00   1.0871287e-04
   9.3593465e-01   5.5440856e-01
   5.6494296e-01   9.2961389e-01
