   7.1171312e-01   2.9951228e+00
   6.6536015e-01   3.3428326e+00
   1.6858278e-01   3.6628619e+00
   7.5597096e-01   2.6802570e+00
   9.4244771e-02   3.8326250e+00
   2.2082434e-01   3.5864982e+00
   1.6123676e-01   3.6777376e+00
   7.4664515e-01   2.7423515e+00
   6.4027477e-01   3.5173485e+00
   8.2141187e-01   2.3623556e+00
   6.4468600e-01   3.4879158e+00
   7.3729273e-01   2.8073857e+00
   2.4436756e-01   3.5739135e+00
   1.0937297e-01   3.7968158e+00
   7.9475599e-01   2.4624423e+00
   6.9482831e-01   3.1229099e+00
   7.0169306e-01   3.0708512e+00
   6.3428529e-02   3.9008723e+00
   1.8330886e-01   3.6356325e+00
   6.7684707e-01   3.2583104e+00
   8.5940089e-01   2.3070044e+00
   1.9814622e-01   3.6123646e+00
   1.3176036e-01   3.7435455e+00
   7.2146271e-01   2.9222877e+00
   7.0506776e-01   3.0452874e+00
   7.4975358e-01   2.7213233e+00
   6.9828123e-01   3.0967237e+00
   7.5908578e-01   2.6602193e+00
   8.6610590e-02   3.8502844e+00
   8.0184018e-01   2.4313820e+00
   4.7750397e-02   3.9314782e+00
   1.7593622e-01   3.6487985e+00
   7.9825982e-01   2.4466976e+00
   2.0563609e-01   3.6024421e+00
   6.7308383e-01   3.2862326e+00
   8.1317198e-01   2.3882922e+00
   1.4653173e-01   3.7095671e+00
   8.0550845e-01   2.4165228e+00
   7.2466429e-01   2.8986565e+00
   7.8793910e-01   2.4951404e+00
   2.1319045e-01   3.5937870e+00
   7.4353442e-01   2.7637013e+00
   7.3100932e-01   2.8523698e+00
   1.5388897e-01   3.6933366e+00
   1.2433366e-01   3.7610981e+00
   8.1720678e-01   2.3750073e+00
   6.5734411e-01   3.4003379e+00
   7.8460900e-01   2.5120673e+00
   5.5609911e-02   3.9165605e+00
   1.1687237e-01   3.7788909e+00
   7.1498941e-01   2.9705228e+00
   1.3915756e-01   3.7263358e+00
   7.2784580e-01   2.8753497e+00
   7.3415763e-01   2.8297142e+00
   6.5321520e-01   3.4293758e+00
   7.5286065e-01   2.7006289e+00
   2.2855407e-01   3.5806802e+00
   8.2582354e-01   2.3504206e+00
   7.8132189e-01   2.5293643e+00
   7.7166260e-01   2.5833923e+00
   8.3048981e-01   2.3393186e+00
   3.9904516e-04   3.9995995e+00
   7.9975472e-03   3.9914002e+00
   7.7485380e-01   2.5650332e+00
   7.1203059e-02   3.8845210e+00
   7.6849436e-01   2.6020923e+00
   7.1823868e-01   2.9462424e+00
   1.9070770e-01   3.6234591e+00
   8.0927958e-01   2.4021478e+00
   7.9131911e-01   2.4785932e+00
   6.8419634e-01   3.2032789e+00
   1.5990371e-02   3.9816089e+00
   8.3547882e-01   2.3292132e+00
   3.9853630e-02   3.9455264e+00
   2.3967236e-02   3.9706648e+00
   6.8054995e-01   3.2306561e+00
   2.3639565e-01   3.5764457e+00
   7.7807212e-01   2.5470210e+00
   6.9133191e-01   3.1494016e+00
   8.4088981e-01   2.3203520e+00
   8.4688370e-01   2.3131294e+00
   6.4899757e-01   3.4585794e+00
   1.0183116e-01   3.8147650e+00
   3.1924007e-02   3.9586151e+00
   7.4041765e-01   2.7853804e+00
   2.5141195e-01   3.5731943e+00
   6.3575604e-01   3.5468474e+00
   6.8778888e-01   3.1761941e+00
   8.5373978e-01   2.3082615e+00
   7.6534428e-01   2.6211338e+00
   6.6925628e-01   3.3144111e+00
   6.6139151e-01   3.3714775e+00
   7.8929644e-02   3.8676225e+00
   7.0840644e-01   3.0200472e+00
   7.6220909e-01   2.6405112e+00
   5.3220754e-02   3.9211895e+00
   1.3686568e-02   3.9845529e+00
   6.7659970e-01   3.2635788e+00
   7.0501279e-01   3.0457034e+00
   1.5175812e-01   3.6989086e+00
