   7.4334719e-01   6.5730867e-01   4.3820585e-01
   8.0168720e-01   7.0889612e-01   1.7722308e-01
   3.3788045e-01   3.8210736e-01   9.5732694e-01
   6.6774285e-01   7.5514716e-01   4.0064493e-01
   7.2315772e-01   7.2315772e-01   3.6156591e-01
   7.9349247e-01   7.0164990e-01   2.3388291e-01
   5.5809313e-01   5.5809313e-01   7.4411572e-01
   6.3490861e-01   7.1801507e-01   5.0792668e-01
   5.5344752e-01   6.2589113e-01   6.9180939e-01
   7.5514716e-01   6.6774285e-01   4.0064493e-01
   6.5730867e-01   7.4334719e-01   4.3820585e-01
   5.6855041e-01   6.4297091e-01   6.6331209e-01
   4.8955591e-01   4.3289239e-01   8.6578478e-01
   6.8211574e-01   6.8211574e-01   4.9606485e-01
   7.0164990e-01   7.9349247e-01   2.3388291e-01
   5.1654008e-01   4.5675328e-01   8.3738097e-01
   6.2589113e-01   5.5344752e-01   6.9180939e-01
   7.0664503e-01   6.2485459e-01   5.3558720e-01
   5.9582298e-01   5.2685961e-01   7.3760290e-01
   4.3289239e-01   4.8955591e-01   8.6578478e-01
   6.4788271e-01   5.7289370e-01   6.5474033e-01
   5.7615928e-01   6.5157575e-01   6.4817716e-01
   6.8661197e-01   6.2419508e-01   5.6177274e-01
   4.6454220e-01   4.1077389e-01   8.9000531e-01
   3.8210736e-01   3.3788045e-01   9.5732694e-01
   4.0655220e-01   4.5976791e-01   8.9441203e-01
   4.8238043e-01   5.4552169e-01   8.0396474e-01
   4.8210652e-01   4.8210652e-01   8.4367690e-01
   4.5675328e-01   5.1654008e-01   8.3738097e-01
   7.1801507e-01   6.3490861e-01   5.0792668e-01
   7.0889612e-01   8.0168720e-01   1.7722308e-01
   4.0032397e-01   3.5398858e-01   9.4396870e-01
   6.2419361e-01   6.8661331e-01   5.6177274e-01
   3.5398858e-01   4.0032397e-01   9.4396870e-01
   6.4350897e-01   7.2774118e-01   4.8263140e-01
   7.3458097e-01   6.7336605e-01   4.2850094e-01
   6.5444830e-01   5.7869935e-01   6.4299967e-01
   6.2485459e-01   7.0664503e-01   5.3558720e-01
   4.4141008e-01   3.9031919e-01   9.1074265e-01
   8.0769843e-01   7.1421158e-01   1.1903429e-01
   6.7579062e-01   7.6424835e-01   3.6861307e-01
   5.2685961e-01   5.9582298e-01   7.3760290e-01
   7.2774118e-01   6.4350897e-01   4.8263140e-01
   8.1260594e-01   7.1855108e-01   1.5396860e-04
   7.8171457e-01   6.9123522e-01   2.9624367e-01
   6.8211042e-01   7.7139537e-01   3.4105521e-01
   7.7139537e-01   6.8211042e-01   3.4105521e-01
   7.6424835e-01   6.7579062e-01   3.6861307e-01
   7.1421158e-01   8.0769843e-01   1.1903429e-01
   7.1855108e-01   8.1260594e-01   1.5396860e-04
   7.4948988e-01   7.4948988e-01   2.3059475e-01
   6.7745554e-01   5.9904363e-01   5.9903658e-01
   6.9123522e-01   7.8171457e-01   2.9624367e-01
   4.5274636e-01   4.0034335e-01   9.0077191e-01
   5.5766144e-01   4.9311506e-01   7.8898375e-01
   7.3722831e-01   7.9393775e-01   5.2928058e-02
   4.9311506e-01   5.5766144e-01   7.8898375e-01
   5.9904363e-01   6.7745554e-01   5.9903658e-01
   7.6702154e-01   7.6702154e-01   1.5340194e-04
   2.5844686e-01   2.2853300e-01   1.0284075e+00
   7.8549949e-01   6.9458206e-01   2.7783163e-01
   6.2627568e-01   6.2627568e-01   6.2626004e-01
   7.9393716e-01   7.3722894e-01   5.2928058e-02
   6.9458206e-01   7.8549949e-01   2.7783163e-01
   6.7336539e-01   7.3458158e-01   4.2850094e-01
   2.2859973e-01   2.5717428e-01   1.0287116e+00
   9.7831095e-02   8.9701009e-02   1.0765811e+00
   1.1916116e-01   1.0727640e-01   1.0728171e+00
   3.9031885e-01   4.4140970e-01   9.1074298e-01
   2.8692530e-01   2.5371520e-01   1.0148628e+00
   5.4552169e-01   4.8238043e-01   8.0396474e-01
   4.2004689e-01   3.7142867e-01   9.2857173e-01
   7.7108899e-02   7.1916684e-02   1.0795954e+00
   3.3523789e-01   2.9643587e-01   9.8812217e-01
   2.6833419e-01   3.0345784e-01   1.0062575e+00
   1.7532433e-01   1.9827343e-01   1.0519473e+00
   3.7142867e-01   4.2004689e-01   9.2857173e-01
   6.0905728e-01   5.3856210e-01   7.1808370e-01
   2.3487198e-01   2.0768678e-01   1.0384341e+00
   2.5371520e-01   2.8692530e-01   1.0148628e+00
   3.6526743e-01   3.2298965e-01   9.6896929e-01
   6.3611578e-01   5.6248873e-01   6.7498685e-01
   2.0768678e-01   2.3487198e-01   1.0384341e+00
   2.8458095e-01   3.2183122e-01   9.9603335e-01
   4.1646860e-02   4.7075007e-02   1.0829098e+00
   9.2638915e-05   1.0464184e-04   1.0847323e+00
   5.7643090e-01   5.0971206e-01   7.6456859e-01
   1.7130565e-01   1.5147792e-01   1.0603551e+00
   4.6934697e-01   5.3078222e-01   8.2135726e-01
   1.5147792e-01   1.7130565e-01   1.0603551e+00
   3.2183122e-01   2.8458095e-01   9.9603335e-01
   1.3323912e-01   1.5067947e-01   1.0659208e+00
   3.0345784e-01   2.6833419e-01   1.0062575e+00
   2.9643587e-01   3.3523789e-01   9.8812217e-01
   1.5067947e-01   1.3323912e-01   1.0659208e+00
   5.3078222e-01   4.6934697e-01   8.2135726e-01
   1.9827343e-01   1.7532433e-01   1.0519473e+00
   3.2298965e-01   3.6526743e-01   9.6896929e-01
   5.3856210e-01   6.0905728e-01   7.1808370e-01
   5.0971206e-01   5.7643090e-01   7.6456859e-01
