   3.3912539e-01   7.9134561e-01   5.0869058e-01
   9.3979353e-01   1.2812824e-04   3.4174274e-01
   5.6083509e-01   7.2893097e-01   3.9258585e-01
   9.2490077e-01   2.9208522e-01   2.4340252e-01
   7.5569114e-01   1.4168053e-04   6.5492815e-01
   9.8058167e-01   1.9611111e-01   1.1766589e-04
   4.4721206e-01   8.9442795e-01   1.3414523e-04
   4.5635457e-02   4.0571710e-01   9.1285872e-01
   3.8805757e-01   1.3157559e-04   9.2163513e-01
   1.2961508e-04   9.3834314e-01   3.4570528e-01
   1.3759642e-04   8.7157553e-01   4.9026124e-01
   2.4338590e-01   2.9207344e-01   9.2490887e-01
   7.3364618e-01   5.0786743e-01   4.5147974e-01
   9.2163608e-01   3.8805531e-01   1.3165743e-04
   1.4110410e-04   7.5257667e-01   6.5850462e-01
   7.3193283e-01   4.8786912e-02   6.7962796e-01
   7.0710622e-01   7.0710733e-01   1.4141164e-04
   3.0154000e-01   9.0452522e-01   3.0150913e-01
   1.3867383e-04   5.5470315e-01   8.3204832e-01
   1.9611755e-01   1.1756050e-04   9.8058039e-01
   5.3499126e-01   6.5388087e-01   5.3499922e-01
   8.6186479e-01   4.3005179e-01   2.6878346e-01
   3.2443876e-01   4.8666586e-01   8.1110778e-01
   6.5157382e-01   5.9233866e-01   4.7390555e-01
   1.3555073e-04   9.0373602e-01   4.2809017e-01
   4.5147027e-01   5.0788532e-01   7.3363962e-01
   7.3191874e-01   6.7964260e-01   4.8794482e-02
   1.3759169e-04   4.9026586e-01   8.7157293e-01
   4.9025154e-01   8.7158098e-01   1.3760342e-04
   3.4174990e-01   9.3979093e-01   1.2815247e-04
   3.1025457e-01   3.6196597e-01   8.7904649e-01
   8.1585710e-01   3.8078230e-01   4.3518047e-01
   7.2902045e-01   3.9246821e-01   5.6080111e-01
   3.8948709e-01   3.8948770e-01   8.3462515e-01
   1.4163477e-04   6.5493060e-01   7.5568901e-01
   1.1765626e-04   9.8057997e-01   1.9611962e-01
   3.7277073e-01   8.4975118e-01   3.7277998e-01
   9.1285662e-01   4.5641830e-02   4.0572110e-01
   6.5493227e-01   7.5568757e-01   1.4169008e-04
   5.9653464e-01   5.3689613e-01   5.9656431e-01
   1.4012385e-04   6.0744978e-01   7.9435807e-01
   9.8057997e-01   1.1758708e-04   1.9611962e-01
   9.5782787e-01   1.2491336e-04   2.8734257e-01
   6.5493060e-01   1.4165425e-04   7.5568901e-01
   5.0701973e-01   1.3827251e-04   8.6193444e-01
   1.2492791e-04   9.5782787e-01   2.8734257e-01
   9.3392262e-05   9.9428709e-05   9.9999999e-01
   7.9436208e-01   6.0744454e-01   1.4017959e-04
   4.6418844e-01   7.5435712e-01   4.6419224e-01
   4.7385495e-01   5.9237997e-01   6.5157307e-01
   7.5925569e-01   6.5079242e-01   1.4233949e-04
   9.9864445e-05   9.9999999e-01   9.9994652e-05
   8.7157553e-01   1.3759991e-04   4.9026124e-01
   8.6193425e-01   5.0702004e-01   1.3827818e-04
   7.0105076e-01   5.8420479e-01   4.0894082e-01
   9.5782627e-01   2.8734792e-01   1.2492354e-04
   1.2536778e-04   2.7472497e-01   9.6152284e-01
   1.9932401e-01   8.9518274e-01   3.9864495e-01
   7.9138290e-01   5.0865057e-01   3.3909836e-01
   7.0590140e-01   4.7057590e-01   5.2939733e-01
   9.9999999e-01   9.9954703e-05   9.9994652e-05
   5.5470315e-01   1.3861436e-04   8.3204832e-01
   6.0744978e-01   1.3995838e-04   7.9435807e-01
   1.1758110e-04   1.9611755e-01   9.8058039e-01
   4.0575985e-01   9.1284328e-01   4.5564119e-02
   8.7902716e-01   3.1027057e-01   3.6199920e-01
   5.0861443e-01   7.9141573e-01   3.3907597e-01
   4.1149924e-01   2.5718522e-01   8.7437071e-01
   5.7259903e-01   3.4355588e-01   7.4437874e-01
   2.8170540e-01   7.3246664e-01   6.1978600e-01
   1.4115192e-04   7.9999912e-01   6.0000115e-01
   8.9442984e-01   1.3406850e-04   4.4720827e-01
   6.9168187e-01   3.4582799e-01   6.3401829e-01
   1.9610313e-01   9.8058327e-01   1.1766589e-04
   6.7963609e-01   7.3192478e-01   4.8794483e-02
   4.0891301e-01   7.0099594e-01   5.8429003e-01
   6.0744971e-01   7.9435812e-01   1.4017958e-04
   5.5469411e-01   8.3205434e-01   1.3866699e-04
   4.4721522e-01   1.3410957e-04   8.9442637e-01
   5.4360471e-06   7.0710676e-01   7.0710680e-01
   6.7963582e-01   4.8776627e-02   7.3192622e-01
   5.2941176e-01   4.7058379e-01   7.0588532e-01
   6.3401680e-01   6.9168436e-01   3.4582575e-01
   7.9436211e-01   1.4012728e-04   6.0744449e-01
   7.9144239e-01   3.3905685e-01   5.0858568e-01
   3.4355576e-01   5.7259911e-01   7.4437873e-01
   3.9494555e-01   6.2080080e-01   6.7721812e-01
   1.3863062e-04   8.3205120e-01   5.5469882e-01
   4.5510926e-01   3.9821025e-01   7.9643214e-01
   2.8735141e-01   9.5782522e-01   1.2491498e-04
   4.8789687e-02   6.7963488e-01   7.3192622e-01
   6.4482800e-01   4.1033240e-01   6.4484430e-01
   8.9442720e-01   4.4721355e-01   1.3415185e-04
   8.3205070e-01   5.5469957e-01   1.3866874e-04
   1.3413831e-04   4.4721522e-01   8.9442637e-01
   8.3205120e-01   1.3800850e-04   5.5469882e-01
   5.1584215e-05   3.4174232e-01   9.3979369e-01
   2.8734776e-01   2.6427550e-05   9.5782632e-01
   7.0710676e-01   7.5990501e-05   7.0710680e-01
   3.4174233e-01   7.9137358e-06   9.3979369e-01
