   6.8419603e-01   3.2032812e+00
   6.6536019e-01   3.3428324e+00
   8.1317205e-01   2.3882920e+00
   1.5388871e-01   3.6933372e+00
   7.4975309e-01   2.7213266e+00
   7.7166281e-01   2.5833912e+00
   9.4244674e-02   3.8326253e+00
   2.4436738e-01   3.5739136e+00
   8.1720699e-01   2.3750067e+00
   7.0169310e-01   3.0708509e+00
   7.2784583e-01   2.8753495e+00
   7.2466429e-01   2.8986565e+00
   8.6609442e-02   3.8502870e+00
   4.7750715e-02   3.9314777e+00
   6.7308365e-01   3.2862340e+00
   3.9853662e-02   3.9455263e+00
   8.2141234e-01   2.3623543e+00
   7.7485384e-01   2.5650330e+00
   7.9974534e-03   3.9914003e+00
   7.4353449e-01   2.7637009e+00
   7.3100929e-01   2.8523700e+00
   3.9816939e-04   3.9996003e+00
   1.6858354e-01   3.6628604e+00
   7.5908577e-01   2.6602194e+00
   1.3176039e-01   3.7435454e+00
   1.9814650e-01   3.6123642e+00
   6.3575641e-01   3.5468450e+00
   7.9475618e-01   2.4624414e+00
   6.6925618e-01   3.3144119e+00
   7.1171289e-01   2.9951245e+00
   8.2582273e-01   2.3504226e+00
   6.9828120e-01   3.0967240e+00
   6.8054990e-01   3.2306565e+00
   7.6534398e-01   2.6211357e+00
   6.4468592e-01   3.4879163e+00
   5.5609970e-02   3.9165604e+00
   8.0183972e-01   2.4313839e+00
   8.5373961e-01   2.3082616e+00
   6.9133200e-01   3.1494009e+00
   3.1923497e-02   3.9586159e+00
   7.9825983e-01   2.4466975e+00
   2.5141208e-01   3.5731943e+00
   6.5321499e-01   3.4293773e+00
   7.5597067e-01   2.6802589e+00
   7.8132187e-01   2.5293644e+00
   2.2855384e-01   3.5806804e+00
   1.7593771e-01   3.6487958e+00
   8.3547853e-01   2.3292137e+00
   6.3428002e-02   3.9008734e+00
   6.4027461e-01   3.5173496e+00
   6.4899710e-01   3.4585827e+00
   7.1202771e-02   3.8845216e+00
   7.1498942e-01   2.9705228e+00
   8.0550820e-01   2.4165237e+00
   6.7684712e-01   3.2583100e+00
   8.0927977e-01   2.4021471e+00
   7.7807197e-01   2.5470218e+00
   1.9070746e-01   3.6234594e+00
   7.5286066e-01   2.7006289e+00
   1.8330913e-01   3.6356320e+00
   1.1687222e-01   3.7788913e+00
   2.2082458e-01   3.5864980e+00
   1.4653176e-01   3.7095670e+00
   6.6139094e-01   3.3714816e+00
   1.2433361e-01   3.7610982e+00
   1.6123679e-01   3.6777375e+00
   7.6849406e-01   2.6020941e+00
   7.8930238e-02   3.8676211e+00
   1.0183153e-01   3.8147642e+00
   2.3639597e-01   3.5764455e+00
   7.0506751e-01   3.0452893e+00
   6.9482859e-01   3.1229078e+00
   2.0563595e-01   3.6024422e+00
   8.4688323e-01   2.3131299e+00
   7.4664533e-01   2.7423502e+00
   8.3048982e-01   2.3393186e+00
   1.5989939e-02   3.9816095e+00
   1.0937286e-01   3.7968160e+00
   7.3729290e-01   2.8073845e+00
   7.8460919e-01   2.5120663e+00
   8.4089082e-01   2.3203505e+00
   7.4041761e-01   2.7853807e+00
   7.1823851e-01   2.9462437e+00
   6.8778903e-01   3.1761929e+00
   6.5734429e-01   3.4003365e+00
   2.1319048e-01   3.5937870e+00
   7.8793909e-01   2.4951404e+00
   7.3415764e-01   2.8297141e+00
   7.0840649e-01   3.0200469e+00
   7.2146271e-01   2.9222876e+00
   2.3967090e-02   3.9706650e+00
   8.5940059e-01   2.3070044e+00
   1.3915762e-01   3.7263356e+00
   7.9131927e-01   2.4785925e+00
   7.6220920e-01   2.6405105e+00
   1.9806796e-01   3.6124750e+00
   7.1360133e-01   2.9809321e+00
   9.5343754e-03   3.9896100e+00
   7.5929021e-01   2.6589174e+00
   1.6444542e-01   3.6711452e+00
