   3.8574258e-01   4.2642374e-01   9.0006523e-01
   4.0564423e-01   3.6694545e-01   9.1736348e-01
   3.3361031e-01   3.6879350e-01   9.4522351e-01
   6.8902476e-01   7.6169066e-01   2.9295763e-01
   7.6169066e-01   6.8902476e-01   2.9295763e-01
   3.2335004e-01   2.9250219e-01   9.7500727e-01
   6.7287234e-01   7.4383477e-01   3.6702126e-01
   7.0663589e-01   7.8115910e-01   1.7665826e-01
   7.0755829e-01   6.4005666e-01   4.8004239e-01
   7.8845634e-01   7.1323697e-01   1.0189003e-01
   6.6468205e-01   7.3478072e-01   3.9880700e-01
   6.1791553e-01   6.8308211e-01   5.4067661e-01
   5.9036279e-01   5.3404171e-01   7.1205561e-01
   7.3478072e-01   6.6468205e-01   3.9880700e-01
   5.3404171e-01   5.9036279e-01   7.1205561e-01
   7.3797144e-01   7.3797144e-01   2.2704247e-01
   5.9501752e-01   6.5776923e-01   5.9501744e-01
   3.6879350e-01   3.3361031e-01   9.4522351e-01
   6.2374427e-01   5.6423856e-01   6.5827798e-01
   6.7930905e-01   7.5095032e-01   3.3965393e-01
   6.5776923e-01   5.9501752e-01   5.9501744e-01
   2.9250219e-01   3.2335004e-01   9.7500727e-01
   7.1323697e-01   7.8845634e-01   1.0189003e-01
   7.1695311e-01   6.4855521e-01   4.5398936e-01
   5.1361279e-01   4.6461372e-01   8.1307316e-01
   7.5095032e-01   6.7930905e-01   3.3965393e-01
   6.8308211e-01   6.1791553e-01   5.4067661e-01
   7.4383477e-01   6.7287234e-01   3.6702126e-01
   7.8115910e-01   7.0663589e-01   1.7665826e-01
   7.2305178e-01   6.5407206e-01   4.3604797e-01
   4.8841444e-01   5.3992358e-01   7.8146390e-01
   6.1698907e-01   5.5812782e-01   6.6975353e-01
   6.3133147e-01   6.9791292e-01   5.0506445e-01
   6.5407206e-01   7.2305178e-01   4.3604797e-01
   6.4855521e-01   7.1695311e-01   4.5398936e-01
   3.6694545e-01   4.0564423e-01   9.1736348e-01
   6.4005666e-01   7.0755829e-01   4.8004239e-01
   4.5201797e-01   4.9968868e-01   8.2869955e-01
   6.9791292e-01   6.3133147e-01   5.0506445e-01
   4.6461372e-01   5.1361279e-01   8.1307316e-01
   4.0191190e-01   4.4429832e-01   8.8420461e-01
   7.1014162e-01   7.8503454e-01   1.4202683e-01
   7.7297864e-01   6.9923586e-01   2.3307768e-01
   4.4429832e-01   4.0191190e-01   8.8420461e-01
   4.2642374e-01   3.8574258e-01   9.0006523e-01
   6.9923586e-01   7.7297864e-01   2.3307768e-01
   5.3992358e-01   4.8841444e-01   7.8146390e-01
   6.3222522e-01   5.7191043e-01   6.4339855e-01
   6.9202309e-01   7.6500521e-01   2.7680866e-01
   5.7447323e-01   6.3505830e-01   6.3830513e-01
   2.4906799e-01   2.2530671e-01   1.0138807e+00
   4.9968868e-01   4.5201797e-01   8.2869955e-01
   6.2541144e-01   6.9136856e-01   5.2117368e-01
   7.6500521e-01   6.9202309e-01   2.7680866e-01
   7.8503454e-01   7.1014162e-01   1.4202683e-01
   5.6861842e-01   6.2858603e-01   6.4984972e-01
   5.4951251e-01   5.4951251e-01   7.3268272e-01
   6.7162649e-01   6.7162649e-01   4.8845439e-01
   7.1650475e-01   7.9206874e-01   1.4467296e-04
   7.1204561e-01   7.1204561e-01   3.5599727e-01
   5.2227709e-01   5.7735746e-01   7.3118874e-01
   5.2803420e-01   4.7765932e-01   7.9609888e-01
   1.4508964e-01   1.3124797e-01   1.0499881e+00
   7.5523240e-01   7.5523240e-01   1.4467296e-04
   3.1036440e-01   2.8075539e-01   9.8265066e-01
   2.2530671e-01   2.4906799e-01   1.0138807e+00
   4.7333951e-01   4.2818254e-01   8.5636522e-01
   2.8075611e-01   3.1036520e-01   9.8265020e-01
   6.0692152e-01   5.4902072e-01   6.8627580e-01
   5.5832390e-01   5.0505935e-01   7.5758922e-01
   5.7735746e-01   5.2227709e-01   7.3118874e-01
   7.0802850e-02   7.5908069e-02   1.0630037e+00
   5.4902072e-01   6.0692152e-01   6.8627580e-01
   2.5020555e-01   2.7659272e-01   1.0008225e+00
   1.6497131e-01   1.4923292e-01   1.0446368e+00
   3.8647749e-01   3.4960722e-01   9.3228853e-01
   2.9258467e-01   2.6467186e-01   9.9251951e-01
   6.9136848e-01   6.2541137e-01   5.2117387e-01
   2.2629625e-01   2.0470741e-01   1.0235413e+00
   1.7275722e-01   1.9097653e-01   1.0365495e+00
   4.7765932e-01   5.2803420e-01   7.9609888e-01
   7.9206874e-01   7.1650475e-01   1.5314067e-04
   1.3124797e-01   1.4508964e-01   1.0499881e+00
   8.8332894e-02   9.6353042e-02   1.0600308e+00
   5.5812782e-01   6.1698907e-01   6.6975353e-01
   1.0563439e-01   1.1677480e-01   1.0563887e+00
   1.8854149e-01   1.7281405e-01   1.0369857e+00
   3.1882867e-01   3.5245296e-01   9.5649211e-01
   3.4960723e-01   3.8647749e-01   9.3228853e-01
   1.4923292e-01   1.6497131e-01   1.0446368e+00
   4.2818254e-01   4.7333951e-01   8.5636522e-01
   6.1663980e-01   6.1663980e-01   6.1665443e-01
   4.7469265e-01   4.7469265e-01   8.3071399e-01
   2.7659272e-01   2.5020555e-01   1.0008225e+00
   2.0470741e-01   2.2629625e-01   1.0235413e+00
   5.0505935e-01   5.5832390e-01   7.5758922e-01
   2.6467186e-01   2.9258467e-01   9.9251951e-01
   3.5245288e-01   3.1882859e-01   9.5649216e-01
   4.6320065e-02   4.2630957e-02   1.0662031e+00
   9.9443743e-05   1.0347040e-04   1.0680599e+00
