   6.7684714e-01   3.2583099e+00
   6.3428046e-02   3.9008733e+00
   6.5734361e-01   3.4003414e+00
   7.0840623e-01   3.0200489e+00
   8.1720663e-01   2.3750078e+00
   1.9814591e-01   3.6123650e+00
   6.8419633e-01   3.2032789e+00
   2.5141346e-01   3.5731943e+00
   6.5321507e-01   3.4293768e+00
   2.2082465e-01   3.5864979e+00
   6.8054984e-01   3.2306569e+00
   1.9070813e-01   3.6234584e+00
   7.7807196e-01   2.5470219e+00
   2.2855368e-01   3.5806805e+00
   6.9133203e-01   3.1494006e+00
   7.6220954e-01   2.6405085e+00
   6.7308386e-01   3.2862324e+00
   1.5989732e-02   3.9816097e+00
   8.2582350e-01   2.3504207e+00
   3.1923342e-02   3.9586161e+00
   8.0550819e-01   2.4165238e+00
   1.6858317e-01   3.6628612e+00
   7.5908576e-01   2.6602194e+00
   5.5610307e-02   3.9165597e+00
   1.8330855e-01   3.6356330e+00
   6.9828122e-01   3.0967238e+00
   7.1202805e-02   3.8845215e+00
   1.2433377e-01   3.7610978e+00
   6.3575566e-01   3.5468498e+00
   1.1687102e-01   3.7788941e+00
   1.3175977e-01   3.7435468e+00
   1.6123669e-01   3.6777377e+00
   1.5388808e-01   3.6933385e+00
   7.2784572e-01   2.8753503e+00
   7.1171275e-01   2.9951255e+00
   7.5597071e-01   2.6802587e+00
   8.3048975e-01   2.3393187e+00
   6.4027418e-01   3.5173525e+00
   8.3547862e-01   2.3292135e+00
   1.4653082e-01   3.7095691e+00
   7.4664513e-01   2.7423516e+00
   7.6534408e-01   2.6211350e+00
   7.8460915e-01   2.5120665e+00
   8.2141206e-01   2.3623551e+00
   1.0937282e-01   3.7968161e+00
   6.8778892e-01   3.1761938e+00
   1.0183111e-01   3.8147651e+00
   7.8793903e-01   2.4951407e+00
   7.1498937e-01   2.9705231e+00
   7.9475616e-01   2.4624415e+00
   8.4688359e-01   2.3131295e+00
   7.8132195e-01   2.5293640e+00
   8.5374045e-01   2.3082612e+00
   7.7166255e-01   2.5833926e+00
   2.1318915e-01   3.5937884e+00
   6.4468592e-01   3.4879164e+00
   2.3639429e-01   3.5764463e+00
   7.8930437e-02   3.8676207e+00
   7.4353443e-01   2.7637012e+00
   7.2146285e-01   2.9222866e+00
   6.6536002e-01   3.3428335e+00
   8.5940159e-01   2.3070044e+00
   7.3100933e-01   2.8523697e+00
   9.4244765e-02   3.8326250e+00
   7.7485430e-01   2.5650303e+00
   7.4041782e-01   2.7853792e+00
   7.1823860e-01   2.9462430e+00
   8.1317192e-01   2.3882924e+00
   6.6139109e-01   3.3714805e+00
   1.7593739e-01   3.6487964e+00
   7.9825955e-01   2.4466988e+00
   8.0183965e-01   2.4313843e+00
   1.3915766e-01   3.7263356e+00
   2.3967779e-02   3.9706640e+00
   8.6610963e-02   3.8502835e+00
   7.6849424e-01   2.6020930e+00
   7.3415806e-01   2.8297111e+00
   7.9966857e-03   3.9914012e+00
   7.5286067e-01   2.7006288e+00
   6.6925619e-01   3.3144118e+00
   8.0927991e-01   2.4021466e+00
   3.9499111e-04   3.9996035e+00
   6.9482823e-01   3.1229105e+00
   7.0169321e-01   3.0708501e+00
   4.7750454e-02   3.9314781e+00
   7.3729311e-01   2.8073831e+00
   3.9853257e-02   3.9455270e+00
   8.4089018e-01   2.3203515e+00
   2.4436968e-01   3.5739131e+00
   7.9131892e-01   2.4785942e+00
   7.4975320e-01   2.7213258e+00
   6.4899769e-01   3.4585786e+00
   7.0506740e-01   3.0452901e+00
   2.0563566e-01   3.6024426e+00
   7.2466421e-01   2.8986571e+00
   7.7918925e-01   2.5408902e+00
   7.0176344e-01   3.0703177e+00
   8.3699634e-01   2.3265061e+00
   6.7050627e-01   3.3052351e+00
   6.7904544e-01   3.2419119e+00
