   7.0142739e-01   7.1274092e-01
   3.1319468e-01   9.4968894e-01
   2.9813228e-01   9.5452456e-01
   9.3675133e-01   3.4999565e-01
   2.3401180e-01   9.7223376e-01
   3.9391907e-01   9.1914513e-01
   3.4380298e-01   9.3904181e-01
   4.3220999e-01   9.0177299e-01
   1.3010639e-01   9.9150004e-01
   8.6974921e-01   4.9349399e-01
   9.8431301e-01   1.7643099e-01
   7.5865887e-01   6.5148808e-01
   5.1610925e-01   8.5652276e-01
   6.1160674e-01   7.9116192e-01
   4.5795730e-01   8.8897419e-01
   9.9083103e-01   1.3510691e-01
   9.1914517e-01   3.9391898e-01
   7.3480324e-01   6.7828032e-01
   6.4846651e-01   7.6124319e-01
   9.7357476e-01   2.2836853e-01
   3.2842412e-01   9.4453036e-01
   4.0662845e-01   9.1359362e-01
   9.6161718e-01   2.7439462e-01
   9.5262820e-01   3.0413733e-01
   4.8379731e-01   8.7518008e-01
   8.3205204e-01   5.5469757e-01
   9.4237595e-01   3.3455579e-01
   9.6942363e-01   2.4539322e-01
   9.8783701e-01   1.5549292e-01
   5.6747342e-01   8.2339171e-01
   2.1718112e-01   9.7613132e-01
   1.6851348e-01   9.8569935e-01
   5.2900703e-01   8.4861744e-01
   8.4660088e-01   5.3222830e-01
   5.8018233e-01   8.1448663e-01
   6.6646296e-01   7.4553814e-01
   2.5113196e-01   9.6795286e-01
   9.0780340e-01   4.1939598e-01
   9.6566325e-01   2.5979701e-01
   4.1939462e-01   9.0780403e-01
   9.7734782e-01   2.1163940e-01
   5.0642216e-01   8.6228568e-01
   8.8897404e-01   4.5795760e-01
   9.9624066e-01   8.6628845e-02
   6.8412887e-01   7.2936116e-01
   7.2661990e-01   6.8703968e-01
   9.8078877e-05   1.0000000e+00
   8.7518078e-01   4.8379603e-01
   2.8324291e-01   9.5904820e-01
   9.1359354e-01   4.0662864e-01
   8.5845860e-01   5.1288286e-01
   6.9282625e-01   7.2110456e-01
   8.9549589e-01   4.4506978e-01
   3.6870341e-01   9.2954709e-01
   3.8127670e-01   9.2446097e-01
   6.5750480e-01   7.5345036e-01
   2.0065375e-01   9.7966222e-01
   1.5034481e-01   9.8863362e-01
   9.2446155e-01   3.8127528e-01
   7.7395761e-01   6.3323741e-01
   1.0000000e+00   9.9998968e-05
   7.5082623e-01   6.6049979e-01
   9.8076113e-01   1.9521169e-01
   9.9837501e-01   5.6985437e-02
   3.5620892e-01   9.3440634e-01
   8.2339196e-01   5.6747307e-01
   9.5727556e-01   2.8917729e-01
   7.0993027e-01   7.0427197e-01
   9.4766488e-01   3.1926679e-01
   8.5260089e-01   5.2256265e-01
   2.6853263e-01   9.6327059e-01
   6.7533921e-01   7.3750725e-01
   7.8141760e-01   6.2400844e-01
   8.4292025e-02   9.9644109e-01
   7.1832794e-01   6.9570466e-01
   1.0801198e-01   9.9414959e-01
   4.4506764e-01   8.9549696e-01
   8.4045801e-01   5.4187667e-01
   5.6983474e-02   9.9837512e-01
   5.4187333e-01   8.4046017e-01
   9.9361098e-01   1.1285933e-01
   4.9672738e-01   8.6790662e-01
   1.8442888e-01   9.8284586e-01
   8.1448764e-01   5.8018090e-01
   7.6637101e-01   6.4239823e-01
   9.3078182e-01   3.6557518e-01
   7.8874786e-01   6.1471686e-01
   6.3016774e-01   7.7645903e-01
   7.4287241e-01   6.6943303e-01
   4.7086902e-01   8.8220313e-01
   6.2091868e-01   7.8387499e-01
   5.5469973e-01   8.3205061e-01
   8.0533672e-01   5.9281766e-01
   6.3935225e-01   7.6891398e-01
   8.8220266e-01   4.7086991e-01
   6.0223751e-01   7.9831697e-01
   7.9594701e-01   6.0536630e-01
   9.0177226e-01   4.3221152e-01
   8.6417482e-01   5.0319169e-01
   5.9281623e-01   8.0533777e-01
