   4.0291038e-01   1.0258497e+00
   2.2718306e-01   1.0784676e+00
   9.5858217e-01   5.4389764e-01
   9.9387604e-01   4.7635580e-01
   9.7039898e-01   5.2252295e-01
   5.1540165e-01   9.7419996e-01
   1.0005240e+00   4.6222945e-01
   1.0410021e+00   3.6196568e-01
   1.0771708e+00   2.3325392e-01
   4.3066195e-01   1.0145121e+00
   2.8633111e-01   1.0642927e+00
   1.1003451e+00   6.2810043e-02
   7.2465991e-01   8.3040498e-01
   8.0083642e-01   7.5720898e-01
   5.5814714e-01   9.5035583e-01
   8.9517942e-01   6.4292941e-01
   6.7407404e-01   8.7196824e-01
   9.5243890e-01   5.5458503e-01
   5.6882325e-01   9.4400452e-01
   1.0570020e+00   3.1217190e-01
   2.4859704e-01   1.0737336e+00
   1.0924032e+00   1.4614918e-01
   8.1874683e-01   7.3780624e-01
   3.5859631e-01   1.0421675e+00
   1.0188826e+00   4.2021735e-01
   6.0429421e-01   9.2170111e-01
   1.0979931e+00   9.5475887e-02
   5.4746046e-01   9.5655186e-01
   3.8916359e-01   1.0311431e+00
   1.0520162e+00   3.2858224e-01
   9.8159379e-01   5.0117667e-01
   1.0891746e+00   1.6853249e-01
   7.7306870e-01   7.8553752e-01
   1.1021363e+00   1.0547175e-04
   1.6287763e-01   1.0900345e+00
   7.9169606e-01   7.6676057e-01
   7.3453503e-01   8.2168285e-01
   6.3244487e-01   9.0261726e-01
   9.4613932e-01   5.6526525e-01
   1.0069046e+00   4.4816027e-01
   1.4064750e-01   1.0931252e+00
   7.5400299e-01   8.0385565e-01
   9.7607354e-01   5.1184457e-01
   1.0722789e+00   2.5479878e-01
   7.4431739e-01   8.1283211e-01
   1.0625469e+00   2.9274291e-01
   1.0894115e-04   1.1021363e+00
   1.0676326e+00   2.7361479e-01
   5.3677274e-01   9.6258997e-01
   1.8572732e-01   1.0863746e+00
   1.0815223e+00   2.1216477e-01
   3.2528409e-01   1.0530407e+00
   8.5300634e-01   6.9791447e-01
   6.1840208e-01   9.1229562e-01
   4.5870722e-01   1.0021438e+00
   8.4464507e-01   7.0801068e-01
   4.4465193e-01   1.0084588e+00
   8.0985377e-01   7.4755688e-01
   7.0465236e-01   8.4744880e-01
   9.6456869e-01   5.3320884e-01
   9.2400939e-01   6.0075875e-01
   8.7461239e-01   6.7063968e-01
   3.7551279e-01   1.0361923e+00
   5.9013474e-01   9.3083050e-01
   1.0953959e+00   1.2170536e-01
   7.1469868e-01   8.3899358e-01
   6.9453166e-01   8.5576293e-01
   1.0466865e+00   3.4518360e-01
   8.8502852e-01   6.5683251e-01
   5.2608340e-01   9.6847337e-01
   1.1638599e-01   1.0959739e+00
   5.7948793e-01   9.3749569e-01
   2.6730717e-01   1.0692293e+00
   6.8433604e-01   8.6393785e-01
   6.6029376e-01   8.8244919e-01
   1.0130223e+00   4.3415453e-01
   6.4641356e-01   8.9266675e-01
   1.0244874e+00   4.0636193e-01
   2.0622218e-01   1.0826712e+00
   9.0506213e-01   6.2894115e-01
   8.3614550e-01   7.1802864e-01
   1.0298427e+00   3.9259204e-01
   4.7281875e-01   9.9556358e-01
   9.3968256e-01   5.7593499e-01
   3.4184869e-01   1.0477805e+00
   6.0362617e-02   1.1004821e+00
   5.0117641e-01   9.8159392e-01
   9.0345360e-02   1.0984271e+00
   4.8697956e-01   9.8871398e-01
   9.3306937e-01   5.8658842e-01
   8.2751173e-01   7.2796206e-01
   3.0566295e-01   1.0589025e+00
   7.8243908e-01   7.7620455e-01
   1.0349525e+00   3.7891646e-01
   9.1467295e-01   6.1488032e-01
   8.6393705e-01   6.8433705e-01
   9.8696010e-01   4.9052440e-01
   4.1674545e-01   1.0203076e+00
   7.6358944e-01   7.9475505e-01
   1.0853657e+00   1.9153537e-01
