   5.5359258e-04   7.3835563e-01   4.7993154e+00
   5.1677595e-04   8.5940085e-01   4.3064851e+00
   8.5940085e-01   6.4501466e-03   4.3001623e+00
   2.1652355e-01   8.5940085e-01   3.8974245e+00
   8.5940085e-01   8.2137330e-01   2.6694704e+00
   1.9372636e-01   5.8117748e-04   5.6182289e+00
   8.5940085e-01   2.5816652e-03   4.3043599e+00
   1.8741456e-01   8.5940085e-01   3.9357470e+00
   7.7686572e-01   7.7686026e-01   3.1074557e+00
   1.2877411e-02   8.5940085e-01   4.2925679e+00
   2.5141183e-01   8.5940085e-01   3.8801987e+00
   8.2843928e-01   8.5940085e-01   2.6510069e+00
   8.5940085e-01   8.1093721e-01   2.7031283e+00
   8.5940085e-01   2.2867990e-01   3.8876032e+00
   1.1738903e-03   8.5940085e-01   4.3058175e+00
   8.3332228e-01   1.6666763e-01   4.0000202e+00
   1.9937694e-01   2.5141183e-01   5.1838401e+00
   8.5940085e-01   7.0532903e-01   3.3503144e+00
   8.5940085e-01   1.8741526e-01   3.9357458e+00
   7.4841978e-01   2.5141183e-01   4.3035019e+00
   7.5250153e-01   8.5940085e-01   3.0100080e+00
   1.6666867e-01   8.3332068e-01   4.0000213e+00
   5.9706185e-04   2.5141183e-01   5.5725939e+00
   4.3025259e-03   8.5940085e-01   4.3025274e+00
   8.5940085e-01   2.4258187e-01   3.8813276e+00
   1.8131875e-01   7.2529496e-01   4.5331104e+00
   7.1013880e-01   8.5940085e-01   3.3139831e+00
   8.5940085e-01   2.1652298e-01   3.8974251e+00
   1.9237245e-01   2.5141183e-01   5.1940676e+00
   8.5940085e-01   1.9611373e-01   3.9222813e+00
   1.7228953e-01   8.5940085e-01   3.9626672e+00
   8.5940085e-01   2.5141183e-01   3.8801987e+00
   2.4258198e-01   8.5940085e-01   3.8813275e+00
   1.7951310e-01   8.5940085e-01   3.9492923e+00
   8.5940085e-01   1.4349223e-03   4.3055500e+00
   2.2868235e-01   8.5940085e-01   3.8876016e+00
   8.5940085e-01   7.2001131e-01   3.2400577e+00
   2.0575193e-01   8.5940085e-01   3.9093033e+00
   3.2277512e-03   8.5940085e-01   4.3036784e+00
   6.5596097e-01   8.5940085e-01   3.7171168e+00
   8.5940085e-01   5.1667990e-04   4.3064852e+00
   8.5940085e-01   8.5940085e-01   2.6140087e+00
   8.5940085e-01   6.6460352e-01   3.6553231e+00
   6.3613869e-01   6.3613584e-01   5.0887703e+00
   6.9131130e-01   8.5940085e-01   3.4565619e+00
   8.5940085e-01   1.7228786e-01   3.9626704e+00
   7.7819074e-01   8.5940085e-01   2.8533714e+00
   8.5940085e-01   1.2877685e-02   4.2925676e+00
   6.4497934e-03   8.5940085e-01   4.3001627e+00
   8.5940085e-01   6.7335607e-01   3.5912239e+00
   2.5141183e-01   7.3400145e-01   4.4040271e+00
   8.5940085e-01   1.7951185e-01   3.9492945e+00
   2.5141183e-01   5.9699398e-04   5.5725940e+00
   2.5141183e-01   2.5141183e-01   5.1463887e+00
   5.8110625e-04   1.9373060e-01   5.6182226e+00
   8.4522613e-01   2.5141183e-01   3.8880460e+00
   2.5141183e-01   1.9236706e-01   5.1940758e+00
   6.7820639e-01   8.4765510e-01   3.5605776e+00
   7.2001185e-01   8.5940085e-01   3.2400537e+00
   8.5940085e-01   7.7131388e-01   2.8924322e+00
   2.1511139e-03   8.5940085e-01   4.3048096e+00
   8.5940085e-01   2.0574964e-01   3.9093061e+00
   5.9987579e-04   5.9983992e-04   5.9987935e+00
   2.5141183e-01   1.9937621e-01   5.1838411e+00
   8.5940085e-01   4.3005821e-03   4.3025295e+00
   8.2137321e-01   8.5940085e-01   2.6694707e+00
   7.3836174e-01   4.8348621e-04   4.7993430e+00
   8.5940085e-01   7.1013922e-01   3.3139799e+00
   7.1541522e-01   7.1541019e-01   3.9347053e+00
   8.5940085e-01   7.3561104e-01   3.1263372e+00
   8.5940085e-01   8.0345409e-01   2.7317438e+00
   2.5141117e-01   8.4522720e-01   3.8880448e+00
   8.5940085e-01   6.5596177e-01   3.7171112e+00
   2.5141183e-01   7.4842727e-01   4.3034513e+00
   8.5940085e-01   7.7819156e-01   2.8533669e+00
   1.8772994e-01   1.8772672e-01   5.2564594e+00
   6.7335754e-01   8.5940077e-01   3.5912130e+00
   7.9325861e-01   8.5940085e-01   2.7763984e+00
   8.5926974e-01   7.5250273e-01   3.0100007e+00
   8.5940085e-01   8.2843953e-01   2.6510063e+00
   7.3400023e-01   2.5141183e-01   4.4040358e+00
   8.0345383e-01   8.5940085e-01   2.7317448e+00
   8.5940085e-01   6.3889915e-01   3.8334048e+00
   7.3561067e-01   8.5940085e-01   3.1263399e+00
   7.6735341e-01   8.5940085e-01   2.9159427e+00
   7.2529810e-01   1.8127285e-01   4.5331679e+00
   8.5940085e-01   7.3029011e-01   3.1645803e+00
   8.4769746e-01   6.7820944e-01   3.5605161e+00
   7.0532946e-01   8.5940085e-01   3.3503111e+00
   8.5940085e-01   6.9131214e-01   3.4565556e+00
   7.8398098e-01   8.5940085e-01   2.8223317e+00
   8.1093896e-01   8.5940085e-01   2.7031220e+00
   6.3890072e-01   8.5940085e-01   3.8333945e+00
   8.5940085e-01   7.8398103e-01   2.8223315e+00
   8.5940085e-01   7.9325786e-01   2.7764019e+00
   7.3028942e-01   8.5940085e-01   3.1645854e+00
   8.5940085e-01   7.6735405e-01   2.9159389e+00
   6.6460686e-01   8.5940085e-01   3.6552989e+00
   1.9611401e-01   8.5940085e-01   3.9222809e+00
   7.7131569e-01   8.5940085e-01   2.8924216e+00
