   5.7735024e-01   5.7735024e-01   5.7735033e-01
   6.5160397e-01   5.9233632e-01   4.7386701e-01
   4.0894886e-01   5.8420455e-01   7.0104627e-01
   3.3913058e-01   5.0870425e-01   7.9133459e-01
   1.3761158e-04   4.9026163e-01   8.7157530e-01
   4.6341060e-01   7.5531569e-01   4.6341000e-01
   1.2493173e-04   2.8734842e-01   9.5782612e-01
   5.0701986e-01   1.3816412e-04   8.6193436e-01
   2.7036851e-01   5.9481145e-01   7.5703383e-01
   4.6420277e-01   4.6420277e-01   7.5434182e-01
   3.0151049e-01   3.0151049e-01   9.0453461e-01
   3.8805840e-01   9.2163478e-01   1.3166061e-04
   3.8805830e-01   1.3165608e-04   9.2163482e-01
   8.4090710e-01   2.6281739e-01   4.7307744e-01
   3.3228603e-01   7.2001559e-01   6.0923192e-01
   4.8789381e-02   7.3192103e-01   6.7964049e-01
   7.0919945e-01   6.5011826e-01   2.7273135e-01
   1.1401825e-04   9.8837086e-01   1.5206259e-01
   4.1246661e-01   8.7373569e-01   2.5779302e-01
   5.3499594e-01   5.3499594e-01   6.5387971e-01
   6.5493057e-01   1.4166217e-04   7.5568904e-01
   7.7535341e-01   4.9849867e-01   3.8771919e-01
   1.3165472e-04   9.2163514e-01   3.8805755e-01
   9.6152340e-01   1.2535874e-04   2.7472301e-01
   3.7206877e-01   3.7206877e-01   8.5037031e-01
   1.3866743e-04   8.3205028e-01   5.5470019e-01
   4.5386641e-02   4.0571895e-01   9.1287030e-01
   5.5470000e-01   1.3862008e-04   8.3205041e-01
   7.5257635e-01   1.4110747e-04   6.5850498e-01
   5.0865469e-01   7.9137822e-01   3.3910312e-01
   7.0918415e-01   2.7275407e-01   6.5012542e-01
   1.4165607e-04   7.5568738e-01   6.5493249e-01
   6.7963779e-01   7.3192513e-01   4.8765510e-02
   7.9435899e-01   1.4009825e-04   6.0744858e-01
   8.7157711e-01   4.9025842e-01   1.3761586e-04
   5.6077779e-01   3.9253611e-01   7.2900184e-01
   6.0745266e-01   1.4004877e-04   7.9435587e-01
   1.3867329e-04   5.5470000e-01   8.3205041e-01
   1.4166969e-04   6.5493057e-01   7.5568904e-01
   9.8058037e-01   1.9611765e-01   1.1766478e-04
   7.9435966e-01   6.0744770e-01   1.4018084e-04
   9.0223877e-01   3.5091647e-01   2.5064484e-01
   8.3205031e-01   5.5470015e-01   1.3867273e-04
   5.3499965e-01   6.5387823e-01   5.3499405e-01
   8.6542637e-01   1.3662111e-04   5.0103611e-01
   6.3401743e-01   3.4583603e-01   6.9167864e-01
   4.4721205e-01   8.9442796e-01   1.3416300e-04
   7.0710677e-01   7.0710677e-01   1.4141749e-04
   6.5158257e-01   4.7386630e-01   5.9236044e-01
   8.4800365e-01   4.2400181e-01   3.1798157e-01
   8.7902823e-01   3.1027741e-01   3.6199074e-01
   9.2491969e-01   2.4335952e-01   2.9206116e-01
   1.9609684e-01   9.8058453e-01   1.1766478e-04
   4.0895448e-01   7.0101789e-01   5.8423467e-01
   3.8948602e-01   8.3462692e-01   3.8948498e-01
   1.4112590e-04   6.0000032e-01   7.9999975e-01
   9.0374467e-01   1.3552901e-04   4.2807190e-01
   7.4475608e-01   3.4333245e-01   5.7224226e-01
   4.4721387e-01   1.3415417e-04   8.9442704e-01
   1.2805305e-04   3.4174398e-01   9.3979308e-01
   6.5079038e-01   7.5925744e-01   1.4235953e-04
   2.8734842e-01   1.2489417e-04   9.5782612e-01
   2.4339505e-01   9.2491034e-01   2.9206116e-01
   3.4174398e-01   1.2807914e-04   9.3979308e-01
   7.4438423e-01   5.7259354e-01   3.4355315e-01
   5.0700522e-01   8.6194298e-01   1.3827321e-04
   7.0590613e-01   4.7057276e-01   5.2939382e-01
   1.2123981e-04   9.7014342e-01   2.4253192e-01
   5.0870168e-01   3.3913442e-01   7.9133459e-01
   3.1026789e-01   8.7903648e-01   3.6197886e-01
   8.3205028e-01   1.3865973e-04   5.5470019e-01
   4.1147696e-01   2.5714938e-01   8.7439174e-01
   1.2868543e-04   9.4385710e-01   3.3035399e-01
   1.3760377e-04   8.7158086e-01   4.9025176e-01
   1.3416106e-04   4.4721387e-01   8.9442704e-01
   1.4016060e-04   7.9435899e-01   6.0744858e-01
   8.9442719e-01   4.4721358e-01   1.3416143e-04
   7.5257683e-01   6.5850444e-01   1.4110512e-04
   9.8058059e-01   1.1765106e-04   1.9611651e-01
   6.0743236e-01   7.9437139e-01   1.4018267e-04
   5.8421735e-01   7.0105828e-01   4.0890998e-01
   5.5469387e-01   8.3205450e-01   1.3867572e-04
   9.9999999e-01   9.9983728e-05   9.9963934e-05
   9.3835188e-01   1.2961166e-04   3.4568156e-01
   9.2163032e-01   3.8806899e-01   1.3166061e-04
   3.3721400e-01   7.9399594e-01   5.0582325e-01
   4.8794321e-02   6.7964166e-01   7.3191962e-01
   7.9645628e-01   3.9822055e-01   4.5505801e-01
   2.8734870e-01   9.5782603e-01   1.2493368e-04
   3.4172839e-01   9.3979875e-01   1.2808573e-04
   3.3333242e-01   6.6666771e-01   6.6666608e-01
   9.9921169e-05   9.9999999e-01   9.9963934e-05
   9.5782043e-01   2.8736737e-01   1.2493309e-04
   1.3295382e-04   8.9443257e-01   4.4720281e-01
   2.0764481e-05   1.9611450e-01   9.8058100e-01
   6.7964206e-01   4.8788664e-02   7.3191962e-01
   9.8087684e-05   9.8167345e-05   9.9999999e-01
   7.0710624e-01   1.0834245e-05   7.0710732e-01
   5.3946722e-06   7.0710624e-01   7.0710732e-01
   1.9611450e-01   2.1114427e-05   9.8058100e-01
