   2.2393869e-05   8.3334182e-01   1.6667138e-01
   2.1654745e-05   2.6051208e-01   7.3950664e-01
   2.1764529e-05   7.1427901e-01   2.8572157e-01
   2.1752519e-05   5.1992133e-01   4.8008585e-01
   6.8282272e-01   2.2067380e-01   1.0263415e-01
   2.2373741e-05   8.8903346e-01   1.1101312e-01
   2.1793658e-05   8.6365971e-01   1.3634211e-01
   2.2771171e-05   4.8017325e-01   5.1991323e-01
   2.1909968e-05   8.0007685e-01   1.9992684e-01
   7.9954349e-06   3.3190541e-02   9.6732818e-01
   2.2729928e-05   3.7503385e-01   6.2497543e-01
   2.0910479e-05   5.6607924e-01   4.3405958e-01
   2.1927435e-05   1.3044595e-01   8.6958468e-01
   2.5384109e-05   8.0973530e-01   1.9048985e-01
   4.9028699e-06   2.0002811e-01   8.0006879e-01
   4.9171042e-06   8.6850447e-02   9.1327911e-01
   2.1444973e-05   7.7274501e-01   2.2730373e-01
   2.2133023e-05   6.9566471e-01   3.0433552e-01
   2.2130811e-05   8.2139293e-01   1.7862545e-01
   2.2762701e-05   3.9994236e-01   6.0009809e-01
   6.8128567e-01   3.9932357e-02   2.8272421e-01
   2.4577596e-05   9.2324598e-01   7.6852246e-02
   2.1827478e-05   6.5390108e-01   3.4609947e-01
   3.9003142e-01   3.1995725e-01   3.9852273e-01
   5.2369633e-06   1.6659127e-01   8.3374682e-01
   6.8507321e-01   1.4531484e-01   1.8028655e-01
   2.3131942e-05   8.7509841e-01   1.2497720e-01
   2.2193731e-05   7.2717987e-01   2.7284083e-01
   2.2477085e-05   3.6000927e-01   6.4002211e-01
   9.4081877e-01   1.2035792e-01   1.7925955e-02
   2.2140546e-05   3.0438882e-01   6.9561902e-01
   4.6327755e-06   1.7872491e-01   8.2158343e-01
   6.8102829e-01   2.9436250e-01   2.8125364e-02
   6.7031827e-01   9.6254708e-02   2.9860534e-01
   2.1645737e-05   1.0000021e+00   1.8472043e-05
   2.4477116e-05   9.1318530e-01   8.6871562e-02
   2.2957295e-05   7.3975647e-02   9.2606745e-01
   2.0885781e-05   8.5193282e-01   1.4816181e-01
   5.6032386e-01   4.6013477e-01   2.9731083e-02
   2.1795611e-05   4.1653974e-01   5.8346413e-01
   6.8678308e-01   2.5985127e-01   6.5488393e-02
   2.2093782e-05   4.1550613e-02   9.5844584e-01
   6.1529585e-01   4.6710399e-02   3.7127231e-01
   2.2425111e-05   3.4621634e-01   6.5382421e-01
   2.1487890e-05   9.9894471e-02   9.0019616e-01
   2.2120873e-05   6.8170740e-01   3.1832137e-01
   2.1797513e-05   7.6200011e-01   2.3799420e-01
   4.6590105e-01   2.0476913e-01   3.4156476e-01
   2.2087061e-05   7.5001472e-01   2.5001174e-01
   2.2237699e-05   5.0006190e-01   4.9998931e-01
   2.1678236e-05   5.3834108e-01   4.6168412e-01
   2.2068527e-05   2.7273335e-01   7.2728663e-01
   4.6404978e-01   2.7512675e-01   2.7407301e-01
   6.2185022e-01   3.6036431e-01   1.0182933e-01
   2.1613681e-05   5.5185474e-01   4.4818619e-01
   6.1646694e-01   3.0835583e-02   3.8805840e-01
   2.1754303e-05   3.1835774e-01   6.8165366e-01
   2.2375771e-05   4.0824659e-01   5.9236485e-01
   4.5712697e-01   1.4150981e-01   4.0982058e-01
   4.6241176e-01   2.5170861e-01   2.9204268e-01
   1.9063540e-05   2.2763902e-01   7.7258270e-01
   2.4575566e-05   9.6687164e-01   3.3218807e-02
   2.1893710e-05   6.6669350e-01   3.3333145e-01
   4.6356074e-01   1.7031289e-01   3.7890903e-01
   2.2472545e-05   9.0005148e-01   9.9980753e-02
   2.1764239e-05   7.3912505e-01   2.6087300e-01
   6.0156599e-01   2.6716362e-01   1.4098086e-01
   2.2199920e-05   6.2070892e-01   3.7933045e-01
   2.1964449e-05   9.5846670e-01   4.1626580e-02
   2.1798105e-05   7.8574079e-01   2.1426192e-01
   1.0064492e+00   2.0719163e-05   1.8206249e-06
   6.8633971e-01   1.6534067e-01   1.6086107e-01
   2.1541341e-05   1.1514038e-01   8.8489724e-01
   3.7090734e-01   2.7318606e-01   4.0224254e-01
   2.2124131e-05   5.9088761e-01   4.0910933e-01
   6.0532218e-01   2.3939273e-01   1.7133240e-01
   2.2718475e-05   2.5000346e-01   7.5001158e-01
   2.1869770e-05   4.3361892e-01   5.6669132e-01
   2.2351532e-05   1.4285541e-01   8.5719846e-01
   2.1398822e-05   4.6315020e-01   5.3709688e-01
   2.4785928e-05   9.3345674e-01   6.6660910e-02
   2.1745341e-05   4.4815642e-01   5.5197764e-01
   6.8555268e-01   3.2477428e-01   2.2423386e-08
   6.9575025e-01   1.8646662e-01   1.4409794e-01
   2.2748678e-05   3.9126472e-01   6.0874528e-01
   2.2088564e-05   2.3997004e-01   7.6057319e-01
   2.2730228e-05   6.6523036e-02   9.3348407e-01
   2.1799486e-05   3.3328291e-01   6.6672869e-01
   8.4790459e-01   2.4187719e-01   2.5139886e-07
   6.8244158e-01   1.3238942e-01   1.9081922e-01
   6.8501302e-01   1.9680038e-01   1.2879768e-01
   2.1825812e-05   2.9174706e-01   7.0838099e-01
   2.1795147e-05   5.8257238e-01   4.1754055e-01
   2.2121120e-05   6.0747361e-01   3.9257888e-01
   9.9968310e-11   2.7708675e-08   1.0000036e+00
   7.0109759e-01   3.1206054e-02   3.0088241e-01
   5.5278574e-01   4.2583917e-01   5.7520465e-02
   3.9335650e-01   1.7469496e-01   5.6842410e-01
   4.8824798e-06   2.1430292e-01   7.8575582e-01
   2.2407686e-05   6.3997304e-01   3.6006522e-01
