   1.4314691e-02   8.8035598e-01
   1.3653129e-01   6.3049859e-01
   2.9183884e-02   8.2916709e-01
   1.2604645e-02   8.8772959e-01
   1.3075588e-01   6.3839817e-01
   8.7115927e-02   7.0484593e-01
   6.1803247e-02   7.5139741e-01
   6.9318852e-02   7.3671526e-01
   1.3941749e-01   6.2661349e-01
   7.3796965e-02   7.2834403e-01
   1.7697238e-01   5.7931915e-01
   1.8567465e-01   5.6910019e-01
   1.3364431e-01   6.3442605e-01
   1.4518892e-01   6.1896336e-01
   2.7568928e-02   8.3396106e-01
   5.1149188e-02   7.7383814e-01
   9.5917769e-02   6.9029406e-01
   1.1339164e-01   6.6326324e-01
   1.9364524e-02   8.6084353e-01
   1.7118158e-01   5.8625905e-01
   7.5284922e-02   7.2561902e-01
   9.0055724e-02   6.9990714e-01
   4.9612431e-02   7.7726152e-01
   7.2306667e-02   7.3110101e-01
   6.6320930e-02   7.4247150e-01
   7.3720580e-03   9.1413931e-01
   1.1629141e-01   6.5898473e-01
   2.4314698e-02   8.4406829e-01
   9.8928304e-05   9.9005373e-01
   8.2693355e-02   7.1243548e-01
   7.6770724e-02   7.2292470e-01
   3.5572558e-02   8.1139311e-01
   1.2786683e-01   6.4241528e-01
   2.5946025e-02   8.3892230e-01
   1.0467291e-01   6.7646808e-01
   5.5736016e-02   7.6391523e-01
   1.9148915e-01   5.6240527e-01
   4.3422179e-02   7.9162011e-01
   4.4976472e-02   7.8792343e-01
   1.6250847e-01   5.9687660e-01
   5.2681969e-02   7.7047447e-01
   1.5096000e-01   6.1146429e-01
   4.8071498e-02   7.8074787e-01
   5.5850258e-03   9.2526697e-01
   9.1353119e-03   9.0442117e-01
   1.9731568e-01   5.5579771e-01
   1.8858048e-01   5.6574146e-01
   6.4817853e-02   7.4540649e-01
   1.1918853e-01   6.5476308e-01
   2.1024597e-02   8.5500139e-01
   1.7407589e-01   5.8277597e-01
   1.4807431e-01   6.1519575e-01
   1.7987064e-01   5.7588841e-01
   1.4230338e-01   6.2276880e-01
   6.3311909e-02   7.4838142e-01
   1.6010446e-02   8.7346761e-01
   4.1862867e-02   7.9539583e-01
   8.4169284e-02   7.0988057e-01
   5.7257928e-02   7.6071371e-01
   1.5962001e-01   6.0047527e-01
   5.8776337e-02   7.5756168e-01
   3.3985319e-02   8.1564892e-01
   7.8254327e-02   7.2026025e-01
   6.0291343e-02   7.5445704e-01
   1.0758267e-01   6.7200203e-01
   1.9440096e-01   5.5909076e-01
   1.9999980e-01   5.5278663e-01
   1.6828906e-01   5.8976951e-01
   1.2497589e-01   6.4648071e-01
   3.7153632e-02   8.0724723e-01
   1.5384603e-01   6.0776788e-01
   3.0791363e-02   8.2452532e-01
   9.8840808e-02   6.8561042e-01
   7.0814027e-02   7.3389095e-01
   1.0175886e-01   6.8100336e-01
   1.2208338e-01   6.5059567e-01
   1.1048881e-01   6.6760143e-01
   3.7694008e-03   9.3860455e-01
   1.7693471e-02   8.6698319e-01
   4.6526274e-02   7.8430050e-01
   5.4210953e-02   7.6716754e-01
   2.2674404e-02   8.4941978e-01
   1.0878900e-02   8.9569803e-01
   6.3151394e-01   2.2288966e-01
   7.9735982e-02   7.1762440e-01
   1.8277136e-01   5.7248233e-01
   4.0298375e-02   7.9925545e-01
   1.5673276e-01   6.0410511e-01
   3.8728869e-02   8.0320348e-01
   1.6539789e-01   5.9330860e-01
   1.9161854e-03   9.5622574e-01
   8.1215675e-02   7.1501636e-01
   9.2989591e-02   6.9505805e-01
   6.7821118e-02   7.3957512e-01
   3.2391757e-02   8.2002290e-01
   8.3814230e-01   1.0702082e-01
   9.9990978e-01   9.2180542e-05
   8.2002094e-01   1.1978748e-01
   9.9025134e-01   8.1437589e-03
   9.9209961e-01   7.8610756e-03
