   1.8858052e-01   5.6574142e-01
   1.7987065e-01   5.7588840e-01
   2.1024233e-02   8.5500265e-01
   4.4976524e-02   7.8792331e-01
   1.7407592e-01   5.8277593e-01
   8.2693314e-02   7.1243555e-01
   4.1862879e-02   7.9539580e-01
   1.9148915e-01   5.6240527e-01
   4.9612435e-02   7.7726151e-01
   1.9162684e-03   9.5622480e-01
   2.2674449e-02   8.4941962e-01
   9.1355224e-03   9.0442007e-01
   1.6250843e-01   5.9687666e-01
   1.8567446e-01   5.6910040e-01
   3.7694137e-03   9.3860445e-01
   6.0291208e-02   7.5445732e-01
   1.3653123e-01   6.3049867e-01
   2.9183858e-02   8.2916716e-01
   6.7821206e-02   7.3957495e-01
   4.8071499e-02   7.8074786e-01
   1.2497612e-01   6.4648038e-01
   1.1339176e-01   6.6326308e-01
   1.4230338e-01   6.2276880e-01
   1.4314727e-02   8.8035583e-01
   6.6320859e-02   7.4247164e-01
   3.7153610e-02   8.0724728e-01
   1.9364523e-02   8.6084353e-01
   1.1918834e-01   6.5476336e-01
   5.5850942e-03   9.2526651e-01
   5.5736220e-02   7.6391480e-01
   4.3422140e-02   7.9162020e-01
   2.4314691e-02   8.4406831e-01
   1.4807435e-01   6.1519570e-01
   1.5673261e-01   6.0410530e-01
   1.5384599e-01   6.0776794e-01
   1.2604640e-02   8.8772961e-01
   9.5917980e-02   6.9029372e-01
   1.5096002e-01   6.1146426e-01
   1.9999960e-01   5.5278686e-01
   5.7257990e-02   7.6071358e-01
   9.0055528e-02   6.9990747e-01
   1.3941760e-01   6.2661333e-01
   9.8866598e-05   9.9005683e-01
   1.1048890e-01   6.6760129e-01
   1.5962003e-01   6.0047524e-01
   1.9731552e-01   5.5579788e-01
   7.3719310e-03   9.1414005e-01
   5.8776310e-02   7.5756174e-01
   1.0175890e-01   6.8100329e-01
   6.1803131e-02   7.5139765e-01
   4.6526315e-02   7.8430041e-01
   6.4817859e-02   7.4540648e-01
   1.0878903e-02   8.9569802e-01
   1.6010596e-02   8.7346702e-01
   1.7697226e-01   5.7931928e-01
   3.0791393e-02   8.2452524e-01
   3.2391737e-02   8.2002295e-01
   3.5572558e-02   8.1139311e-01
   1.7693537e-02   8.6698294e-01
   1.3364415e-01   6.3442627e-01
   1.2208339e-01   6.5059566e-01
   8.4169262e-02   7.0988061e-01
   4.0298572e-02   7.9925496e-01
   1.0758286e-01   6.7200174e-01
   1.7118162e-01   5.8625899e-01
   1.6828917e-01   5.8976936e-01
   7.3796857e-02   7.2834423e-01
   3.8728871e-02   8.0320348e-01
   7.8254386e-02   7.2026015e-01
   1.2786686e-01   6.4241523e-01
   1.3075593e-01   6.3839810e-01
   1.9440106e-01   5.5909064e-01
   7.2306401e-02   7.3110150e-01
   2.7568944e-02   8.3396102e-01
   7.6770722e-02   7.2292470e-01
   5.2682024e-02   7.7047435e-01
   1.1629146e-01   6.5898467e-01
   7.0814005e-02   7.3389099e-01
   1.6539800e-01   5.9330847e-01
   1.4518900e-01   6.1896325e-01
   8.1215674e-02   7.1501636e-01
   9.2989606e-02   6.9505803e-01
   1.8277132e-01   5.7248237e-01
   1.0467276e-01   6.7646831e-01
   6.3311985e-02   7.4838127e-01
   2.5946059e-02   8.3892219e-01
   6.9318920e-02   7.3671514e-01
   7.5284637e-02   7.2561954e-01
   9.8840984e-02   6.8561014e-01
   5.4210931e-02   7.6716759e-01
   8.7115696e-02   7.0484632e-01
   3.3985389e-02   8.1564874e-01
   7.9735980e-02   7.1762440e-01
   5.1149169e-02   7.7383818e-01
   8.1304052e-01   1.2288401e-01
   9.9635541e-01   3.7564778e-02
   1.0381333e+00   1.1224634e-02
   1.0428291e+00   1.0524438e-02
   1.0133263e+00   2.4739140e-02
   1.0500548e+00   4.3618288e-05
