   1.8858070e-01   5.6574121e-01
   4.4976546e-02   7.8792325e-01
   5.8776346e-02   7.5756167e-01
   1.3220033e-01   6.3640637e-01
   6.0291381e-02   7.5445697e-01
   3.2391656e-02   8.2002318e-01
   2.1024538e-02   8.5500159e-01
   1.7697239e-01   5.7931914e-01
   2.9183928e-02   8.2916696e-01
   1.9440089e-01   5.5909084e-01
   5.4210975e-02   7.6716750e-01
   1.6010599e-02   8.7346701e-01
   2.4314688e-02   8.4406832e-01
   1.7693437e-02   8.6698332e-01
   2.7568947e-02   8.3396101e-01
   1.6828888e-01   5.8976972e-01
   1.7987061e-01   5.7588844e-01
   3.5572485e-02   8.1139331e-01
   1.2642179e-01   6.4444158e-01
   1.2604600e-02   8.8772979e-01
   1.9148932e-01   5.6240507e-01
   3.7694626e-03   9.3860405e-01
   1.1774013e-01   6.5686718e-01
   3.8728888e-02   8.0320343e-01
   1.7407628e-01   5.8277551e-01
   1.9999980e-01   5.5278663e-01
   1.2352973e-01   6.4853204e-01
   5.2681969e-02   7.7047447e-01
   1.9162528e-03   9.5622498e-01
   9.8986274e-05   9.9005082e-01
   5.1149033e-02   7.7383848e-01
   7.3720612e-03   9.1413929e-01
   2.2674443e-02   8.4941965e-01
   4.6526258e-02   7.8430054e-01
   1.9364431e-02   8.6084386e-01
   1.0030014e-01   6.8329803e-01
   4.0298542e-02   7.9925503e-01
   5.5736228e-02   7.6391479e-01
   8.5642493e-02   7.0735261e-01
   3.3985340e-02   8.1564887e-01
   6.7821136e-02   7.3957509e-01
   4.1862881e-02   7.9539579e-01
   5.5850288e-03   9.2526695e-01
   3.0791366e-02   8.2452531e-01
   1.0612785e-01   6.7422730e-01
   9.1522500e-02   6.9747314e-01
   1.4807431e-01   6.1519575e-01
   1.2063622e-01   6.5267275e-01
   1.8277133e-01   5.7248237e-01
   1.8567463e-01   5.6910021e-01
   4.3422159e-02   7.9162016e-01
   4.8071438e-02   7.8074800e-01
   7.6768504e-02   7.2292870e-01
   1.5961989e-01   6.0047542e-01
   3.7153637e-02   8.0724721e-01
   5.7257900e-02   7.6071377e-01
   8.8586591e-02   7.0236500e-01
   7.9735749e-02   7.1762481e-01
   1.4314719e-02   8.8035586e-01
   1.6539795e-01   5.9330854e-01
   1.9731566e-01   5.5579773e-01
   1.0903598e-01   6.6979404e-01
   8.2692525e-02   7.1243692e-01
   1.0321640e-01   6.7872691e-01
   9.1355111e-03   9.0442013e-01
   1.5384625e-01   6.0776761e-01
   1.3797456e-01   6.2855073e-01
   6.3311990e-02   7.4838126e-01
   1.1194047e-01   6.6542494e-01
   1.2931194e-01   6.4040030e-01
   1.5673269e-01   6.0410520e-01
   1.3508791e-01   6.3245692e-01
   9.4454563e-02   6.9266539e-01
   1.6250851e-01   5.9687656e-01
   1.4518892e-01   6.1896336e-01
   6.4817877e-02   7.4540645e-01
   2.5946001e-02   8.3892238e-01
   1.0878872e-02   8.9569817e-01
   6.1802992e-02   7.5139792e-01
   4.9612200e-02   7.7726204e-01
   7.0813912e-02   7.3389117e-01
   1.7118169e-01   5.8625891e-01
   1.3941772e-01   6.2661318e-01
   1.5095990e-01   6.1146442e-01
   9.7380384e-02   6.8794170e-01
   9.2255792e-01   5.8759620e-02
   9.4312167e-01   3.9230743e-02
   9.3080475e-01   4.8931675e-02
   8.4970781e-01   9.5315818e-02
   7.3796274e-02   7.2834530e-01
   5.6342296e-01   2.7556779e-01
   6.2763949e-01   2.2448596e-01
   8.6715275e-01   8.1110634e-02
   1.4230376e-01   6.2276830e-01
   8.8727895e-01   6.6482362e-02
   9.6089096e-01   3.3766346e-02
   1.1484198e-01   6.6111657e-01
   9.4525828e-01   3.4897721e-02
   9.0513234e-01   6.2367997e-02
   9.9998089e-01   3.3020525e-05
