   3.0709677e-05   2.7609243e-01   7.2393203e-01
   3.1654582e-05   9.5847055e-01   4.1628405e-02
   2.9961022e-05   3.7935979e-01   6.2064970e-01
   5.6163303e-01   4.3888599e-01   1.1928266e-02
   3.1616504e-05   8.9658509e-01   1.0342694e-01
   3.1993053e-05   9.0921521e-01   9.0834339e-02
   9.8877485e-01   7.1425216e-02   1.8915842e-05
   5.1627082e-01   4.4320034e-06   5.4383966e-01
   2.9910911e-05   1.5369602e-01   8.4634994e-01
   3.0031507e-05   8.3330578e-01   1.6672281e-01
   3.0238585e-05   3.5714603e-01   6.4284734e-01
   2.9945526e-05   4.4454878e-01   5.5548387e-01
   3.1068828e-05   6.6667391e-01   3.3336194e-01
   3.1200547e-05   9.3355929e-01   6.6607213e-02
   2.4331215e-06   3.3330711e-02   9.6711258e-01
   2.9027822e-05   8.2155135e-01   1.7857569e-01
   3.0466516e-05   8.6962869e-01   1.3038462e-01
   3.2040066e-05   9.6671433e-01   3.3305540e-02
   3.0300630e-05   2.5005850e-01   7.4995219e-01
   3.0142026e-05   7.2714167e-01   2.7289464e-01
   3.0206015e-05   6.0001770e-01   3.9998579e-01
   2.9585794e-05   1.6656224e-01   8.3354173e-01
   3.0791428e-05   9.0916090e-02   9.0913117e-01
   3.2282049e-05   5.7157713e-01   4.2870313e-01
   3.0364152e-05   1.1538211e-01   8.8461328e-01
   5.5807396e-01   3.7984753e-01   6.8289885e-02
   3.0232593e-05   3.3331484e-01   6.6669614e-01
   5.5642525e-01   2.5462427e-01   1.9267828e-01
   3.1314111e-05   6.8164862e-01   3.1839204e-01
   3.0512490e-05   7.6192418e-01   2.3808915e-01
   3.0284676e-05   4.6431204e-01   5.3574868e-01
   3.0382758e-05   3.0774576e-01   6.9225294e-01
   3.0235184e-05   6.2489029e-01   3.7509700e-01
   3.1740039e-05   8.5727728e-01   1.4278977e-01
   3.0445664e-05   5.5553679e-01   4.4445286e-01
   3.1861890e-05   1.9994663e-01   8.0004720e-01
   1.0002146e+00   6.6780707e-08   3.6202907e-09
   3.2102543e-05   9.2000504e-01   8.0042043e-02
   3.0105988e-05   4.8154798e-01   5.1852109e-01
   3.0332446e-05   2.4000795e-01   7.6002175e-01
   3.1615109e-05   7.3928268e-01   2.6072089e-01
   2.9969924e-05   6.6645679e-02   9.3335499e-01
   3.2300188e-05   1.8519543e-01   8.1491642e-01
   4.7728568e-01   5.5192541e-01   4.0439422e-10
   3.0188567e-05   3.2000956e-01   6.7998580e-01
   5.5947665e-01   1.0180172e-01   3.4840722e-01
   5.5647922e-01   3.7126113e-01   7.6099186e-02
   3.0827390e-05   9.9816763e-02   9.0024269e-01
   3.0307763e-05   4.2864277e-01   5.7138709e-01
   3.0001109e-05   7.0374469e-01   2.9631996e-01
   3.0088078e-05   9.9994014e-01   9.3515208e-05
   5.5829326e-01   1.1611248e-01   3.3301797e-01
   5.5616070e-01   3.0616786e-01   1.4115989e-01
   3.0239744e-05   2.6672048e-01   7.3326695e-01
   3.0436199e-05   3.6721627e-01   6.3279466e-01
   3.0523626e-05   7.8574691e-01   2.1427671e-01
   3.0532602e-05   1.4279449e-01   8.5722097e-01
   3.0389518e-05   2.9633126e-01   7.0367918e-01
   4.6729535e-01   4.3871092e-01   1.0033338e-01
   3.0428358e-05   8.0012172e-01   1.9987465e-01
   3.0253094e-01   1.7272511e-01   5.3145124e-01
   3.0446045e-05   5.3834056e-01   4.6165012e-01
   4.7022620e-01   1.5926697e-02   5.2638533e-01
   3.0420383e-05   5.0003390e-01   4.9997826e-01
   2.1853212e-01   2.0516452e-01   6.0266813e-01
   3.1324430e-05   4.1509275e-02   9.5851757e-01
   3.0503395e-05   5.8328531e-01   4.1672105e-01
   6.4152431e-01   2.5248434e-02   4.3107016e-01
   3.0155588e-05   7.9679454e-02   9.2032918e-01
   3.0301455e-05   5.1877485e-01   4.8125685e-01
   3.0393560e-05   6.5505916e-01   3.4505371e-01
   5.5778086e-01   3.4158622e-01   1.0632237e-01
   2.0230426e-10   2.4871349e-06   1.0000039e+00
   3.2039548e-05   8.8458715e-01   1.1543332e-01
   3.0420897e-01   3.7445835e-01   3.4792673e-01
   5.5818453e-01   3.2495697e-01   1.2413927e-01
   3.0235420e-05   3.4499213e-01   6.5499729e-01
   3.1460563e-05   2.3079660e-01   7.6924064e-01
   3.1466830e-05   2.1439160e-01   7.8565516e-01
   5.5735598e-01   7.9881693e-02   3.6835145e-01
   3.1235858e-01   2.8978126e-01   4.1800648e-01
   4.6632966e-01   6.4645968e-02   4.7330957e-01
   5.5777948e-01   6.8385258e-02   3.8045011e-01
   3.0705331e-05   7.5002129e-01   2.5000348e-01
   3.0763641e-05   6.9561220e-01   3.0444260e-01
   3.0476542e-01   3.2842007e-01   3.7514512e-01
   3.1077240e-05   8.0953437e-01   1.9048886e-01
   2.1299665e-01   3.1968621e-01   4.7463670e-01
   5.5917664e-01   2.7621752e-01   1.7302203e-01
   3.0852496e-01   2.1551310e-01   4.8394594e-01
   2.9263387e-01   1.3445687e-01   5.8130491e-01
   2.9960470e-05   8.4621330e-01   1.5380131e-01
   2.9938385e-01   1.1437209e-01   6.5912235e-01
   3.1615201e-05   7.7277387e-01   2.2722828e-01
   5.5604365e-01   4.4718889e-01   4.3757351e-05
   4.7037659e-01   4.8917755e-01   5.3533652e-02
   3.1860870e-05   4.0000949e-01   5.9999990e-01
   3.0342132e-05   6.4009056e-01   3.5992640e-01
   3.0363980e-05   7.1431656e-01   2.8568963e-01
   3.0779763e-05   1.3318885e-01   8.6761664e-01
