   2.8510042e-05   8.8894335e-01   1.1110637e-01
   2.9929222e-05   1.4275068e-01   8.5726574e-01
   2.9740575e-05   2.6697446e-01   7.3302702e-01
   2.9379707e-05   5.2155792e-01   4.7843633e-01
   6.1790883e-01   8.6942259e-06   4.6613537e-01
   3.0998428e-05   1.9052077e-01   8.0954692e-01
   3.0031752e-05   9.0838731e-02   9.0920069e-01
   2.9196579e-05   9.3331802e-01   6.6723083e-02
   2.9414973e-05   3.8089012e-01   6.1911007e-01
   6.6811303e-01   2.5026582e-02   4.0180569e-01
   2.9668827e-05   6.1898791e-01   3.8100956e-01
   2.9656678e-05   6.5391372e-01   3.4609868e-01
   5.7545059e-01   3.3965255e-01   1.2750046e-01
   2.9292336e-05   2.3077789e-01   7.6921161e-01
   2.7228454e-05   1.9998506e-01   8.0014166e-01
   2.9394817e-05   2.7598658e-01   7.2399978e-01
   2.9334529e-05   7.5001237e-01   2.4997680e-01
   2.9505623e-05   6.4008649e-01   3.5992039e-01
   2.9667050e-05   9.0011380e-01   9.9879214e-02
   2.8236471e-05   3.4618687e-01   6.5394421e-01
   2.9819879e-05   1.2498191e-01   8.7503628e-01
   6.8514559e-06   6.6709278e-02   9.3358229e-01
   2.9454467e-05   2.4997202e-01   7.5002986e-01
   3.1167669e-05   1.0000546e+00   1.7663833e-05
   5.8469253e-06   4.1653480e-02   9.5858651e-01
   2.9454476e-05   2.5968702e-01   7.4031678e-01
   2.9868886e-05   9.5836251e-01   4.1656828e-02
   9.1166296e-01   4.7185624e-07   1.6450716e-01
   2.9515968e-05   7.2724014e-01   2.7275978e-01
   3.1086160e-05   1.1090079e-01   8.8921079e-01
   1.0002883e+00   2.6221950e-08   8.5283175e-08
   2.8487088e-05   8.5193353e-01   1.4810653e-01
   7.9482364e-01   1.8606281e-01   3.2325212e-02
   5.2889087e-05   3.3353309e-01   6.6712825e-01
   2.8557898e-05   7.1430342e-01   2.8576302e-01
   2.9534751e-05   1.3319712e-01   8.6681662e-01
   2.9839936e-05   4.2852945e-01   5.7148557e-01
   2.9894751e-05   2.3810296e-01   7.6188505e-01
   2.9315281e-05   8.2136910e-01   1.7863333e-01
   2.9678774e-05   1.6661712e-01   8.3338447e-01
   2.9831404e-05   7.3339857e-01   2.6668937e-01
   2.9360803e-05   4.6195737e-01   5.3803727e-01
   7.9459282e-01   1.7007007e-01   4.8206591e-02
   2.9387688e-05   5.4503069e-01   4.5495560e-01
   2.9437472e-05   7.6920724e-01   2.3078358e-01
   2.9394181e-05   7.6192502e-01   2.3805914e-01
   2.9311995e-05   1.5379002e-01   8.4619250e-01
   2.9795911e-05   9.2314856e-01   7.6893531e-02
   2.9786819e-05   7.4061538e-01   2.5943168e-01
   2.9379567e-05   3.9130436e-01   6.0868490e-01
   2.9391253e-05   7.8567705e-01   2.1431339e-01
   2.9348624e-05   3.0777624e-01   6.9222558e-01
   2.9399185e-05   4.4838917e-01   5.5162166e-01
   2.9388814e-05   3.5997392e-01   6.4001059e-01
   2.9338040e-05   5.9997243e-01   4.0002423e-01
   6.7882430e-06   5.0016277e-02   9.5023735e-01
   2.9327316e-05   3.1656260e-01   6.8342376e-01
   2.9945271e-05   4.7986038e-01   5.2015626e-01
   2.9365904e-05   4.9996176e-01   5.0003058e-01
   2.9310592e-05   1.7841946e-01   8.2156612e-01
   2.9885859e-05   9.6674166e-01   3.3250206e-02
   2.9735689e-05   5.5188029e-01   4.4812427e-01
   2.9892357e-05   8.0000022e-01   1.9999802e-01
   2.9847836e-05   5.9105084e-01   4.0894683e-01
   3.9160702e-01   3.0173443e-01   5.9256566e-01
   3.0230054e-05   2.8569808e-01   7.1435302e-01
   2.7209005e-05   2.2223318e-01   7.7786481e-01
   2.9358419e-05   8.6369159e-01   1.3628924e-01
   2.9311704e-05   6.9228129e-01   3.0769851e-01
   2.7080536e-05   2.0838781e-01   7.9178085e-01
   3.0230554e-05   6.2968886e-01   3.7038420e-01
   2.9320863e-05   4.0908265e-01   5.9090203e-01
   2.9326749e-05   9.1310383e-01   8.6883096e-02
   2.9480081e-05   6.0855561e-01   3.9145163e-01
   7.9498444e-01   1.0166278e-01   1.1674412e-01
   5.9074375e-01   1.5805334e-03   4.7726750e-01
   2.9743812e-05   8.3337587e-01   1.6662943e-01
   5.8647880e-06   3.3348399e-02   9.6690364e-01
   2.9318981e-05   6.6664420e-01   3.3334546e-01
   2.8781892e-05   8.0959408e-01   1.9047829e-01
   2.9386188e-05   6.9998545e-01   2.9999967e-01
   2.9877625e-05   7.7780026e-01   2.2221480e-01
   5.7610597e-01   4.3292559e-01   3.4694848e-02
   2.9386968e-05   5.6527369e-01   4.3470565e-01
   2.9325525e-05   4.3462607e-01   5.6539952e-01
   2.9777805e-05   7.6624877e-02   9.2340011e-01
   2.9437831e-05   3.9998349e-01   6.0000311e-01
   2.8503901e-05   8.7505319e-01   1.2500549e-01
   5.7956471e-01   3.6116216e-01   1.0914935e-01
   2.9659852e-05   9.9886324e-02   9.0011658e-01
   2.9211838e-05   5.7144459e-01   4.2857179e-01
   7.9455457e-01   1.1575223e-01   1.0251467e-01
   7.9573657e-01   1.8241985e-01   3.6158268e-02
   2.9319159e-05   6.8174784e-01   3.1824456e-01
   8.1533537e-13   2.7808625e-10   1.0000007e+00
   2.9268666e-05   2.9970801e-01   7.0029225e-01
   2.9292694e-05   5.3569691e-01   4.6429087e-01
   7.9587339e-01   1.0911773e-01   1.0947815e-01
   2.9497866e-05   3.7016332e-01   6.3003822e-01
   2.9319990e-05   5.8333419e-01   4.1666121e-01
