   1.4791430e-06   9.9992181e-01   8.4996090e-05
   1.4897737e-06   1.4280216e-01   8.5723562e-01
   1.2768447e-06   4.3448126e-02   9.5659238e-01
   1.5126224e-06   8.0001721e-01   1.9998661e-01
   2.3949269e-06   1.0000289e-01   9.0009656e-01
   1.5325640e-06   8.6960120e-01   1.3040397e-01
   1.5141947e-06   9.1305199e-01   8.6952314e-02
   1.5495356e-06   7.2725463e-01   2.7275732e-01
   8.3436645e-01   1.1132911e-01   1.0830397e-01
   1.4449098e-06   5.9247460e-01   4.0754594e-01
   1.5531209e-06   7.6190889e-01   2.3810448e-01
   1.5281827e-06   4.6159353e-01   5.3840995e-01
   1.5132191e-06   4.9999490e-01   5.0001334e-01
   9.7352470e-01   1.0936992e-01   2.0914081e-05
   1.5288551e-06   6.2971098e-01   3.7029572e-01
   1.5135723e-06   9.5454843e-01   4.5462532e-02
   5.2318811e-01   3.1035870e-01   1.7424539e-01
   1.5358698e-06   2.2222492e-01   7.7778962e-01
   1.4947984e-06   9.2309259e-01   7.6919476e-02
   1.5261912e-06   3.2003378e-01   6.7997670e-01
   1.4976155e-06   2.0696688e-01   7.9305027e-01
   2.6368769e-01   1.5929174e-01   5.9625875e-01
   1.4835145e-06   2.3077790e-01   7.6924258e-01
   1.5507104e-06   2.4999725e-01   7.5001219e-01
   1.4559195e-06   5.8331041e-01   4.1670208e-01
   1.4785669e-06   1.3046529e-01   8.6953945e-01
   1.5129126e-06   9.3331832e-01   6.6685393e-02
   1.4905787e-06   9.6158994e-01   3.8425590e-02
   1.4797775e-06   7.3912727e-01   2.6087970e-01
   1.5346579e-06   3.4485289e-01   6.5514909e-01
   1.4782513e-06   9.0004780e-01   9.9961089e-02
   1.5374078e-06   6.5384413e-01   3.4615967e-01
   1.4937318e-06   9.6675024e-01   3.3257557e-02
   1.5306549e-06   8.0955272e-01   1.9045318e-01
   1.5220649e-06   3.8459939e-01   6.1540920e-01
   1.5217115e-06   8.3336337e-01   1.6664276e-01
   1.4978372e-06   3.0773895e-01   6.9227587e-01
   1.6330530e-06   5.3846601e-01   4.6156731e-01
   1.4812105e-06   6.8180644e-01   3.1820076e-01
   5.2655465e-01   2.8206309e-02   4.5923782e-01
   1.5357717e-06   7.8572819e-01   2.1428218e-01
   1.5229674e-06   3.9999676e-01   6.0001183e-01
   1.4401277e-06   3.5719193e-01   6.4281886e-01
   1.5127936e-06   6.0000462e-01   3.9999722e-01
   1.5199590e-06   4.8145702e-01   5.1856698e-01
   1.5388032e-06   4.2858127e-01   5.7143313e-01
   1.4406414e-06   5.7143427e-01   4.2857621e-01
   8.2207747e-01   1.8293031e-01   3.4412750e-02
   1.5375751e-06   6.4001778e-01   3.5998555e-01
   1.5139691e-06   3.3266133e-02   9.6673684e-01
   1.5268136e-06   3.3334713e-01   6.6665974e-01
   1.5346097e-06   8.2140947e-01   1.7859163e-01
   6.7086287e-08   7.6932390e-02   9.2308338e-01
   8.0356152e-01   5.2341573e-02   1.7729631e-01
   1.4453981e-06   6.9231079e-01   3.0771357e-01
   1.5126509e-06   4.1664616e-01   5.8335700e-01
   6.7161820e-08   8.6931619e-02   9.1308344e-01
   1.0907925e-06   1.6664998e-01   8.3341192e-01
   1.4564397e-06   2.0001498e-01   8.0000203e-01
   8.9935012e-01   3.7562788e-13   1.9006676e-01
   1.5625620e-06   8.5003726e-01   1.4998618e-01
   5.2326757e-01   3.7460990e-01   1.1000183e-01
   5.2715042e-01   3.4091292e-01   1.4594695e-01
   1.5335887e-06   3.7035855e-01   6.2964418e-01
   1.0003466e+00   9.7945985e-10   1.1618851e-09
   1.5331175e-06   5.1849430e-01   4.8150982e-01
   5.2375189e-01   2.8417391e-01   2.0042855e-01
   1.5335046e-06   2.4000645e-01   7.5999611e-01
   1.4799638e-06   2.6666108e-01   7.3334341e-01
   3.2825006e-06   1.1112031e-01   8.8903126e-01
   1.5223838e-06   8.5715275e-01   1.4285246e-01
   1.5265150e-06   4.4437984e-01   5.5564295e-01
   1.4941085e-06   2.8001071e-01   7.2000158e-01
   2.5971680e-01   1.4091546e-01   6.2490755e-01
   1.5395201e-06   7.0004773e-01   2.9996254e-01
   1.5147033e-06   7.7271850e-01   2.2728653e-01
   6.7145412e-08   1.1997379e-01   8.8004161e-01
   6.1954829e-11   3.0699460e-08   1.0000056e+00
   5.2263229e-01   4.1525241e-01   6.8821557e-02
   1.5317669e-06   7.5003937e-01   2.4996389e-01
   1.5185212e-06   6.1904711e-01   3.8095720e-01
   5.2902375e-01   6.9279467e-02   4.2047119e-01
   8.2343246e-01   2.1764109e-01   4.3953956e-05
   5.2418986e-01   3.4736189e-01   1.3689370e-01
   1.0073054e-06   1.5385579e-01   8.4620229e-01
   1.4815723e-06   6.0870210e-01   3.9130557e-01
   5.2319415e-01   4.4848495e-01   3.5573908e-02
   2.7438750e-01   2.1315714e-01   5.3653306e-01
   1.5568763e-06   6.6667348e-01   3.3333766e-01
   1.4808462e-06   8.8462968e-01   1.1538288e-01
   7.9938802e-01   1.0354002e-01   1.2501306e-01
   2.7141470e-01   3.1017425e-01   4.3485342e-01
   5.2236217e-01   2.9542162e-01   1.8838561e-01
   1.5330228e-06   2.9167362e-01   7.0832944e-01
   1.4432188e-06   1.8516959e-01   8.1484768e-01
   5.2279555e-01   4.8369174e-01   1.8031021e-10
   5.5408091e-01   9.3661969e-02   4.1872939e-01
   6.7281961e-08   6.6668175e-02   9.3335253e-01
   1.5348420e-06   7.1428188e-01   2.8572405e-01
   1.4557976e-06   5.5552031e-01   4.4449275e-01
