   6.3932107e-01   3.0311224e-01   6.7076250e-02
   2.8372973e-05   8.6954527e-01   1.3045810e-01
   2.6376148e-05   5.9116377e-01   4.0901472e-01
   4.0061528e-01   2.8920097e-01   3.1678093e-01
   1.1792591e-05   2.7274790e-01   7.2728093e-01
   6.4035103e-01   3.7171185e-01   1.6689676e-05
   3.1517070e-05   5.5564381e-01   4.4450422e-01
   2.6015599e-05   8.4628962e-01   1.5377479e-01
   9.1208444e-06   3.3245845e-02   9.6708055e-01
   2.3476114e-05   3.5987844e-01   6.4025266e-01
   2.6550263e-05   1.6659936e-01   8.3353866e-01
   2.3219469e-05   3.4614870e-01   6.5401663e-01
   1.1269503e-05   1.9996857e-01   8.0008554e-01
   2.7880115e-05   6.8185826e-01   3.1818875e-01
   2.2714388e-05   9.6696089e-01   3.3184815e-02
   2.3596981e-05   3.9128573e-01   6.0882959e-01
   2.8160732e-05   9.3340255e-01   6.6632596e-02
   1.4028724e-05   6.6666602e-02   9.3381553e-01
   2.5939797e-05   4.8005347e-01   5.2000908e-01
   3.1469025e-05   7.9031574e-01   2.0975254e-01
   3.2984391e-01   3.1395143e-01   4.3799822e-01
   2.8431899e-05   4.9998104e-01   5.0007200e-01
   7.3649150e-01   2.8362737e-02   2.5754265e-01
   3.8443449e-01   3.8928366e-01   2.3278005e-01
   2.5685362e-05   6.5393154e-01   3.4615065e-01
   2.7880016e-05   6.0708149e-01   3.9300236e-01
   3.1128030e-05   7.7292349e-01   2.2721822e-01
   6.3498058e-01   1.0028619e-01   2.6763010e-01
   2.3502963e-05   8.6843937e-02   9.1325535e-01
   2.7971525e-05   8.0962186e-01   1.9040046e-01
   2.2956310e-05   1.0001452e+00   8.9549051e-05
   2.7970181e-05   8.5719670e-01   1.4282015e-01
   5.8480466e-01   4.3186791e-01   3.6585391e-02
   1.1252872e-05   1.3045021e-01   8.6959939e-01
   5.6917013e-01   1.1575341e-01   3.4416743e-01
   1.1798035e-05   3.9958697e-02   9.6006893e-01
   6.3536004e-01   2.0164938e-01   1.6649199e-01
   6.3454313e-01   2.3401715e-01   1.3397962e-01
   2.2525823e-05   9.2316011e-01   7.6915244e-02
   1.2665002e-05   2.4021455e-01   7.6004248e-01
   6.3444385e-01   3.3131563e-01   3.6473973e-02
   6.3555284e-01   3.5172111e-01   1.7091445e-02
   4.0357286e-01   1.8331282e-01   4.2762788e-01
   5.8519944e-01   3.5992020e-01   1.0946330e-01
   2.5857180e-05   5.7132592e-01   4.2869698e-01
   3.1628166e-05   4.0008172e-01   6.0011518e-01
   6.3485681e-01   2.2581175e-01   1.4221619e-01
   6.3688588e-01   1.5589756e-01   2.1311252e-01
   7.3156613e-01   1.4430267e-07   2.8393195e-01
   2.5855419e-05   4.6156944e-01   5.3844673e-01
   1.1871180e-05   1.4821030e-01   8.5185674e-01
   1.1857597e-05   2.5926813e-01   7.4082034e-01
   2.8193438e-05   8.8461732e-01   1.1540818e-01
   1.1250679e-05   3.0437789e-01   6.9567716e-01
   2.6885480e-05   4.4446740e-01   5.5575994e-01
   6.3919263e-01   1.3146628e-01   2.3861668e-01
   3.9206696e-01   1.3900540e-01   4.7601427e-01
   6.3554799e-01   2.4827109e-01   1.2024081e-01
   2.0438643e-05   7.6591007e-02   9.2385705e-01
   4.0069059e-01   1.6444378e-01   4.5031357e-01
   1.1782002e-05   2.2725675e-01   7.7282842e-01
   1.1903748e-05   3.3337458e-01   6.6676350e-01
   2.2528816e-05   9.6015331e-01   3.9952905e-02
   7.3276626e-01   8.2785931e-02   2.0165243e-01
   6.3567633e-01   2.6909628e-01   9.9402676e-02
   1.0009775e+00   1.1973869e-07   6.6844126e-07
   2.2654608e-05   3.7499588e-01   6.2520825e-01
   2.5855354e-05   1.1131694e-01   8.8869903e-01
   6.3579793e-01   2.9023413e-01   7.8510449e-02
   3.1098998e-05   5.3833715e-01   4.6180831e-01
   2.7850717e-05   6.9561162e-01   3.0443035e-01
   7.5099473e-01   1.0550344e-01   1.8556307e-01
   3.9885094e-01   3.4903885e-01   2.7222476e-01
   2.7849621e-05   6.2518228e-01   3.7485144e-01
   2.8187449e-05   7.3931479e-01   2.6071292e-01
   1.2996240e-05   2.9177839e-01   7.0847184e-01
   3.1453004e-05   5.1993741e-01   4.8017616e-01
   5.7278609e-01   3.3349226e-02   4.3166903e-01
   1.1269043e-05   2.1429645e-01   7.8576326e-01
   2.5848254e-05   4.1664168e-01   5.8337672e-01
   2.7955968e-05   8.3339166e-01   1.6663907e-01
   6.3441235e-01   6.1166322e-02   3.0675319e-01
   3.0727987e-05   8.0014249e-01   2.0001619e-01
   2.6651971e-05   4.3335522e-01   5.6686201e-01
   2.5852108e-05   7.0828114e-01   2.9176797e-01
   2.8193773e-05   7.5862063e-01   2.4140993e-01
   4.0392734e-01   3.1124133e-01   3.0585341e-01
   4.0469113e-01   1.3219026e-01   5.1190713e-01
   1.1853328e-05   3.1990424e-01   6.8019260e-01
   8.7987989e-13   3.0297750e-07   9.9999992e-01
   2.8371528e-05   9.1309165e-01   8.6937751e-02
   2.3860756e-05   9.9944846e-02   9.0021217e-01
   2.7791626e-05   6.6674945e-01   3.3335874e-01
   6.3914255e-01   1.8587651e-02   3.5253295e-01
   1.2701618e-05   1.7854303e-01   8.2170124e-01
   2.5846211e-05   6.4009504e-01   3.5993814e-01
   2.8111918e-05   9.0001113e-01   1.0002384e-01
   4.0258449e-01   2.2279356e-01   3.7985122e-01
   2.8171003e-05   8.2140322e-01   1.7864077e-01
   2.8192151e-05   7.2729031e-01   2.7274278e-01
