   2.5945980e-02   8.3892244e-01
   1.1918845e-01   6.5476320e-01
   4.9612406e-02   7.7726157e-01
   3.7692572e-03   9.3860572e-01
   1.3653132e-01   6.3049855e-01
   2.1024606e-02   8.5500136e-01
   3.7153598e-02   8.0724731e-01
   6.7821219e-02   7.3957493e-01
   1.9364574e-02   8.6084335e-01
   1.4518894e-01   6.1896334e-01
   4.3422181e-02   7.9162011e-01
   3.5572541e-02   8.1139316e-01
   7.6770662e-02   7.2292481e-01
   6.1803256e-02   7.5139739e-01
   4.4976529e-02   7.8792329e-01
   1.0467291e-01   6.7646807e-01
   7.2306511e-02   7.3110130e-01
   1.7407602e-01   5.8277581e-01
   2.4314654e-02   8.4406843e-01
   1.6828889e-01   5.8976971e-01
   1.3075642e-01   6.3839743e-01
   1.1339164e-01   6.6326325e-01
   1.2786673e-01   6.4241542e-01
   6.4817946e-02   7.4540631e-01
   3.8728893e-02   8.0320342e-01
   1.5384602e-01   6.0776790e-01
   5.7257964e-02   7.6071364e-01
   1.5096017e-01   6.1146407e-01
   5.2682006e-02   7.7047439e-01
   1.7693527e-02   8.6698298e-01
   8.1215550e-02   7.1501658e-01
   1.2208338e-01   6.5059568e-01
   5.5736241e-02   7.6391476e-01
   1.7118150e-01   5.8625914e-01
   1.9440080e-01   5.5909093e-01
   6.0291356e-02   7.5445702e-01
   7.0814026e-02   7.3389095e-01
   1.8277141e-01   5.7248227e-01
   7.8254427e-02   7.2026007e-01
   8.7115688e-02   7.0484633e-01
   2.2674432e-02   8.4941968e-01
   1.4314729e-02   8.8035582e-01
   8.4169231e-02   7.0988066e-01
   7.3796986e-02   7.2834399e-01
   1.4230350e-01   6.2276864e-01
   4.0298564e-02   7.9925498e-01
   5.4210945e-02   7.6716756e-01
   1.9731569e-01   5.5579769e-01
   1.2604625e-02   8.8772968e-01
   1.9161460e-03   9.5622620e-01
   7.5284968e-02   7.2561894e-01
   9.2989546e-02   6.9505813e-01
   1.0878799e-02   8.9569852e-01
   3.0791287e-02   8.2452554e-01
   1.5962001e-01   6.0047527e-01
   4.6526256e-02   7.8430054e-01
   3.3985322e-02   8.1564892e-01
   1.3364426e-01   6.3442612e-01
   5.5850426e-03   9.2526686e-01
   1.4807436e-01   6.1519569e-01
   1.0175899e-01   6.8100315e-01
   1.6539784e-01   5.9330867e-01
   9.1354821e-03   9.0442028e-01
   1.1629118e-01   6.5898507e-01
   9.0055993e-02   6.9990669e-01
   1.2497600e-01   6.4648055e-01
   7.9736375e-02   7.1762370e-01
   1.5673250e-01   6.0410544e-01
   9.5918051e-02   6.9029361e-01
   1.8858046e-01   5.6574148e-01
   9.8840861e-02   6.8561034e-01
   2.9183912e-02   8.2916701e-01
   5.8776313e-02   7.5756173e-01
   1.1048877e-01   6.6760149e-01
   5.1149198e-02   7.7383811e-01
   1.7987063e-01   5.7588842e-01
   1.9148924e-01   5.6240516e-01
   6.9318845e-02   7.3671528e-01
   1.8567453e-01   5.6910032e-01
   7.3720713e-03   9.1413923e-01
   1.0758270e-01   6.7200198e-01
   1.7697214e-01   5.7931943e-01
   3.2391761e-02   8.2002289e-01
   1.6250839e-01   5.9687670e-01
   1.3941765e-01   6.2661327e-01
   6.6320922e-02   7.4247151e-01
   2.7568779e-02   8.3396151e-01
   1.6010565e-02   8.7346714e-01
   6.3311969e-02   7.4838130e-01
   4.1862879e-02   7.9539580e-01
   1.9999907e-01   5.5278744e-01
   9.8716528e-05   9.9006438e-01
   6.0628110e-01   2.4778857e-01
   4.8071494e-02   7.8074787e-01
   9.9199910e-01   9.0855533e-03
   9.9988019e-01   9.7504570e-05
   9.1995795e-01   5.0766645e-02
   7.3970712e-01   1.5167097e-01
   9.3150365e-01   4.8973187e-02
   9.3753689e-01   4.7119010e-02
