   1.6025142e-05   8.7999588e-01   1.2008454e-01
   1.4314767e-05   1.3623743e-01   8.6380810e-01
   1.4562023e-05   6.4009542e-01   3.5990500e-01
   1.4764086e-05   8.4994717e-01   1.5006721e-01
   5.5371339e-01   3.6438803e-01   1.1401437e-01
   1.4771667e-05   3.7016102e-01   6.2984226e-01
   1.4235654e-05   7.1432035e-01   2.8569880e-01
   9.0683423e-01   1.6976769e-01   1.2990506e-05
   5.5081035e-01   3.3025013e-01   1.4419114e-01
   1.4433672e-05   5.7144589e-01   4.2858682e-01
   1.4847251e-05   1.2501339e-01   8.7500191e-01
   1.4816112e-05   2.7589755e-01   7.2416639e-01
   1.4705720e-05   3.5728059e-01   6.4272647e-01
   1.5133240e-05   7.5000342e-01   2.5003965e-01
   1.4476177e-05   4.2859864e-01   5.7147147e-01
   1.4855390e-05   8.0953307e-01   1.9048848e-01
   1.4753441e-05   5.5163189e-01   4.4836678e-01
   1.5120776e-05   9.0010767e-01   9.9910463e-02
   1.5146450e-05   8.5715056e-01   1.4288130e-01
   5.4899319e-01   2.8597792e-01   1.8636682e-01
   1.4222095e-05   3.3387887e-02   9.6669336e-01
   1.4940753e-05   7.6195036e-01   2.3809723e-01
   5.4146670e-01   4.5388115e-01   2.9582290e-02
   1.5871608e-05   6.1911566e-01   3.8095913e-01
   3.3632315e-12   1.1673962e-07   1.0000009e+00
   1.4541441e-05   3.0764957e-01   6.9237120e-01
   1.4680903e-05   8.0002457e-01   1.9997800e-01
   1.4617707e-05   9.9992404e-02   9.0004160e-01
   1.4483870e-05   7.8568754e-01   2.1431884e-01
   1.4754976e-05   8.3339661e-01   1.6660215e-01
   1.4500983e-05   5.0000664e-01   5.0002357e-01
   1.4518635e-05   5.6527792e-01   4.3476314e-01
   1.4269643e-05   6.6629757e-02   9.3340637e-01
   1.4699498e-05   6.0871784e-01   3.9127917e-01
   1.4780430e-05   7.6927893e-02   9.2308297e-01
   1.5380116e-05   9.2322808e-01   7.6819758e-02
   1.7805371e-05   9.6689071e-01   3.3244898e-02
   2.8708659e-01   2.6918929e-01   4.7247297e-01
   1.4547064e-05   5.8336616e-01   4.1665342e-01
   1.4722117e-05   4.6161567e-01   5.3839526e-01
   1.5786207e-05   6.6671456e-01   3.3334982e-01
   1.4694634e-05   4.0000105e-01   5.9999984e-01
   1.4484688e-05   2.8575044e-01   7.1425396e-01
   8.8894164e-01   1.4231787e-01   2.7599854e-02
   1.4788335e-05   9.3336672e-01   6.6641043e-02
   1.5344241e-05   3.4504840e-01   6.5502423e-01
   1.4698952e-05   4.1549453e-02   9.5845344e-01
   1.4691843e-05   5.1858400e-01   4.8144916e-01
   1.4727636e-05   2.5002242e-01   7.4999447e-01
   5.5816831e-01   2.7462199e-01   2.0030942e-01
   5.4127246e-01   1.2436745e-02   4.7029296e-01
   1.4050144e-05   6.9565698e-01   3.0437782e-01
   8.7693748e-01   1.1065666e-01   5.9500696e-02
   1.4877460e-05   6.0001532e-01   4.0000677e-01
   1.4505840e-05   2.9630857e-01   7.0371580e-01
   1.8919822e-05   1.0001738e+00   7.2504488e-07
   1.4751792e-05   1.1106630e-01   8.8894662e-01
   1.4680376e-05   3.7969533e-01   6.2030549e-01
   1.4572509e-05   6.2966953e-01   3.7035580e-01
   1.4439501e-05   1.9045089e-01   8.0958373e-01
   1.4487242e-05   4.4445133e-01   5.5556423e-01
   5.5270305e-01   3.7823930e-01   9.9248831e-02
   1.5888206e-05   8.6954789e-01   1.3050056e-01
   1.4796508e-05   8.2756779e-01   1.7244389e-01
   1.4822545e-05   4.8151158e-01   5.1854076e-01
   1.4334394e-05   8.6944343e-02   9.1306978e-01
   5.4875238e-01   3.1376022e-01   1.5868534e-01
   1.4702079e-05   7.2735274e-01   2.7271978e-01
   1.4746257e-05   9.6001891e-01   3.9992129e-02
   1.5223340e-05   9.1312069e-01   8.6952234e-02
   1.4345790e-05   1.7857168e-01   8.2148181e-01
   1.4778623e-05   7.4073753e-01   2.5926897e-01
   8.8012037e-01   3.3975360e-02   1.3659637e-01
   1.4660652e-05   7.7274720e-01   2.2726611e-01
   1.4562179e-05   5.3851755e-01   4.6160681e-01
   1.4679138e-05   2.3995455e-01   7.6007083e-01
   1.4799486e-05   8.1817038e-01   1.8183462e-01
   1.4724991e-05   4.1656909e-01   5.8344184e-01
   5.1768296e-01   5.7749241e-01   8.9276901e-05
   1.0029600e+00   2.0537388e-06   4.5144337e-06
   1.4049165e-05   7.0358925e-01   2.9645230e-01
   5.6290248e-01   4.3749976e-02   4.5951414e-01
   8.7273293e-01   3.6990714e-02   1.3226055e-01
   1.4692246e-05   5.9250474e-01   4.0750047e-01
   2.8883697e-01   2.2304622e-01   5.2688560e-01
   1.5784883e-05   6.8162829e-01   3.1842886e-01
   1.4736861e-05   3.2001988e-01   6.8001456e-01
   1.4341446e-05   2.0002449e-01   7.9998119e-01
   1.4868834e-05   2.3077331e-01   7.6925030e-01
   1.5935704e-05   8.8900624e-01   1.1104931e-01
   5.7117846e-01   1.4999335e-05   4.8514321e-01
   1.5046149e-05   2.1426788e-01   7.8581876e-01
   5.3819519e-01   4.1560610e-01   6.4533340e-02
   1.5840646e-05   3.3339400e-01   6.6667446e-01
   8.7839738e-01   8.5714484e-10   1.7127842e-01
   1.5662437e-05   1.4812508e-01   8.5194773e-01
   5.4929179e-01   1.0413041e-01   3.6883955e-01
   1.5553232e-05   6.5379921e-01   3.4624543e-01
   1.4341606e-05   1.6663143e-01   8.3337622e-01
   1.4788233e-05   2.6684294e-01   7.3317129e-01
