   1.6395304e-01   5.9508885e-01
   4.1862804e-02   7.9539598e-01
   4.3422177e-02   7.9162011e-01
   2.2674390e-02   8.4941982e-01
   1.2352970e-01   6.4853208e-01
   1.4951717e-01   6.1332550e-01
   6.4817829e-02   7.4540654e-01
   4.4976577e-02   7.8792318e-01
   1.4374623e-01   6.2086120e-01
   2.1024480e-02   8.5500179e-01
   3.0791378e-02   8.2452528e-01
   3.3985355e-02   8.1564883e-01
   1.2642159e-01   6.4444186e-01
   1.2063611e-01   6.5267290e-01
   1.9148925e-01   5.6240515e-01
   1.9162728e-03   9.5622475e-01
   1.5817618e-01   6.0228631e-01
   1.3220019e-01   6.3640656e-01
   7.6770657e-02   7.2292482e-01
   1.4663163e-01   6.1707490e-01
   1.0878784e-02   8.9569859e-01
   4.0298449e-02   7.9925526e-01
   3.7153618e-02   8.0724726e-01
   1.8277122e-01   5.7248249e-01
   1.3797456e-01   6.2855074e-01
   2.9183930e-02   8.2916695e-01
   2.5946013e-02   8.3892234e-01
   5.7257984e-02   7.6071359e-01
   1.1484183e-01   6.6111679e-01
   1.4314676e-02   8.8035604e-01
   7.9736009e-02   7.1762435e-01
   1.9731567e-01   5.5579771e-01
   3.7694857e-03   9.3860386e-01
   3.5572550e-02   8.1139313e-01
   1.5528913e-01   6.0593259e-01
   9.7379971e-02   6.8794236e-01
   9.1353632e-03   9.0442091e-01
   4.8071481e-02   7.8074791e-01
   3.2391730e-02   8.2002297e-01
   9.1523133e-02   6.9747209e-01
   1.6010579e-02   8.7346708e-01
   1.9999970e-01   5.5278674e-01
   5.1149127e-02   7.7383827e-01
   1.2604678e-02   8.8772944e-01
   1.7987113e-01   5.7588783e-01
   1.0903621e-01   6.6979368e-01
   1.7697218e-01   5.7931939e-01
   5.5736223e-02   7.6391480e-01
   7.3796906e-02   7.2834414e-01
   4.6526277e-02   7.8430049e-01
   1.8858052e-01   5.6574141e-01
   5.2681860e-02   7.7047471e-01
   3.8728689e-02   8.0320394e-01
   4.9612437e-02   7.7726151e-01
   1.0612834e-01   6.7422655e-01
   6.0291373e-02   7.5445698e-01
   8.2693335e-02   7.1243551e-01
   1.6106403e-01   5.9867216e-01
   7.3720637e-03   9.1413928e-01
   6.7821219e-02   7.3957493e-01
   1.0030046e-01   6.8329752e-01
   1.7407599e-01   5.8277586e-01
   7.0813987e-02   7.3389103e-01
   5.8776188e-02   7.5756199e-01
   1.5240290e-01   6.0961186e-01
   1.2931164e-01   6.4040072e-01
   1.9440100e-01   5.5909071e-01
   1.7693481e-02   8.6698316e-01
   1.9364530e-02   8.6084350e-01
   1.1194064e-01   6.6542468e-01
   2.4314671e-02   8.4406838e-01
   9.4454196e-02   6.9266599e-01
   8.5643436e-02   7.0735100e-01
   1.0321652e-01   6.7872672e-01
   2.7568912e-02   8.3396111e-01
   9.8880105e-05   9.9005615e-01
   6.1803252e-02   7.5139740e-01
   1.6828854e-01   5.8977014e-01
   1.4086069e-01   6.2468588e-01
   1.8567468e-01   5.6910015e-01
   5.4210972e-02   7.6716750e-01
   1.7118150e-01   5.8625913e-01
   5.5850494e-03   9.2526681e-01
   8.8586628e-02   7.0236494e-01
   1.3508785e-01   6.3245700e-01
   6.3319281e-02   7.4836677e-01
   9.7010564e-01   3.6148450e-02
   1.6539706e-01   5.9330962e-01
   1.0027494e+00   2.4296871e-02
   1.0498982e+00   7.8994690e-05
   7.8724690e-01   1.3281503e-01
   7.6069050e-01   1.5067629e-01
   7.0264027e-01   1.8084907e-01
   6.0639791e-01   2.4055451e-01
   1.1774036e-01   6.5686685e-01
   9.7262143e-01   3.4281691e-02
   9.9300441e-01   2.6588900e-02
   9.8733592e-01   2.7392731e-02
   1.0455873e+00   3.6706835e-03
   1.0167641e+00   8.0376987e-03
