   8.1631314e-10   9.1304634e-01   8.6954080e-02
   7.3948104e-10   6.6666726e-01   3.3333291e-01
   2.4984444e-01   3.6561233e-01   4.1666582e-01
   7.4462089e-10   9.9990280e-01   9.7519111e-05
   7.7289861e-10   1.4284834e-01   8.5715199e-01
   8.0774561e-10   7.6189685e-01   2.3810342e-01
   7.7245259e-01   2.3003883e-01   2.8449349e-02
   7.0895668e-10   5.7143052e-01   4.2856972e-01
   1.2289211e-14   8.6969512e-02   9.1303053e-01
   6.5956958e-10   8.3333481e-01   1.6666571e-01
   1.0069484e+00   1.2487470e-08   3.0074489e-05
   7.7088731e-01   1.8441380e-01   7.3636713e-02
   7.1189126e-10   9.5454701e-01   4.5453308e-02
   6.4464659e-10   1.3043574e-01   8.6956449e-01
   5.8699479e-10   4.5448939e-02   9.5455141e-01
   7.1710649e-10   9.6153991e-01   3.8460284e-02
   9.0990377e-11   1.1111108e-01   8.8888931e-01
   6.4517994e-10   1.6666744e-01   8.3333291e-01
   7.5864907e-10   8.0000174e-01   1.9999854e-01
   9.0412255e-11   3.8458239e-02   9.6154205e-01
   8.1834000e-10   7.5000085e-01   2.4999938e-01
   5.0386108e-01   4.3582352e-01   6.6301065e-02
   5.3110827e-10   5.3571691e-01   4.6428345e-01
   7.2154803e-10   1.4999883e-01   8.5000152e-01
   7.7784886e-10   2.3077161e-01   7.6922852e-01
   7.8912023e-10   8.8889377e-01   1.1110647e-01
   7.4224496e-10   6.0869015e-01   3.9131002e-01
   7.0689390e-10   8.9999946e-01   1.0000073e-01
   2.5544219e-01   2.1393392e-01   5.5588317e-01
   7.7698450e-10   7.0368697e-01   2.9631321e-01
   7.1067425e-10   2.5000054e-01   7.4999963e-01
   4.6413278e-10   3.3333309e-01   6.6666721e-01
   7.7581711e-10   6.0000141e-01   3.9999872e-01
   7.8104526e-10   6.9564699e-01   3.0435316e-01
   7.6192532e-10   8.8000609e-01   1.1999408e-01
   4.3914592e-10   3.0769305e-01   6.9230721e-01
   5.3112851e-10   7.2726952e-01   2.7273080e-01
   7.0570002e-10   9.3333727e-01   6.6663011e-02
   5.9583429e-01   1.7745207e-01   2.8889705e-01
   8.4123544e-10   6.1905718e-01   3.8094334e-01
   7.4193488e-10   7.8571286e-01   2.1428735e-01
   5.9934131e-01   1.5713807e-01   3.1453060e-01
   6.0749205e-10   7.7272832e-01   2.2727214e-01
   8.6463433e-01   2.4878213e-02   2.0613581e-01
   5.3302405e-10   3.4483036e-01   6.5516996e-01
   5.5607394e-11   3.3334089e-02   9.6666659e-01
   7.7856645e-10   4.4443633e-01   5.5556410e-01
   7.5341680e-10   9.6666790e-01   3.3332272e-02
   5.1633827e-01   1.6325223e-05   5.1658051e-01
   7.5812255e-10   7.1428682e-01   2.8571333e-01
   2.5405408e-01   2.7200114e-01   4.8796355e-01
   6.0699353e-10   1.0000041e-01   8.9999993e-01
   5.2529210e-10   4.0000000e-01   6.0000058e-01
   7.6868552e-10   1.8518372e-01   8.1481690e-01
   7.5512965e-10   8.6955926e-01   1.3044094e-01
   7.8823420e-10   8.4999847e-01   1.5000180e-01
   4.4009750e-10   3.6667269e-01   6.3332773e-01
   7.3646060e-10   8.0952597e-01   1.9047441e-01
   7.6109709e-10   8.5714612e-01   1.4285404e-01
   5.7142677e-10   2.4000109e-01   7.5999962e-01
   5.3180098e-10   4.8147471e-01   5.1852548e-01
   5.1858494e-01   3.1621861e-01   2.0047651e-01
   5.0762210e-01   9.0927482e-02   4.1413499e-01
   4.6263750e-10   3.8461548e-01   6.1538490e-01
   5.1277122e-01   3.2121864e-01   1.8914452e-01
   6.2319009e-01   3.0990725e-02   4.3772686e-01
   5.6258714e-10   4.6427856e-01   5.3572245e-01
   8.5762887e-01   8.7461521e-02   1.4085074e-01
   7.1019351e-10   5.5555288e-01   4.4444740e-01
   5.8470244e-10   2.0000053e-01   7.9999992e-01
   7.5575180e-10   8.2142505e-01   1.7857515e-01
   7.6157030e-10   6.2963258e-01   3.7036758e-01
   7.0063582e-10   3.5716229e-01   6.4283865e-01
   7.5750817e-10   6.8181587e-01   3.1818434e-01
   5.0632831e-01   4.7103445e-01   3.3391094e-02
   2.5260962e-01   1.7704788e-01   6.0893456e-01
   2.5445207e-01   2.3671536e-01   5.2435812e-01
   7.7596182e-10   6.3999956e-01   3.6000053e-01
   2.5265166e-15   9.7731038e-05   9.9990228e-01
   4.0541458e-10   2.1428796e-01   7.8571407e-01
   8.0314287e-10   6.6659012e-02   9.3334128e-01
   5.1075218e-01   3.9036885e-01   1.1853796e-01
   5.3167522e-10   5.1851864e-01   4.8148158e-01
   4.3837646e-10   3.2000005e-01   6.8000035e-01
   5.3178454e-10   4.9999734e-01   5.0000282e-01
   7.6211103e-10   5.9091433e-01   4.0908591e-01
   7.8083539e-10   6.5384896e-01   3.4615116e-01
   4.1957603e-15   7.6930547e-02   9.2306949e-01
   8.0005392e-10   2.6666710e-01   7.3333359e-01
   5.0735500e-01   5.0483372e-01   1.9971648e-10
   7.5510137e-10   4.2855953e-01   5.7144076e-01
   5.1137699e-01   1.7512043e-02   4.9515903e-01
   8.1843550e-10   7.4073982e-01   2.5926037e-01
   4.4172368e-10   2.7586547e-01   7.2413748e-01
   5.1098103e-01   6.4582591e-02   4.4618625e-01
   5.6015454e-15   1.2000034e-01   8.7999970e-01
   8.0299558e-10   9.2307861e-01   7.6921659e-02
   4.6227127e-10   4.0741251e-01   5.9258789e-01
   7.8080223e-01   1.5421981e-01   1.0725168e-01
   2.7133154e-10   2.9630709e-01   7.0370117e-01
