   3.8179080e-05   9.9935354e-02   9.0024692e-01
   5.7657623e-01   3.9076908e-01   7.2336638e-02
   5.7680999e-01   3.7773235e-01   8.5620303e-02
   1.0025918e+00   1.1381747e-06   2.5583715e-09
   3.6093626e-05   7.0017753e-01   3.0000100e-01
   3.3302212e-05   9.0005143e-01   9.9978468e-02
   3.3524929e-05   9.6677261e-01   3.3317249e-02
   3.2521013e-05   3.1817372e-01   6.8184925e-01
   3.3027460e-05   5.1986543e-01   4.8016791e-01
   3.8895325e-05   4.5498103e-01   5.4521482e-01
   1.7167883e-05   1.4285095e-01   8.5724743e-01
   3.2818052e-05   8.8898459e-01   1.1104968e-01
   3.2345098e-05   5.7147853e-01   4.2853481e-01
   3.2434890e-05   7.8559497e-01   2.1440646e-01
   3.2681986e-05   5.5552773e-01   4.4447282e-01
   3.6767327e-05   8.6841173e-02   9.1325918e-01
   3.2648773e-05   6.1940708e-01   3.8058733e-01
   3.9837842e-05   7.1441209e-01   2.8563810e-01
   3.3044792e-05   7.5001528e-01   2.5001959e-01
   3.3309489e-05   4.2860269e-01   5.7143298e-01
   3.2437289e-05   6.0873969e-01   3.9126735e-01
   3.2842310e-05   8.0964397e-01   1.9039380e-01
   3.2921370e-05   9.3343230e-01   6.6626758e-02
   1.5372350e-05   1.2492459e-01   8.7533696e-01
   6.6337730e-01   2.8987889e-01   6.9067615e-02
   3.3247014e-05   9.5001424e-01   5.0013158e-02
   3.2499638e-05   4.0905486e-01   5.9096834e-01
   3.8303527e-05   8.7540713e-01   1.2483356e-01
   3.3138244e-05   8.5715337e-01   1.4290398e-01
   6.6167839e-01   3.2545411e-01   3.2626485e-02
   3.7585953e-05   4.4443175e-01   5.5570220e-01
   3.2677310e-05   7.6192030e-01   2.3807573e-01
   3.9863120e-05   5.9996830e-01   4.0008079e-01
   3.1741309e-05   2.7243200e-01   7.2763209e-01
   3.3775399e-05   1.0001031e+00   3.6137840e-06
   3.2544841e-05   8.6682393e-01   1.3320760e-01
   1.5961962e-05   1.7863152e-01   8.2142628e-01
   8.7850495e-14   6.3315894e-10   1.0000002e+00
   3.1780662e-05   2.9627275e-01   7.0379313e-01
   3.2634819e-05   8.3332140e-01   1.6668230e-01
   3.2936483e-05   3.9133368e-01   6.0870308e-01
   1.5992271e-05   1.3326419e-01   8.6679870e-01
   3.3083029e-05   6.4002919e-01   3.6002549e-01
   3.3249609e-05   8.0000345e-01   2.0001795e-01
   3.2378848e-05   3.9993055e-01   6.0008903e-01
   3.2679758e-05   5.4494629e-01   4.5504656e-01
   1.5949345e-05   1.6657744e-01   8.3346972e-01
   3.6728516e-05   6.6682724e-01   3.3323371e-01
   5.7687828e-01   3.3016802e-01   1.3306092e-01
   3.3914738e-05   9.2016859e-01   7.9927480e-02
   1.3191117e-05   6.6691326e-02   9.3356183e-01
   1.8869756e-05   4.7392954e-02   9.5288536e-01
   3.6730596e-05   6.8188758e-01   3.1814878e-01
   7.5084370e-01   1.4960685e-01   1.2314187e-01
   1.7175257e-05   2.2736709e-01   7.7272774e-01
   3.1674939e-05   3.5987959e-01   6.4021533e-01
   4.2856142e-01   1.4346098e-01   4.7097081e-01
   3.2608138e-05   7.7276731e-01   2.2727181e-01
   3.0398372e-05   2.5934021e-01   7.4085644e-01
   3.2427000e-05   8.2144214e-01   1.7859370e-01
   1.5686972e-05   3.3245917e-02   9.6698059e-01
   3.6332548e-05   9.0924807e-01   9.0891770e-02
   4.1375928e-01   1.0821559e-01   5.1198587e-01
   3.1718749e-05   3.0455435e-01   6.9558180e-01
   7.4352702e-01   1.5357858e-01   1.1655881e-01
   1.5950659e-05   1.9999850e-01   8.0004329e-01
   7.4730828e-01   3.3968397e-02   2.3713550e-01
   3.2548145e-05   6.2968125e-01   3.7034264e-01
   3.9873507e-05   4.6436105e-01   5.3567209e-01
   3.9852877e-05   5.0002007e-01   5.0003019e-01
   1.7274656e-05   3.8422860e-02   9.6170344e-01
   3.2674191e-05   5.3563740e-01   4.6435765e-01
   3.2298667e-05   3.3317506e-01   6.6685226e-01
   1.7158695e-05   1.5408562e-01   8.4604084e-01
   3.2257766e-05   7.2722945e-01   2.7278495e-01
   3.2552652e-05   6.5380328e-01   3.4619703e-01
   3.2361790e-05   3.7968296e-01   6.2058692e-01
   3.3420082e-05   9.5842887e-01   4.1644958e-02
   1.5966454e-05   2.4984840e-01   7.5017802e-01
   6.6010757e-01   2.1997837e-01   1.3744157e-01
   4.0018640e-05   4.8023705e-01   5.2033247e-01
   3.2757094e-05   8.4617109e-01   1.5385368e-01
   5.5728784e-01   2.4090129e-01   2.3928359e-01
   3.0390596e-05   2.8564818e-01   7.1447124e-01
   1.3205780e-05   7.7014652e-02   9.2323232e-01
   3.3417578e-05   5.9089047e-01   4.0921001e-01
   1.7191724e-05   2.1436941e-01   7.8577556e-01
   3.2618350e-05   7.3916719e-01   2.6084375e-01
   6.6353439e-01   3.5941361e-01   3.2424544e-09
   3.3107285e-05   3.7056639e-01   6.2944034e-01
   7.4933189e-01   2.0596910e-01   6.6311298e-02
   3.6730514e-05   6.9237173e-01   3.0778033e-01
   7.4652352e-01   5.8585565e-02   2.1222724e-01
   7.4732944e-01   1.6742841e-01   1.0407923e-01
   4.3459098e-01   2.1375631e-01   3.8557943e-01
   1.8793484e-05   1.1104461e-01   8.8909363e-01
   1.5920985e-05   2.4024502e-01   7.6037828e-01
   5.4823523e-01   1.5251964e-01   3.2270799e-01
   5.6447143e-01   2.7017690e-01   2.2001380e-01
   3.3109142e-05   3.4620153e-01   6.5380225e-01
