   4.6837498e-05   8.5718219e-01   1.4280529e-01
   4.6715716e-05   9.0001502e-01   9.9970100e-02
   4.6784223e-05   9.9987675e-01   9.5618140e-05
   4.6477895e-05   3.3315755e-01   6.6683827e-01
   4.6794782e-05   7.5999401e-01   2.3999493e-01
   4.6522634e-05   3.1800885e-01   6.8200992e-01
   4.6764673e-05   4.4850068e-01   5.5147641e-01
   4.6759443e-05   3.7015528e-01   6.2983727e-01
   4.6809757e-05   9.5834569e-01   4.1628260e-02
   4.6964258e-05   4.0902108e-01   5.9096309e-01
   4.6749181e-05   7.1431552e-01   2.8567214e-01
   4.6563322e-05   5.5161845e-01   4.4837020e-01
   9.4487177e-06   6.6722285e-02   9.3404217e-01
   4.2934245e-05   3.5974547e-01   6.4032033e-01
   4.6866726e-05   9.3336459e-01   6.6632067e-02
   4.6657398e-05   7.9194241e-01   2.0803707e-01
   4.5804869e-05   1.9971099e-01   8.0036075e-01
   4.6590293e-05   1.3292700e-01   8.6707160e-01
   4.6908897e-05   8.0958562e-01   1.9038835e-01
   6.5676250e-01   9.8452988e-02   2.5079496e-01
   4.6113402e-05   7.5009895e-01   2.4999746e-01
   1.0060771e+00   3.8890038e-05   2.7794915e-07
   4.6690603e-05   9.5006037e-01   4.9911635e-02
   6.5821197e-01   1.3502896e-01   2.1548128e-01
   4.6370571e-05   4.2331888e-01   5.7672926e-01
   4.6607529e-05   5.6525091e-01   4.3472504e-01
   7.9882928e-01   8.5971491e-02   1.3380891e-01
   4.1932522e-05   2.4997941e-01   7.5020301e-01
   4.2659965e-05   3.7941909e-01   6.2067824e-01
   4.6615302e-05   6.4003728e-01   3.5994494e-01
   4.6779511e-05   4.3371423e-02   9.5662094e-01
   4.0248479e-05   2.8569909e-01   7.1455524e-01
   6.5609876e-01   1.7074026e-01   1.7822310e-01
   7.9310378e-01   6.2397982e-05   2.1820092e-01
   4.6415707e-05   1.2495728e-01   8.7505959e-01
   4.7210517e-05   6.0863177e-01   3.9137362e-01
   4.6917979e-05   9.9816811e-02   9.0015323e-01
   4.7030351e-05   4.6188639e-01   5.3813415e-01
   4.6879500e-05   9.2002990e-01   7.9959360e-02
   4.7201733e-01   1.2368155e-01   5.6264353e-01
   4.6465927e-05   8.2143845e-01   1.7854850e-01
   4.6436632e-05   7.2727060e-01   2.7273544e-01
   4.1332158e-01   3.7499099e-01   2.2067211e-01
   4.3366415e-05   3.4637431e-01   6.5376696e-01
   4.3656951e-05   4.8004158e-01   5.2007175e-01
   4.3078089e-05   2.2236609e-01   7.7773946e-01
   4.7189837e-05   6.6669973e-01   3.3334583e-01
   4.2924027e-05   2.5930624e-01   7.4074230e-01
   1.0496691e-05   7.4122308e-02   9.2637145e-01
   4.6642588e-05   6.2958411e-01   3.7039638e-01
   6.5617436e-01   2.0453053e-01   1.4450311e-01
   4.6705194e-05   8.9473947e-01   1.0526183e-01
   6.5659327e-01   3.2180500e-01   2.7739764e-02
   4.3233190e-01   2.1578808e-01   3.6669592e-01
   4.3140494e-05   2.7265367e-01   7.2741164e-01
   4.6438611e-05   8.6952866e-01   1.3045281e-01
   4.6700505e-05   7.0369925e-01   2.9630588e-01
   4.2184848e-01   1.3149081e-01   4.6613705e-01
   4.6810677e-05   7.4061822e-01   2.5934975e-01
   4.3235634e-05   5.2009021e-01   4.7996880e-01
   6.5561476e-01   2.4559130e-01   1.0309316e-01
   4.9877122e-05   5.0010360e-01   5.0009620e-01
   6.6033656e-01   3.4898945e-02   3.1616178e-01
   4.7101882e-05   4.3451587e-01   5.6552685e-01
   4.6658590e-05   5.3815183e-01   4.6182723e-01
   4.6655881e-05   8.3330079e-01   1.6667660e-01
   4.6948535e-05   1.7832048e-01   8.2165341e-01
   4.7063533e-05   1.6649654e-01   8.3349770e-01
   4.4548512e-05   7.7786687e-01   2.2222686e-01
   4.5722822e-05   4.0006070e-01   6.0004076e-01
   4.2697474e-01   1.5638823e-01   4.3328412e-01
   6.5636049e-01   2.3689883e-01   1.1251090e-01
   4.6500553e-05   8.8007944e-01   1.1992894e-01
   4.6611922e-05   6.2022807e-01   3.7975446e-01
   4.7607099e-05   5.9996471e-01   4.0005595e-01
   4.6865044e-05   8.3136459e-02   9.1692585e-01
   4.3659531e-01   2.4258900e-01   3.4603246e-01
   4.5449865e-05   1.4274942e-01   8.5729818e-01
   4.6850836e-05   2.9654989e-01   7.0348840e-01
   4.3002192e-05   3.9136924e-01   6.0875181e-01
   7.9409452e-01   7.1243832e-02   1.4730837e-01
   4.6365601e-05   3.0452807e-01   6.9553496e-01
   4.6772711e-05   5.7677933e-01   4.2319263e-01
   4.6773166e-05   5.9053142e-01   4.0944379e-01
   4.6782137e-05   6.5391747e-01   3.4604861e-01
   4.3140336e-05   2.4007103e-01   7.5999042e-01
   4.6781861e-05   6.8137323e-01   3.1861431e-01
   4.6630642e-05   8.0001170e-01   1.9996085e-01
   1.6347680e-10   7.2689644e-07   1.0000036e+00
   4.2295509e-01   3.5424417e-01   2.4370674e-01
   7.9145868e-01   9.6563565e-03   2.0815094e-01
   4.6997918e-05   6.9531216e-01   3.0468242e-01
   4.6250748e-05   1.5383105e-01   8.4622756e-01
   6.8378628e-01   2.8643633e-01   6.8549882e-02
   4.6634501e-05   9.6665633e-01   3.3347438e-02
   4.6580890e-05   2.0803815e-01   7.9194846e-01
   4.6811161e-05   1.1109763e-01   8.8887275e-01
   4.6909491e-05   8.4627559e-01   1.5378159e-01
   4.6916154e-05   9.0913443e-01   9.0858209e-02
   4.7607569e-05   3.3363012e-02   9.6665241e-01
