   2.4026242e-05   8.6669118e-01   1.3331435e-01
   2.8227184e-05   1.3056183e-01   8.6972319e-01
   2.4208824e-05   7.6190512e-01   2.3811131e-01
   2.3931237e-05   5.3845954e-01   4.6153957e-01
   2.3774974e-05   6.0860741e-01   3.9138601e-01
   2.3657291e-05   2.8567511e-01   7.1432418e-01
   4.5340907e-01   2.3447275e-01   3.4298778e-01
   2.3981631e-05   7.4050558e-01   2.5949358e-01
   2.3766870e-05   5.5177755e-01   4.4822191e-01
   2.4028578e-05   6.1904014e-01   3.8097083e-01
   2.8552057e-05   1.5367917e-01   8.4649124e-01
   2.3417767e-05   5.9079538e-01   4.0923350e-01
   2.3955225e-05   6.9567565e-01   3.0433602e-01
   3.1275863e-05   1.6663315e-01   8.3373628e-01
   3.1161014e-05   1.4277393e-01   8.5739871e-01
   2.4968995e-05   9.9951525e-02   9.0023632e-01
   2.3913400e-05   8.0952431e-01   1.9047431e-01
   2.3813694e-05   5.9996753e-01   4.0002836e-01
   7.3018133e-01   1.8430317e-01   1.5262487e-01
   9.4225894e-01   1.2973087e-01   1.8780732e-07
   6.7544791e-01   2.4520003e-01   1.0006968e-01
   2.3730205e-05   9.6665656e-01   3.3348029e-02
   2.3908960e-05   3.1828746e-01   6.8171969e-01
   2.4350942e-05   3.7920618e-01   6.2084308e-01
   4.3963457e-01   2.5474307e-01   3.1551765e-01
   2.4147777e-05   8.3339200e-01   1.6664286e-01
   2.3757594e-05   3.6440676e-01   6.3559878e-01
   2.3790442e-05   9.0000284e-01   9.9982453e-02
   2.3671672e-05   2.4998653e-01   7.5000923e-01
   2.7804116e-05   7.4084879e-02   9.2613931e-01
   2.3778873e-05   5.7140404e-01   4.2859733e-01
   2.3243828e-05   2.5928417e-01   7.4076262e-01
   2.3899808e-05   7.2798212e-01   2.7202182e-01
   2.3747242e-05   9.5837660e-01   4.1622927e-02
   2.3473141e-05   8.6965152e-02   9.1306141e-01
   4.3787723e-01   1.7756074e-01   3.9532688e-01
   2.4035419e-05   8.2135696e-01   1.7864396e-01
   2.3764506e-05   3.3334746e-01   6.6664675e-01
   2.3986968e-05   4.7980077e-01   5.2019798e-01
   6.6143218e-01   3.1700344e-01   2.3437966e-02
   2.3191982e-05   5.0005633e-01   4.9998389e-01
   2.3460190e-05   4.4847421e-01   5.5158041e-01
   2.4229679e-05   6.6593017e-02   9.3343845e-01
   2.3934757e-05   8.0002688e-01   1.9998861e-01
   2.3795976e-05   6.8183793e-01   3.1815432e-01
   2.3790777e-05   8.5713917e-01   1.4284653e-01
   2.5553523e-05   1.1107873e-01   8.8898850e-01
   2.4014227e-05   6.5384224e-01   3.4615657e-01
   2.3998242e-05   9.2311011e-01   7.6897933e-02
   6.7379286e-01   1.4710945e-01   1.9511871e-01
   2.3877026e-05   7.5005078e-01   2.5001648e-01
   2.3967973e-05   6.2995288e-01   3.7004448e-01
   2.4292553e-05   4.0907804e-01   5.9092366e-01
   2.4287229e-05   6.6672638e-01   3.3329781e-01
   6.6251708e-01   7.8896062e-02   2.6209841e-01
   2.3765349e-05   2.7264211e-01   7.2735159e-01
   6.9049627e-01   2.5082328e-05   3.5749434e-01
   2.3789949e-05   5.6517093e-01   4.3482244e-01
   2.3725864e-05   4.9905270e-02   9.5009040e-01
   2.3798725e-05   9.5004831e-01   4.9963691e-02
   2.3639491e-05   2.1423145e-01   7.8579762e-01
   2.3725495e-05   3.0458126e-01   6.9541297e-01
   2.3734298e-05   2.2745568e-01   7.7260723e-01
   2.4323589e-05   9.3343675e-01   6.6611021e-02
   2.4038204e-05   3.4613108e-01   6.5387322e-01
   2.3754659e-05   3.5751707e-01   6.4247592e-01
   1.0052696e+00   6.5136105e-07   1.9570057e-05
   2.3924151e-05   8.4617651e-01   1.5382091e-01
   2.3956832e-05   3.3391289e-02   9.6659970e-01
   2.3615970e-05   4.3469613e-01   5.6534452e-01
   2.3934332e-05   5.1983896e-01   4.8016836e-01
   2.3901382e-05   7.8578429e-01   2.1430556e-01
   2.3999760e-05   3.9713511e-02   9.6027786e-01
   2.3810993e-05   4.2826798e-01   5.7171733e-01
   2.3752809e-05   8.7500365e-01   1.2499196e-01
   4.2934503e-01   1.2662360e-01   4.5782739e-01
   6.6812972e-01   6.0136016e-02   2.8344852e-01
   4.3783054e-01   2.0983828e-01   3.5744173e-01
   2.4037501e-05   2.9624777e-01   7.0375298e-01
   2.3669753e-05   9.9992100e-01   7.6468170e-05
   2.3791107e-05   8.8890414e-01   1.1108484e-01
   4.3948673e-01   2.9575740e-01   2.8200802e-01
   6.6526304e-01   2.6639813e-01   7.5932667e-02
   6.6270674e-01   2.7329064e-02   3.1354477e-01
   2.3921642e-05   9.1303682e-01   8.6962525e-02
   2.4136527e-05   4.6155387e-01   5.3848780e-01
   2.3796258e-05   1.7881344e-01   8.2118075e-01
   8.4741456e-01   9.3752629e-13   2.2366471e-01
   4.1907778e-10   2.5932753e-09   1.0000061e+00
   4.3357943e-01   3.4326024e-01   2.4199755e-01
   2.4281842e-05   4.0002383e-01   6.0002675e-01
   2.3810651e-05   6.4003132e-01   3.5995801e-01
   2.3748012e-05   3.9122942e-01   6.0876430e-01
   2.3160311e-05   2.4005778e-01   7.6026069e-01
   2.2864870e-05   1.9997785e-01   8.0008336e-01
   2.3808308e-05   7.1428588e-01   2.8571668e-01
   6.7368619e-01   1.3545736e-01   2.0673045e-01
   4.3385597e-01   3.8491901e-01   2.0919121e-01
   2.3998742e-05   7.7266281e-01   2.2733991e-01
   2.3771405e-05   7.0373074e-01   2.9630104e-01
