   1.2208338e-01   6.5059567e-01
   3.0791264e-02   8.2452560e-01
   1.6010540e-02   8.7346724e-01
   1.2786683e-01   6.4241528e-01
   1.7987061e-01   5.7588844e-01
   1.8277135e-01   5.7248234e-01
   9.5917939e-02   6.9029379e-01
   6.6320951e-02   7.4247146e-01
   1.9364576e-02   8.6084334e-01
   1.3653122e-01   6.3049868e-01
   1.7118143e-01   5.8625923e-01
   7.5284917e-02   7.2561903e-01
   1.0878921e-02   8.9569793e-01
   3.8728860e-02   8.0320351e-01
   7.6770741e-02   7.2292467e-01
   2.4314721e-02   8.4406822e-01
   1.6250846e-01   5.9687662e-01
   1.6539812e-01   5.9330833e-01
   7.3796947e-02   7.2834406e-01
   5.5850224e-03   9.2526699e-01
   4.4976430e-02   7.8792353e-01
   1.1339159e-01   6.6326333e-01
   1.9731580e-01   5.5579756e-01
   1.9999976e-01   5.5278668e-01
   1.4314626e-02   8.8035625e-01
   2.7568943e-02   8.3396102e-01
   9.0055735e-02   6.9990712e-01
   3.7153621e-02   8.0724725e-01
   1.6828900e-01   5.8976958e-01
   1.3364426e-01   6.3442612e-01
   5.5736249e-02   7.6391474e-01
   1.4230344e-01   6.2276871e-01
   6.3312031e-02   7.4838118e-01
   7.8254253e-02   7.2026038e-01
   1.7693487e-02   8.6698313e-01
   1.8858029e-01   5.6574167e-01
   3.7694921e-03   9.3860381e-01
   6.0291247e-02   7.5445724e-01
   1.0467286e-01   6.7646814e-01
   1.0758270e-01   6.7200198e-01
   1.4518889e-01   6.1896340e-01
   1.1918843e-01   6.5476323e-01
   6.1803134e-02   7.5139764e-01
   1.3075609e-01   6.3839789e-01
   2.5946023e-02   8.3892231e-01
   7.3720380e-03   9.1413943e-01
   1.9148913e-01   5.6240529e-01
   3.2391732e-02   8.2002297e-01
   1.1629114e-01   6.5898513e-01
   1.2604669e-02   8.8772948e-01
   9.1355148e-03   9.0442011e-01
   8.4169154e-02   7.0988079e-01
   5.4210945e-02   7.6716756e-01
   9.8840876e-02   6.8561031e-01
   8.1215662e-02   7.1501638e-01
   5.1149169e-02   7.7383818e-01
   1.7697236e-01   5.7931917e-01
   4.8071514e-02   7.8074783e-01
   6.9318878e-02   7.3671521e-01
   2.9183935e-02   8.2916694e-01
   5.8776307e-02   7.5756175e-01
   1.7407584e-01   5.8277603e-01
   1.9162183e-03   9.5622537e-01
   1.2497598e-01   6.4648058e-01
   4.1862911e-02   7.9539572e-01
   4.6526295e-02   7.8430045e-01
   4.3422107e-02   7.9162028e-01
   6.4817908e-02   7.4540639e-01
   1.1048809e-01   6.6760251e-01
   4.9612379e-02   7.7726164e-01
   2.2674414e-02   8.4941974e-01
   5.7257991e-02   7.6071358e-01
   1.0175906e-01   6.8100304e-01
   3.3985251e-02   8.1564911e-01
   1.5095989e-01   6.1146443e-01
   1.5384597e-01   6.0776796e-01
   6.7821273e-02   7.3957482e-01
   1.8567457e-01   5.6910028e-01
   1.5961987e-01   6.0047544e-01
   9.8861554e-05   9.9005709e-01
   8.7115723e-02   7.0484627e-01
   7.9736064e-02   7.1762425e-01
   1.3941762e-01   6.2661332e-01
   2.1024541e-02   8.5500158e-01
   1.4807441e-01   6.1519562e-01
   1.5673251e-01   6.0410543e-01
   7.0814043e-02   7.3389092e-01
   3.5572532e-02   8.1139318e-01
   5.2682011e-02   7.7047438e-01
   9.2989452e-02   6.9505828e-01
   7.2306694e-02   7.3110096e-01
   1.9440088e-01   5.5909085e-01
   8.2693407e-02   7.1243539e-01
   4.0298572e-02   7.9925496e-01
   6.4588961e-01   2.1822879e-01
   7.8866576e-01   1.3304679e-01
   9.9638330e-01   3.4534994e-02
   1.0378530e+00   1.6668181e-02
   1.0086536e+00   3.3319075e-02
   1.0500704e+00   3.1893647e-05
