   1.4938670e-05   1.6669299e-01   8.3369562e-01
   5.1990788e-05   8.0954945e-01   1.9047396e-01
   5.1294759e-05   5.8339063e-01   4.1663778e-01
   1.0739217e-05   1.3051659e-01   8.6984199e-01
   5.1499012e-05   5.3821607e-01   4.6176914e-01
   5.3610398e-05   7.1440190e-01   2.8572647e-01
   3.7340649e-06   3.3431990e-02   9.6698027e-01
   5.1273925e-05   5.5491734e-01   4.4505820e-01
   5.1694711e-05   7.8579505e-01   2.1418673e-01
   5.2830952e-01   6.9631230e-02   4.5960062e-01
   5.2008332e-05   9.0027897e-01   9.9725475e-02
   5.0248827e-05   8.3343967e-01   1.6666726e-01
   1.0017965e+00   4.9650005e-06   1.5267886e-09
   6.5119638e-05   1.0005306e+00   1.4851319e-05
   5.3391443e-05   6.6674041e-01   3.3339118e-01
   5.1022808e-05   6.2966619e-01   3.7040101e-01
   5.1739821e-05   5.9998663e-01   3.9998061e-01
   5.5849379e-01   1.3902625e-01   3.0738148e-01
   5.7142904e-05   8.6973912e-01   1.3049132e-01
   8.0112194e-06   9.9957360e-02   9.0045328e-01
   9.6319271e-06   8.6653654e-02   9.1351269e-01
   5.1856356e-05   5.0006678e-01   4.9991836e-01
   5.2156261e-05   3.2014245e-01   6.7991257e-01
   4.7378274e-06   4.3456641e-02   9.5699670e-01
   5.2527959e-05   7.5009399e-01   2.4998316e-01
   5.5507766e-01   4.7099104e-01   1.2175747e-02
   5.5673698e-01   4.8450352e-01   6.9341591e-05
   5.1597755e-05   5.6522209e-01   4.3474783e-01
   5.1627960e-05   9.2304419e-01   7.6928969e-02
   1.3819113e-05   1.5385509e-01   8.4651793e-01
   5.1486166e-05   3.5709510e-01   6.4289189e-01
   8.9786209e-01   1.1172015e-01   3.6726278e-02
   5.5847297e-01   3.3995498e-01   1.0637086e-01
   5.1851178e-05   7.4072032e-01   2.5926042e-01
   5.1263506e-05   6.8157484e-01   3.1845510e-01
   5.7757786e-05   3.3338376e-01   6.6677633e-01
   5.1273696e-05   1.7872217e-01   8.2125204e-01
   5.1421584e-05   8.4611566e-01   1.5386380e-01
   5.1312921e-05   4.3331456e-01   5.6667436e-01
   5.1276803e-05   2.4996380e-01   7.5001746e-01
   9.6142663e-06   1.1111429e-01   8.8909300e-01
   9.1103921e-01   7.9586793e-02   7.1293931e-02
   5.1523835e-05   7.0003104e-01   2.9996342e-01
   5.1731327e-05   3.7036458e-01   6.2961821e-01
   3.0888877e-01   1.8662650e-01   5.1973202e-01
   1.3292955e-05   1.4294876e-01   8.5767323e-01
   5.1806777e-05   3.7940651e-01   6.2062331e-01
   5.3582041e-05   7.2749862e-01   2.7265540e-01
   5.2171904e-05   3.0758412e-01   6.9245328e-01
   5.2124218e-05   6.5388829e-01   3.4611991e-01
   5.6158810e-01   2.5701027e-01   1.9010922e-01
   5.6432761e-01   6.0235371e-07   4.5119789e-01
   5.1314682e-05   5.1991346e-01   4.8006895e-01
   5.0384842e-05   4.0001861e-01   6.0008160e-01
   5.1421124e-05   2.0689765e-01   7.9307944e-01
   5.1763098e-05   9.5837811e-01   4.1603324e-02
   5.1552839e-05   2.7578675e-01   7.2420048e-01
   5.1775107e-05   9.1305025e-01   8.6937424e-02
   6.5505738e-06   7.6916003e-02   9.2336508e-01
   5.1773835e-05   6.4290071e-01   3.5716680e-01
   5.6447783e-01   2.4720795e-01   2.0215421e-01
   5.1603472e-05   7.6191703e-01   2.3805694e-01
   5.1507875e-05   7.7274539e-01   2.2727713e-01
   5.7823706e-05   8.8006838e-01   1.1997770e-01
   5.1537020e-05   2.6668055e-01   7.3337057e-01
   5.1609519e-05   9.3335025e-01   6.6648062e-02
   5.5927262e-01   3.1991089e-01   1.2716136e-01
   4.1506792e-05   2.0001664e-01   8.0042565e-01
   5.1852867e-05   3.4513542e-01   6.5485156e-01
   2.9558811e-01   1.3245375e-01   5.8894684e-01
   5.5927252e-01   3.0650398e-02   4.1640774e-01
   3.1341569e-01   3.1833804e-01   3.9445236e-01
   5.3338743e-05   9.6685949e-01   3.3309107e-02
   3.1708396e-01   2.8207600e-01   4.2936469e-01
   5.1620688e-05   6.0867811e-01   3.9131840e-01
   4.0096660e-14   5.9123931e-09   1.0000001e+00
   5.1612819e-05   2.3999480e-01   7.5999236e-01
   5.2404935e-01   1.8780976e-06   5.2407339e-01
   5.0574581e-05   8.0004102e-01   2.0001272e-01
   5.5787598e-01   6.9268486e-02   3.7657448e-01
   5.1538514e-05   8.8893164e-01   1.1108380e-01
   5.6295577e-01   1.0166758e-01   3.4794490e-01
   5.1313289e-05   4.4439695e-01   5.5560058e-01
   5.7789365e-05   8.5738559e-01   1.4269975e-01
   5.1401573e-05   2.9163407e-01   7.0843256e-01
   5.5815607e-01   3.2424340e-01   1.2190453e-01
   6.5353154e-06   6.6666676e-02   9.3360494e-01
   3.1866824e-01   2.2756345e-01   4.8897713e-01
   3.0557155e-01   3.7627136e-01   3.4542451e-01
   5.1621863e-05   6.2066347e-01   3.7931407e-01
   5.2111018e-05   8.2153325e-01   1.7846240e-01
   5.1550577e-05   2.3084763e-01   7.6914038e-01
   5.1519124e-05   4.6150599e-01   5.3850326e-01
   5.6319366e-01   2.8439491e-01   1.6401865e-01
   5.1700634e-05   4.8004970e-01   5.1995088e-01
   5.2113635e-05   6.9230453e-01   3.0768494e-01
   5.5874355e-01   8.1037786e-02   3.6548412e-01
   3.0776020e-01   3.6784431e-01   3.5369377e-01
   5.1690583e-05   4.1674079e-01   5.8324426e-01
   5.6285637e-01   3.8060860e-01   6.9467513e-02
