   5.1200004e-01   4.8799996e-01
   4.3400000e-01   5.6600000e-01
   5.5200020e-01   4.4799980e-01
   5.1800003e-01   4.8199997e-01
   4.7400010e-01   5.2599990e-01
   5.4600009e-01   4.5399991e-01
   4.6200000e-01   5.3800000e-01
   5.6600000e-01   4.3400000e-01
   5.7999995e-01   4.2000005e-01
   5.1399993e-01   4.8600007e-01
   4.7799998e-01   5.2200002e-01
   4.5800006e-01   5.4199994e-01
   4.9600002e-01   5.0399998e-01
   4.8400012e-01   5.1599988e-01
   4.8800000e-01   5.1200000e-01
   5.0999998e-01   4.9000002e-01
   5.7200001e-01   4.2799999e-01
   5.5800002e-01   4.4199998e-01
   5.7000001e-01   4.2999999e-01
   5.2999999e-01   4.7000001e-01
   5.2400003e-01   4.7599997e-01
   5.9199993e-01   4.0800007e-01
   5.5600002e-01   4.4399998e-01
   5.0600008e-01   4.9399992e-01
   5.3799998e-01   4.6200002e-01
   4.6399992e-01   5.3600008e-01
   5.3600000e-01   4.6400000e-01
   4.0000054e-01   5.9999946e-01
   5.4200003e-01   4.5799997e-01
   4.6799990e-01   5.3200010e-01
   4.9400000e-01   5.0600000e-01
   4.4199998e-01   5.5800002e-01
   5.9999956e-01   4.0000044e-01
   4.6000000e-01   5.4000000e-01
   5.4000001e-01   4.5999999e-01
   5.5000007e-01   4.4999993e-01
   4.9799998e-01   5.0200002e-01
   5.7600004e-01   4.2399996e-01
   5.8799997e-01   4.1200003e-01
   4.9000002e-01   5.0999998e-01
   4.0800001e-01   5.9199999e-01
   4.7599998e-01   5.2400002e-01
   5.4799995e-01   4.5200005e-01
   4.6999991e-01   5.3000009e-01
   4.8200001e-01   5.1799999e-01
   4.7200000e-01   5.2800000e-01
   5.0799999e-01   4.9200001e-01
   4.4599998e-01   5.5400002e-01
   4.2400002e-01   5.7599998e-01
   5.2800005e-01   4.7199995e-01
   5.2000004e-01   4.7999996e-01
   5.5999995e-01   4.4000005e-01
   4.3200005e-01   5.6799995e-01
   4.0399994e-01   5.9600006e-01
   4.1999989e-01   5.8000011e-01
   4.6600002e-01   5.3399998e-01
   5.4400001e-01   4.5599999e-01
   4.2799960e-01   5.7200040e-01
   5.8400001e-01   4.1599999e-01
   4.1200022e-01   5.8799978e-01
   4.5599997e-01   5.4400003e-01
   4.5000000e-01   5.5000000e-01
   4.4800004e-01   5.5199996e-01
   5.7400011e-01   4.2599989e-01
   5.3400001e-01   4.6599999e-01
   4.3600004e-01   5.6399996e-01
   5.6799999e-01   4.3200001e-01
   5.3200008e-01   4.6799992e-01
   4.8600010e-01   5.1399990e-01
   4.5200000e-01   5.4800000e-01
   5.0400000e-01   4.9600000e-01
   5.6200000e-01   4.3800000e-01
   4.3799997e-01   5.6200003e-01
   4.9200001e-01   5.0799999e-01
   5.5400004e-01   4.4599996e-01
   5.2200000e-01   4.7800000e-01
   4.2999990e-01   5.7000010e-01
   4.2599982e-01   5.7400018e-01
   4.1600007e-01   5.8399993e-01
   4.4399995e-01   5.5600005e-01
   5.7799996e-01   4.2200004e-01
   5.9600002e-01   4.0399998e-01
   4.5399996e-01   5.4600004e-01
   5.2600000e-01   4.7400000e-01
   5.1600004e-01   4.8399996e-01
   4.7999999e-01   5.2000001e-01
   4.4000001e-01   5.5999999e-01
   5.6399996e-01   4.3600004e-01
   5.0000003e-01   4.9999997e-01
   5.0199998e-01   4.9800002e-01
   1.0545985e+00   6.2468425e-02
   4.2200518e-01   5.7799482e-01
   5.8199978e-01   4.1800022e-01
   1.0806749e+00   4.4570390e-02
   1.0986311e+00   3.0692113e-03
   1.0597500e+00   5.1073676e-02
   1.0902843e+00   1.5427682e-02
   1.0686445e+00   4.9223918e-02
   1.1001126e+00   1.8386357e-05
   1.1029885e-06   1.1801624e+00
