   4.6000003e-01   5.3999997e-01
   4.7000000e-01   5.3000000e-01
   4.9999998e-01   5.0000002e-01
   4.9599999e-01   5.0400001e-01
   4.1200004e-01   5.8799996e-01
   5.5400006e-01   4.4599994e-01
   5.3000000e-01   4.7000000e-01
   5.1800006e-01   4.8199994e-01
   4.7999998e-01   5.2000002e-01
   5.3400003e-01   4.6599997e-01
   4.3400007e-01   5.6599993e-01
   4.4400008e-01   5.5599992e-01
   5.5199999e-01   4.4800001e-01
   5.5600008e-01   4.4399992e-01
   5.2600001e-01   4.7399999e-01
   4.9799999e-01   5.0200001e-01
   5.2400000e-01   4.7600000e-01
   5.7599994e-01   4.2400006e-01
   5.1399996e-01   4.8600004e-01
   5.6400013e-01   4.3599987e-01
   4.2399998e-01   5.7600002e-01
   5.4600002e-01   4.5399998e-01
   4.2799988e-01   5.7200012e-01
   4.4599998e-01   5.5400002e-01
   5.3799998e-01   4.6200002e-01
   4.6400000e-01   5.3600000e-01
   5.3600000e-01   4.6400000e-01
   5.8799986e-01   4.1200014e-01
   5.1600001e-01   4.8399999e-01
   4.4199999e-01   5.5800001e-01
   4.1600001e-01   5.8399999e-01
   5.2799993e-01   4.7200007e-01
   5.7199992e-01   4.2800008e-01
   5.9200003e-01   4.0799997e-01
   5.0200006e-01   4.9799994e-01
   5.4000000e-01   4.6000000e-01
   4.8799995e-01   5.1200005e-01
   4.4799999e-01   5.5200001e-01
   5.4799997e-01   4.5200003e-01
   5.4999998e-01   4.5000002e-01
   5.8399995e-01   4.1600005e-01
   4.8999999e-01   5.1000001e-01
   5.4199998e-01   4.5800002e-01
   5.7000004e-01   4.2999996e-01
   4.7400005e-01   5.2599995e-01
   4.8200006e-01   5.1799994e-01
   4.3000000e-01   5.7000000e-01
   4.7199994e-01   5.2800006e-01
   4.5200001e-01   5.4799999e-01
   4.7800007e-01   5.2199993e-01
   4.8399999e-01   5.1600001e-01
   5.1000000e-01   4.9000000e-01
   4.9200003e-01   5.0799997e-01
   4.3199997e-01   5.6800003e-01
   5.6200003e-01   4.3799997e-01
   5.2000005e-01   4.7999995e-01
   4.4000006e-01   5.5999994e-01
   5.6000000e-01   4.4000000e-01
   4.9400001e-01   5.0599999e-01
   4.5799993e-01   5.4200007e-01
   5.2199999e-01   4.7800001e-01
   5.0399998e-01   4.9600002e-01
   5.9999986e-01   4.0000014e-01
   5.9599996e-01   4.0400004e-01
   4.2000013e-01   5.7999987e-01
   4.6799995e-01   5.3200005e-01
   5.6599976e-01   4.3400024e-01
   4.6599999e-01   5.3400001e-01
   5.3199999e-01   4.6800001e-01
   4.0800042e-01   5.9199958e-01
   4.3799985e-01   5.6200015e-01
   4.7600005e-01   5.2399995e-01
   4.4999997e-01   5.5000003e-01
   4.8600000e-01   5.1400000e-01
   4.5600004e-01   5.4399996e-01
   4.0400000e-01   5.9600000e-01
   4.6200006e-01   5.3799994e-01
   5.1200004e-01   4.8799996e-01
   5.6799997e-01   4.3200003e-01
   4.0000031e-01   5.9999969e-01
   5.8000001e-01   4.1999999e-01
   5.4399999e-01   4.5600001e-01
   5.0599995e-01   4.9400005e-01
   5.5799995e-01   4.4200005e-01
   5.0799999e-01   4.9200001e-01
   4.5400000e-01   5.4600000e-01
   4.3600003e-01   5.6399997e-01
   9.9862247e-01   7.5560748e-02
   3.4766205e-02   1.0006898e+00
   9.7286895e-01   1.0562479e-01
   9.6604778e-01   1.0865827e-01
   7.7464570e-01   2.6279572e-01
   9.9496554e-01   7.7759876e-02
   1.0414198e+00   7.2743617e-02
   1.0499505e+00   9.2656822e-05
   9.8130864e-01   8.7655700e-02
   1.0493168e+00   2.0565622e-03
   2.5839127e-05   1.0054001e+00
   9.9026006e-01   8.3074394e-02
   1.0147093e+00   7.4351284e-02
