   4.6600011e-01   5.3399989e-01
   4.8000000e-01   5.2000000e-01
   5.7600003e-01   4.2399997e-01
   4.4599999e-01   5.5400001e-01
   5.6999994e-01   4.3000006e-01
   5.6400002e-01   4.3599998e-01
   5.6800001e-01   4.3199999e-01
   5.4800003e-01   4.5199997e-01
   5.1599990e-01   4.8400010e-01
   5.2799998e-01   4.7200002e-01
   5.3800004e-01   4.6199996e-01
   5.5999998e-01   4.4000002e-01
   4.4000000e-01   5.6000000e-01
   4.6799993e-01   5.3200007e-01
   5.5000004e-01   4.4999996e-01
   5.7200004e-01   4.2799996e-01
   4.8800001e-01   5.1199999e-01
   5.2400000e-01   4.7600000e-01
   4.3799995e-01   5.6200005e-01
   4.5399995e-01   5.4600005e-01
   4.7399998e-01   5.2600002e-01
   4.9000002e-01   5.0999998e-01
   5.3999993e-01   4.6000007e-01
   4.6000003e-01   5.3999997e-01
   5.3199999e-01   4.6800001e-01
   5.4400009e-01   4.5599991e-01
   4.2599996e-01   5.7400004e-01
   4.8599999e-01   5.1400001e-01
   5.2000007e-01   4.7999993e-01
   4.0800007e-01   5.9199993e-01
   4.8200006e-01   5.1799994e-01
   5.5399999e-01   4.4600001e-01
   4.7799992e-01   5.2200008e-01
   4.5599995e-01   5.4400005e-01
   5.1799999e-01   4.8200001e-01
   4.9600001e-01   5.0399999e-01
   4.1599996e-01   5.8400004e-01
   4.5199991e-01   5.4800009e-01
   4.2999999e-01   5.7000001e-01
   5.3000000e-01   4.7000000e-01
   5.0599999e-01   4.9400001e-01
   4.0400016e-01   5.9599984e-01
   4.2399996e-01   5.7600004e-01
   5.1400006e-01   4.8599994e-01
   4.7599994e-01   5.2400006e-01
   5.0400001e-01   4.9599999e-01
   5.3599995e-01   4.6400005e-01
   4.9799999e-01   5.0200001e-01
   5.7400001e-01   4.2599999e-01
   5.8000013e-01   4.1999987e-01
   5.0200006e-01   4.9799994e-01
   4.5000003e-01   5.4999997e-01
   5.0799997e-01   4.9200003e-01
   5.9999997e-01   4.0000003e-01
   4.2799998e-01   5.7200002e-01
   4.9399994e-01   5.0600006e-01
   5.6599998e-01   4.3400002e-01
   4.2000004e-01   5.7999996e-01
   5.2200001e-01   4.7799999e-01
   4.9199998e-01   5.0800002e-01
   5.0000000e-01   5.0000000e-01
   5.2600001e-01   4.7399999e-01
   5.5599998e-01   4.4400002e-01
   5.6200000e-01   4.3800000e-01
   5.8400015e-01   4.1599985e-01
   5.5200002e-01   4.4799998e-01
   4.6399999e-01   5.3600001e-01
   4.4799995e-01   5.5200005e-01
   5.3399992e-01   4.6600008e-01
   4.3600001e-01   5.6399999e-01
   4.7200003e-01   5.2799997e-01
   4.6199992e-01   5.3800008e-01
   4.4199998e-01   5.5800002e-01
   4.1800000e-01   5.8200000e-01
   4.1200026e-01   5.8799974e-01
   5.1199995e-01   4.8800005e-01
   4.3399999e-01   5.6600001e-01
   4.4400008e-01   5.5599992e-01
   5.9599983e-01   4.0400017e-01
   5.5800003e-01   4.4199997e-01
   5.8200017e-01   4.1799983e-01
   5.4600000e-01   4.5400000e-01
   4.7000000e-01   5.3000000e-01
   5.9199995e-01   4.0800005e-01
   4.5799995e-01   5.4200005e-01
   5.8599982e-01   4.1400018e-01
   5.4199998e-01   4.5800002e-01
   5.1000003e-01   4.8999997e-01
   4.2200011e-01   5.7799989e-01
   4.8400001e-01   5.1599999e-01
   5.8799995e-01   4.1200005e-01
   4.0000011e-01   5.9999989e-01
   4.3199999e-01   5.6800001e-01
   5.7799998e-01   4.2200002e-01
   1.0540980e+00   5.7652138e-02
   1.2884687e-01   9.1420661e-01
   3.0975128e-06   1.2500921e+00
   1.0674560e+00   3.9891110e-02
   1.0778376e+00   3.5750457e-02
   1.0999546e+00   6.9087725e-05
