   5.1199993e-01   4.8800007e-01
   5.7200005e-01   4.2799995e-01
   4.8600000e-01   5.1400000e-01
   5.7600000e-01   4.2400000e-01
   4.6199995e-01   5.3800005e-01
   4.6400000e-01   5.3600000e-01
   4.9999996e-01   5.0000004e-01
   4.8400001e-01   5.1599999e-01
   4.0000009e-01   5.9999991e-01
   4.2000001e-01   5.7999999e-01
   5.0400002e-01   4.9599998e-01
   4.3600002e-01   5.6399998e-01
   5.6800000e-01   4.3200000e-01
   5.2600002e-01   4.7399998e-01
   5.9199993e-01   4.0800007e-01
   5.7399994e-01   4.2600006e-01
   5.4000002e-01   4.5999998e-01
   4.8800006e-01   5.1199994e-01
   5.0999997e-01   4.9000003e-01
   4.6600001e-01   5.3399999e-01
   4.1200006e-01   5.8799994e-01
   5.5399999e-01   4.4600001e-01
   5.5999999e-01   4.4000001e-01
   4.0800002e-01   5.9199998e-01
   5.7799999e-01   4.2200001e-01
   5.4800005e-01   4.5199995e-01
   4.5600000e-01   5.4400000e-01
   4.2200002e-01   5.7799998e-01
   5.3199999e-01   4.6800001e-01
   5.2000003e-01   4.7999997e-01
   5.3599998e-01   4.6400002e-01
   5.5600001e-01   4.4399999e-01
   4.8000004e-01   5.1999996e-01
   5.5000002e-01   4.4999998e-01
   5.1799999e-01   4.8200001e-01
   5.2799999e-01   4.7200001e-01
   5.3000007e-01   4.6999993e-01
   5.4600003e-01   4.5399997e-01
   5.9600001e-01   4.0399999e-01
   4.1600000e-01   5.8400000e-01
   4.1799989e-01   5.8200011e-01
   5.0599993e-01   4.9400007e-01
   5.1400001e-01   4.8599999e-01
   4.0400003e-01   5.9599997e-01
   4.2999999e-01   5.7000001e-01
   4.3400002e-01   5.6599998e-01
   5.0200001e-01   4.9799999e-01
   4.7200001e-01   5.2799999e-01
   4.4000001e-01   5.5999999e-01
   4.2600002e-01   5.7399998e-01
   4.9000000e-01   5.1000000e-01
   4.4400002e-01   5.5599998e-01
   5.8799993e-01   4.1200007e-01
   4.7800004e-01   5.2199996e-01
   5.3800000e-01   4.6200000e-01
   4.2799993e-01   5.7200007e-01
   4.9800000e-01   5.0200000e-01
   5.8000005e-01   4.1999995e-01
   5.1600000e-01   4.8400000e-01
   4.7599995e-01   5.2400005e-01
   4.5199999e-01   5.4800001e-01
   5.4199997e-01   4.5800003e-01
   5.3399996e-01   4.6600004e-01
   5.0800001e-01   4.9199999e-01
   4.9599997e-01   5.0400003e-01
   4.9200002e-01   5.0799998e-01
   4.3800009e-01   5.6199991e-01
   4.8200000e-01   5.1800000e-01
   4.4200015e-01   5.5799985e-01
   5.5799999e-01   4.4200001e-01
   4.6000001e-01   5.3999999e-01
   5.6400000e-01   4.3600000e-01
   5.6600010e-01   4.3399990e-01
   4.9399995e-01   5.0600005e-01
   4.5800003e-01   5.4199997e-01
   5.2199999e-01   4.7800001e-01
   5.8599992e-01   4.1400008e-01
   5.8400002e-01   4.1599998e-01
   4.2400001e-01   5.7599999e-01
   5.5200006e-01   4.4799994e-01
   5.4400005e-01   4.5599995e-01
   4.5400001e-01   5.4599999e-01
   4.6800001e-01   5.3199999e-01
   5.2400002e-01   4.7599998e-01
   4.7399994e-01   5.2600006e-01
   4.4800012e-01   5.5199988e-01
   5.8200040e-01   4.1799960e-01
   4.3199995e-01   5.6800005e-01
   5.9999908e-01   4.0000092e-01
   5.6200007e-01   4.3799993e-01
   4.4600000e-01   5.5400000e-01
   4.1399910e-01   5.8600090e-01
   5.7000006e-01   4.2999994e-01
   4.5000000e-01   5.5000000e-01
   5.8999979e-01   4.1000021e-01
   2.9469265e-05   1.2507682e+00
   4.6999993e-01   5.3000007e-01
   4.1000793e-01   5.8999207e-01
   1.1521343e+00   1.8054400e-06
   8.8240034e-02   9.5699508e-01
