   4.4400004e-01   5.5599996e-01
   5.2800003e-01   4.7199997e-01
   4.5799995e-01   5.4200005e-01
   5.1400002e-01   4.8599998e-01
   4.9800002e-01   5.0199998e-01
   4.8400004e-01   5.1599996e-01
   5.4399995e-01   4.5600005e-01
   5.6399993e-01   4.3600007e-01
   4.9399996e-01   5.0600004e-01
   5.7200004e-01   4.2799996e-01
   4.7799998e-01   5.2200002e-01
   5.4000000e-01   4.6000000e-01
   5.0200000e-01   4.9800000e-01
   5.5999999e-01   4.4000001e-01
   4.3200007e-01   5.6799993e-01
   5.4799998e-01   4.5200002e-01
   5.7599999e-01   4.2400001e-01
   5.4999994e-01   4.5000006e-01
   4.4000001e-01   5.5999999e-01
   5.5400008e-01   4.4599992e-01
   4.9600001e-01   5.0399999e-01
   5.0599999e-01   4.9400001e-01
   5.3800005e-01   4.6199995e-01
   4.9999996e-01   5.0000004e-01
   5.9199991e-01   4.0800009e-01
   4.5200001e-01   5.4799999e-01
   4.2800002e-01   5.7199998e-01
   5.0400002e-01   4.9599998e-01
   4.0400009e-01   5.9599991e-01
   5.1199997e-01   4.8800003e-01
   4.8800000e-01   5.1200000e-01
   5.1800003e-01   4.8199997e-01
   4.2000014e-01   5.7999986e-01
   5.3200009e-01   4.6799991e-01
   5.1600000e-01   4.8400000e-01
   4.9199994e-01   5.0800006e-01
   4.6200002e-01   5.3799998e-01
   4.1200000e-01   5.8800000e-01
   5.2200004e-01   4.7799996e-01
   4.9000000e-01   5.1000000e-01
   4.2400018e-01   5.7599982e-01
   4.4799990e-01   5.5200010e-01
   5.3599995e-01   4.6400005e-01
   5.6200001e-01   4.3799999e-01
   4.6599995e-01   5.3400005e-01
   4.6800001e-01   5.3199999e-01
   5.8799993e-01   4.1200007e-01
   5.0999999e-01   4.9000001e-01
   5.9999988e-01   4.0000012e-01
   4.7199999e-01   5.2800001e-01
   4.5999996e-01   5.4000004e-01
   5.4600001e-01   4.5399999e-01
   4.4199994e-01   5.5800006e-01
   4.8600000e-01   5.1400000e-01
   4.8200003e-01   5.1799997e-01
   5.2000000e-01   4.8000000e-01
   5.3000017e-01   4.6999983e-01
   4.5399996e-01   5.4600004e-01
   4.5000009e-01   5.4999991e-01
   4.4600012e-01   5.5399988e-01
   4.1600004e-01   5.8399996e-01
   4.0800004e-01   5.9199996e-01
   5.2399980e-01   4.7600020e-01
   4.7400001e-01   5.2599999e-01
   5.7999997e-01   4.2000003e-01
   4.3599999e-01   5.6400001e-01
   4.5600000e-01   5.4400000e-01
   5.5200002e-01   4.4799998e-01
   5.2599998e-01   4.7400002e-01
   5.5799999e-01   4.4200001e-01
   5.3400003e-01   4.6599997e-01
   5.4200000e-01   4.5800000e-01
   4.7999998e-01   5.2000002e-01
   4.0000022e-01   5.9999978e-01
   4.6399999e-01   5.3600001e-01
   5.6599994e-01   4.3400006e-01
   4.3400014e-01   5.6599986e-01
   5.8400003e-01   4.1599997e-01
   5.5600000e-01   4.4400000e-01
   4.7599999e-01   5.2400001e-01
   5.6800003e-01   4.3199997e-01
   5.9599991e-01   4.0400009e-01
   5.6999985e-01   4.3000015e-01
   5.0799996e-01   4.9200004e-01
   4.3799993e-01   5.6200007e-01
   4.6999998e-01   5.3000002e-01
   1.0474692e+00   6.4428436e-02
   1.4140931e-01   9.0549379e-01
   1.0659069e+00   4.9080040e-02
   1.8285243e-01   8.5924596e-01
   1.0999595e+00   7.0101913e-05
   1.0869586e+00   1.5333929e-02
   1.0287614e+00   9.0204818e-02
   1.0401755e+00   7.1053421e-02
   1.8936797e-07   1.1014647e+00
   1.0355596e+00   8.0277713e-02
   1.0977450e+00   4.0930227e-03
   1.0574944e+00   5.5200281e-02
   1.0508025e+00   5.7858842e-02
   8.5484098e-03   1.0842158e+00
