   2.9813228e-01   9.5452457e-01
   1.1529729e-01   9.9333103e-01
   2.1718306e-01   9.7613089e-01
   7.0487639e-02   9.9751265e-01
   2.4539293e-01   9.6942370e-01
   2.9514010e-01   9.5545399e-01
   1.6067553e-01   9.8700728e-01
   1.7908983e-01   9.8383273e-01
   1.8711203e-01   9.8233858e-01
   3.0113126e-01   9.5358270e-01
   6.1454610e-02   9.9810988e-01
   2.2488890e-02   9.9974709e-01
   1.7643334e-01   9.8431259e-01
   2.4253561e-01   9.7014250e-01
   3.0413715e-01   9.5262826e-01
   3.0901687e-01   9.5105656e-01
   2.8324210e-01   9.5904844e-01
   1.5549272e-01   9.8783704e-01
   2.7733639e-01   9.6077288e-01
   1.2513460e-01   9.9213977e-01
   2.3968624e-01   9.7085040e-01
   9.9248441e-05   1.0000000e+00
   2.8794532e-02   9.9958535e-01
   1.9250309e-01   9.8129637e-01
   1.3260532e-01   9.9116892e-01
   1.1043152e-01   9.9388374e-01
   2.1440685e-01   9.7674444e-01
   8.8970262e-02   9.9603428e-01
   1.8175536e-01   9.8334378e-01
   7.5056400e-02   9.9717929e-01
   1.8980332e-01   9.8182213e-01
   1.9792795e-01   9.8021657e-01
   2.1163957e-01   9.7734778e-01
   2.0612976e-01   9.7852467e-01
   4.3799096e-02   9.9904036e-01
   2.3118633e-01   9.7290949e-01
   1.6327992e-01   9.8657978e-01
   1.5291464e-01   9.8823940e-01
   4.8161990e-02   9.9883954e-01
   9.8420889e-02   9.9514488e-01
   2.0065331e-01   9.7966231e-01
   8.4297502e-02   9.9644063e-01
   1.6589321e-01   9.8614372e-01
   1.2019839e-01   9.9274989e-01
   1.5807982e-01   9.8742634e-01
   9.3677814e-02   9.9560256e-01
   1.8442947e-01   9.8284575e-01
   9.6045134e-02   9.9537698e-01
   1.1285997e-01   9.9361090e-01
   1.7378532e-01   9.8478356e-01
   1.0560071e-01   9.9440861e-01
   1.4015526e-01   9.9012954e-01
   2.7439456e-01   9.6161719e-01
   1.2266209e-01   9.9244849e-01
   2.8917700e-01   9.5727565e-01
   2.6561373e-01   9.6407953e-01
   1.0080538e-01   9.9490616e-01
   2.5401230e-01   9.6720099e-01
   1.4197292e-02   9.9989921e-01
   1.3010634e-01   9.9150005e-01
   5.6989578e-02   9.9837477e-01
   3.9470206e-02   9.9922075e-01
   2.7146000e-01   9.6244972e-01
   1.0319869e-01   9.9466076e-01
   3.0714974e-01   9.5166120e-01
   1.4523262e-01   9.8939754e-01
   1.3511308e-01   9.9083019e-01
   2.5979762e-01   9.6566309e-01
   2.3684492e-01   9.7154747e-01
   2.0338748e-01   9.7909833e-01
   1.0801178e-01   9.9414961e-01
   2.2275976e-01   9.7487337e-01
   6.5954108e-02   9.9782266e-01
   2.2556029e-01   9.7422921e-01
   2.1996720e-01   9.7550727e-01
   1.5034514e-01   9.8863357e-01
   2.6853319e-01   9.6327043e-01
   2.0888062e-01   9.7794115e-01
   5.2558732e-02   9.9861783e-01
   1.4268953e-01   9.8976750e-01
   1.1774346e-01   9.9304405e-01
   2.8028563e-01   9.5991664e-01
   2.6270191e-01   9.6487704e-01
   2.5690117e-01   9.6643768e-01
   1.7114593e-01   9.8524569e-01
   2.8620603e-01   9.5816810e-01
   2.3401148e-01   9.7223383e-01
   1.3762982e-01   9.9048374e-01
   2.9215501e-01   9.5637098e-01
   1.2761612e-01   9.9182364e-01
   2.4825772e-01   9.6869402e-01
   2.5113134e-01   9.6795302e-01
   7.9659568e-02   9.9682213e-01
   1.9521141e-01   9.8076119e-01
   1.4778445e-01   9.8901959e-01
   2.2836920e-01   9.7357460e-01
   1.6851527e-01   9.8569904e-01
   3.5174864e-02   9.9938117e-01
   1.2001893e+00   5.3508432e-07
   9.5542118e-01   4.0913849e-01
