   2.0612976e-01   9.7852467e-01
   2.5979756e-01   9.6566310e-01
   1.3511314e-01   9.9083018e-01
   1.4015508e-01   9.9012956e-01
   2.8324228e-01   9.5904839e-01
   2.1718310e-01   9.7613088e-01
   1.4268956e-01   9.8976749e-01
   1.7643320e-01   9.8431262e-01
   1.6327993e-01   9.8657978e-01
   2.0888062e-01   9.7794115e-01
   2.7145995e-01   9.6244974e-01
   2.3401130e-01   9.7223388e-01
   1.1043131e-01   9.9388376e-01
   2.3684484e-01   9.7154749e-01
   9.1319858e-02   9.9582161e-01
   1.1285993e-01   9.9361091e-01
   1.8442947e-01   9.8284575e-01
   9.9752953e-05   1.0000000e+00
   1.9521134e-01   9.8076120e-01
   1.1529731e-01   9.9333103e-01
   2.1440726e-01   9.7674435e-01
   1.0560076e-01   9.9440861e-01
   1.3260530e-01   9.9116892e-01
   3.0113119e-01   9.5358272e-01
   1.7114595e-01   9.8524569e-01
   1.2513467e-01   9.9213977e-01
   3.0413713e-01   9.5262826e-01
   1.7908987e-01   9.8383272e-01
   9.8420861e-02   9.9514488e-01
   2.0065358e-01   9.7966226e-01
   1.3762972e-01   9.9048375e-01
   1.5549278e-01   9.8783703e-01
   5.0356174e-02   9.9873132e-01
   8.1974247e-02   9.9663445e-01
   1.4523262e-01   9.8939754e-01
   2.8794475e-02   9.9958535e-01
   1.9250286e-01   9.8129641e-01
   2.6853281e-01   9.6327054e-01
   2.4253554e-01   9.7014252e-01
   1.5034516e-01   9.8863357e-01
   1.8711199e-01   9.8233859e-01
   2.2488982e-02   9.9974709e-01
   3.0901632e-01   9.5105674e-01
   2.5113123e-01   9.6795305e-01
   1.0319880e-01   9.9466075e-01
   2.1996721e-01   9.7550727e-01
   1.2019831e-01   9.9274990e-01
   1.5807981e-01   9.8742634e-01
   8.6629531e-02   9.9624060e-01
   3.5174821e-02   9.9938117e-01
   1.7378521e-01   9.8478358e-01
   7.7353530e-02   9.9700373e-01
   2.4539290e-01   9.6942371e-01
   2.0338756e-01   9.7909831e-01
   4.5976272e-02   9.9894253e-01
   2.7733640e-01   9.6077288e-01
   1.3010633e-01   9.9150005e-01
   1.0801181e-01   9.9414961e-01
   2.8620600e-01   9.5816811e-01
   2.4825820e-01   9.6869390e-01
   5.4769818e-02   9.9849901e-01
   7.2767832e-02   9.9734891e-01
   1.2266213e-01   9.9244849e-01
   1.4778453e-01   9.8901958e-01
   2.2556036e-01   9.7422920e-01
   1.6067560e-01   9.8700727e-01
   2.9514016e-01   9.5545397e-01
   9.3677998e-02   9.9560255e-01
   1.8980329e-01   9.8182214e-01
   1.9792824e-01   9.8021651e-01
   2.8028562e-01   9.5991665e-01
   1.1774345e-01   9.9304405e-01
   4.1630502e-02   9.9913307e-01
   2.6561348e-01   9.6407960e-01
   1.8175522e-01   9.8334381e-01
   8.8970367e-02   9.9603427e-01
   2.2836916e-01   9.7357461e-01
   9.6045099e-02   9.9537698e-01
   6.8216760e-02   9.9767052e-01
   2.3968617e-01   9.7085042e-01
   1.5291456e-01   9.8823941e-01
   1.2761607e-01   9.9182364e-01
   1.0080532e-01   9.9490617e-01
   3.0714972e-01   9.5166120e-01
   1.6851529e-01   9.8569904e-01
   2.5690107e-01   9.6643771e-01
   2.9813234e-01   9.5452455e-01
   1.6589334e-01   9.8614370e-01
   2.1163973e-01   9.7734775e-01
   2.8917693e-01   9.5727567e-01
   2.5401233e-01   9.6720098e-01
   2.3118633e-01   9.7290949e-01
   2.7439460e-01   9.6161718e-01
   6.3700087e-02   9.9796909e-01
   2.6270189e-01   9.6487705e-01
   1.4197048e-02   9.9989922e-01
   5.9217769e-02   9.9824509e-01
   2.2275969e-01   9.7487339e-01
   2.9215510e-01   9.5637095e-01
   1.0527820e+00   5.3233139e-06
