   2.6561367e-01   9.6407955e-01
   8.6629383e-02   9.9624061e-01
   6.5954102e-02   9.9782266e-01
   1.5549284e-01   9.8783702e-01
   2.1718315e-01   9.7613087e-01
   2.5979753e-01   9.6566311e-01
   2.7145998e-01   9.6244973e-01
   1.9521133e-01   9.8076120e-01
   2.4825824e-01   9.6869389e-01
   1.1285986e-01   9.9361092e-01
   2.0888062e-01   9.7794115e-01
   1.8175545e-01   9.8334376e-01
   1.0560088e-01   9.9440860e-01
   4.8161999e-02   9.9883954e-01
   2.6853291e-01   9.6327051e-01
   2.5401238e-01   9.6720097e-01
   1.6328006e-01   9.8657976e-01
   2.4582692e-02   9.9969780e-01
   1.1043151e-01   9.9388374e-01
   9.9854628e-05   1.0000000e+00
   1.2266212e-01   9.9244849e-01
   1.6851519e-01   9.8569906e-01
   1.6257856e-02   9.9986783e-01
   9.6045117e-02   9.9537698e-01
   3.7318253e-02   9.9930343e-01
   2.8028560e-01   9.5991665e-01
   4.3798881e-02   9.9904037e-01
   9.8420899e-02   9.9514488e-01
   2.5113135e-01   9.6795302e-01
   8.8970370e-02   9.9603427e-01
   2.6270186e-01   9.6487705e-01
   2.9514018e-01   9.5545396e-01
   1.5807973e-01   9.8742635e-01
   6.1454722e-02   9.9810987e-01
   3.0413723e-01   9.5262823e-01
   1.0319843e-01   9.9466079e-01
   1.9792821e-01   9.8021652e-01
   3.0901677e-01   9.5105659e-01
   1.4268954e-01   9.8976750e-01
   2.2556037e-01   9.7422919e-01
   3.0714988e-01   9.5166115e-01
   1.5034514e-01   9.8863357e-01
   7.9659613e-02   9.9682212e-01
   1.3010627e-01   9.9150005e-01
   3.0912952e-02   9.9952208e-01
   1.2019820e-01   9.9274991e-01
   2.0338754e-01   9.7909831e-01
   9.3677932e-02   9.9560255e-01
   2.8620600e-01   9.5816811e-01
   1.7643325e-01   9.8431261e-01
   2.0065370e-01   9.7966223e-01
   2.1996730e-01   9.7550725e-01
   1.4778428e-01   9.8901962e-01
   1.2761602e-01   9.9182365e-01
   9.1319223e-02   9.9582167e-01
   2.4539297e-01   9.6942369e-01
   5.6989610e-02   9.9837477e-01
   7.5056409e-02   9.9717929e-01
   2.7439461e-01   9.6161718e-01
   1.8711209e-01   9.8233857e-01
   2.8917690e-01   9.5727568e-01
   1.7909009e-01   9.8383268e-01
   2.3118620e-01   9.7290952e-01
   2.3401156e-01   9.7223381e-01
   1.0080544e-01   9.9490616e-01
   8.4297472e-02   9.9644063e-01
   1.1774345e-01   9.9304405e-01
   2.0612974e-01   9.7852467e-01
   1.3762984e-01   9.9048373e-01
   1.9250292e-01   9.8129640e-01
   2.9813231e-01   9.5452455e-01
   2.3684489e-01   9.7154748e-01
   2.7733644e-01   9.6077287e-01
   1.2513467e-01   9.9213977e-01
   2.8324226e-01   9.5904840e-01
   2.2836907e-01   9.7357463e-01
   1.4523252e-01   9.8939755e-01
   1.6067551e-01   9.8700728e-01
   1.0801167e-01   9.9414963e-01
   1.5291451e-01   9.8823942e-01
   1.7114577e-01   9.8524572e-01
   7.0488029e-02   9.9751263e-01
   3.0113119e-01   9.5358272e-01
   1.6589294e-01   9.8614377e-01
   1.4015529e-01   9.9012953e-01
   1.8442939e-01   9.8284577e-01
   2.3968618e-01   9.7085042e-01
   1.8980331e-01   9.8182213e-01
   2.5690109e-01   9.6643770e-01
   2.1440729e-01   9.7674434e-01
   5.2558611e-02   9.9861784e-01
   2.2275963e-01   9.7487340e-01
   2.4253556e-01   9.7014252e-01
   1.3260508e-01   9.9116895e-01
   2.9215499e-01   9.5637099e-01
   1.7378528e-01   9.8478357e-01
   1.1529725e-01   9.9333103e-01
   2.1163949e-01   9.7734780e-01
   1.3511317e-01   9.9083017e-01
   1.1031705e+00   4.8815793e-05
