   1.4197259e-02   9.9989921e-01
   2.5690055e-01   9.6643784e-01
   2.3118634e-01   9.7290949e-01
   1.6067531e-01   9.8700732e-01
   2.3684489e-01   9.7154748e-01
   1.5549281e-01   9.8783702e-01
   1.7114586e-01   9.8524570e-01
   1.0560080e-01   9.9440860e-01
   1.4015517e-01   9.9012955e-01
   2.3401157e-01   9.7223381e-01
   2.2487984e-02   9.9974711e-01
   1.2513424e-01   9.9213982e-01
   2.2836931e-01   9.7357458e-01
   2.0338750e-01   9.7909832e-01
   2.7145976e-01   9.6244979e-01
   3.0714988e-01   9.5166115e-01
   1.2019839e-01   9.9274989e-01
   2.8028529e-01   9.5991674e-01
   5.0356047e-02   9.9873133e-01
   2.4539281e-01   9.6942373e-01
   1.0801181e-01   9.9414961e-01
   1.7378522e-01   9.8478358e-01
   1.8442946e-01   9.8284575e-01
   1.6851518e-01   9.8569906e-01
   1.1043149e-01   9.9388374e-01
   1.7643335e-01   9.8431259e-01
   8.8970326e-02   9.9603428e-01
   5.9217874e-02   9.9824508e-01
   1.1529731e-01   9.9333103e-01
   1.6327997e-01   9.8657977e-01
   8.1974248e-02   9.9663445e-01
   2.9215500e-01   9.5637098e-01
   1.9792814e-01   9.8021653e-01
   1.0319867e-01   9.9466076e-01
   9.1319778e-02   9.9582162e-01
   2.5401237e-01   9.6720097e-01
   6.8216668e-02   9.9767053e-01
   1.1774347e-01   9.9304405e-01
   1.7909011e-01   9.8383268e-01
   1.4523263e-01   9.8939754e-01
   2.6561374e-01   9.6407953e-01
   1.8980330e-01   9.8182214e-01
   1.3511320e-01   9.9083017e-01
   2.1996717e-01   9.7550727e-01
   5.4769846e-02   9.9849901e-01
   2.3968596e-01   9.7085047e-01
   7.2767912e-02   9.9734890e-01
   1.2266214e-01   9.9244849e-01
   1.5291450e-01   9.8823942e-01
   1.1285996e-01   9.9361090e-01
   2.1163970e-01   9.7734776e-01
   1.8175547e-01   9.8334376e-01
   2.9813228e-01   9.5452457e-01
   1.9250287e-01   9.8129641e-01
   7.7353662e-02   9.9700372e-01
   2.9514017e-01   9.5545396e-01
   1.3260527e-01   9.9116893e-01
   2.2275964e-01   9.7487340e-01
   2.0888062e-01   9.7794115e-01
   1.5034516e-01   9.8863357e-01
   2.1440725e-01   9.7674435e-01
   2.5113138e-01   9.6795301e-01
   1.9521145e-01   9.8076118e-01
   2.4825810e-01   9.6869392e-01
   1.5807986e-01   9.8742633e-01
   2.6853299e-01   9.6327049e-01
   1.8711202e-01   9.8233858e-01
   2.8917686e-01   9.5727569e-01
   2.8620602e-01   9.5816810e-01
   2.1718312e-01   9.7613088e-01
   3.7318077e-02   9.9930344e-01
   2.7439452e-01   9.6161720e-01
   1.0080543e-01   9.9490616e-01
   9.8420920e-02   9.9514488e-01
   1.4268948e-01   9.8976750e-01
   1.4778445e-01   9.8901959e-01
   1.6589320e-01   9.8614372e-01
   4.5976402e-02   9.9894253e-01
   9.6045083e-02   9.9537698e-01
   8.6629575e-02   9.9624059e-01
   9.3677888e-02   9.9560256e-01
   2.2556037e-01   9.7422919e-01
   2.0612981e-01   9.7852466e-01
   6.3700143e-02   9.9796908e-01
   3.0413726e-01   9.5262822e-01
   2.6270185e-01   9.6487706e-01
   3.0912932e-02   9.9952208e-01
   2.7733629e-01   9.6077291e-01
   2.5979760e-01   9.6566309e-01
   3.0113120e-01   9.5358272e-01
   2.0065365e-01   9.7966224e-01
   2.8324198e-01   9.5904848e-01
   9.9493887e-05   1.0000000e+00
   1.3010633e-01   9.9150005e-01
   1.2761604e-01   9.9182365e-01
   2.4253560e-01   9.7014251e-01
   3.0901671e-01   9.5105661e-01
   4.1630226e-02   9.9913309e-01
   1.3762983e-01   9.9048374e-01
   1.1041978e+00   7.5981773e-05
