   1.6067560e-01   9.8700727e-01
   1.0319879e-01   9.9466075e-01
   1.7378534e-01   9.8478356e-01
   2.0888061e-01   9.7794115e-01
   2.1996726e-01   9.7550725e-01
   1.1529730e-01   9.9333103e-01
   2.4253555e-01   9.7014252e-01
   4.3799093e-02   9.9904036e-01
   2.3401126e-01   9.7223389e-01
   3.5174843e-02   9.9938117e-01
   3.0901682e-01   9.5105657e-01
   1.4015526e-01   9.9012954e-01
   2.1440727e-01   9.7674435e-01
   2.8917683e-01   9.5727570e-01
   2.9514017e-01   9.5545396e-01
   9.8420876e-02   9.9514488e-01
   2.7146015e-01   9.6244968e-01
   2.6270163e-01   9.6487712e-01
   1.1285994e-01   9.9361091e-01
   2.8324218e-01   9.5904842e-01
   7.9659416e-02   9.9682214e-01
   1.5549285e-01   9.8783702e-01
   2.5401236e-01   9.6720097e-01
   1.6589327e-01   9.8614371e-01
   1.0801171e-01   9.9414962e-01
   9.3678096e-02   9.9560254e-01
   2.9813198e-01   9.5452466e-01
   2.2275974e-01   9.7487338e-01
   2.5979768e-01   9.6566307e-01
   2.2556028e-01   9.7422921e-01
   1.1043149e-01   9.9388374e-01
   1.6851527e-01   9.8569904e-01
   5.2558516e-02   9.9861785e-01
   1.3010624e-01   9.9150006e-01
   2.0612976e-01   9.7852467e-01
   8.8970344e-02   9.9603428e-01
   1.4196997e-02   9.9989922e-01
   8.4297574e-02   9.9644062e-01
   1.1774334e-01   9.9304406e-01
   1.3511302e-01   9.9083019e-01
   9.6045007e-02   9.9537699e-01
   2.5690074e-01   9.6643779e-01
   1.8980330e-01   9.8182214e-01
   2.4539294e-01   9.6942370e-01
   1.9521131e-01   9.8076121e-01
   4.8162053e-02   9.9883953e-01
   3.0113127e-01   9.5358270e-01
   6.1454480e-02   9.9810989e-01
   1.3762981e-01   9.9048374e-01
   1.2761611e-01   9.9182364e-01
   2.6853315e-01   9.6327044e-01
   2.3684481e-01   9.7154750e-01
   2.7439456e-01   9.6161719e-01
   1.4268936e-01   9.8976752e-01
   2.8793981e-02   9.9958537e-01
   1.7909007e-01   9.8383268e-01
   2.1718313e-01   9.7613088e-01
   2.2489104e-02   9.9974709e-01
   1.2019841e-01   9.9274989e-01
   7.0487936e-02   9.9751263e-01
   2.7733641e-01   9.6077287e-01
   1.2266216e-01   9.9244848e-01
   1.7114596e-01   9.8524568e-01
   1.8175545e-01   9.8334376e-01
   9.9926646e-05   1.0000000e+00
   5.6989667e-02   9.9837477e-01
   1.8711201e-01   9.8233858e-01
   1.5034518e-01   9.8863357e-01
   1.6328006e-01   9.8657976e-01
   2.9215506e-01   9.5637096e-01
   1.5807967e-01   9.8742636e-01
   1.5291463e-01   9.8823940e-01
   2.1163960e-01   9.7734778e-01
   1.0560085e-01   9.9440860e-01
   2.0338757e-01   9.7909831e-01
   3.0413699e-01   9.5262831e-01
   2.4825826e-01   9.6869388e-01
   2.0065334e-01   9.7966231e-01
   2.6561372e-01   9.6407954e-01
   1.8442937e-01   9.8284577e-01
   1.2513472e-01   9.9213976e-01
   3.0714976e-01   9.5166119e-01
   1.4778449e-01   9.8901959e-01
   2.5113113e-01   9.6795308e-01
   2.3968622e-01   9.7085041e-01
   9.1319858e-02   9.9582161e-01
   7.5056423e-02   9.9717929e-01
   1.9250298e-01   9.8129639e-01
   1.9792827e-01   9.8021651e-01
   6.5954097e-02   9.9782266e-01
   1.4523253e-01   9.8939755e-01
   1.7643334e-01   9.8431259e-01
   1.3260536e-01   9.9116892e-01
   2.2836930e-01   9.7357458e-01
   3.9470152e-02   9.9922075e-01
   1.0080537e-01   9.9490617e-01
   2.8028564e-01   9.5991664e-01
   2.3118633e-01   9.7290949e-01
   2.8620603e-01   9.5816810e-01
   1.1000280e+00   1.5878585e-09
