   2.0338753e-01   9.7909832e-01
   1.0080544e-01   9.9490616e-01
   1.4778450e-01   9.8901959e-01
   2.8620558e-01   9.5816823e-01
   1.4523263e-01   9.8939754e-01
   4.8161572e-02   9.9883956e-01
   1.5291416e-01   9.8823947e-01
   2.9813229e-01   9.5452456e-01
   2.5113129e-01   9.6795303e-01
   9.3678118e-02   9.9560254e-01
   2.7733639e-01   9.6077288e-01
   9.8420798e-02   9.9514489e-01
   2.6853311e-01   9.6327045e-01
   1.2019834e-01   9.9274990e-01
   2.7146005e-01   9.6244971e-01
   1.8175547e-01   9.8334376e-01
   7.0488034e-02   9.9751263e-01
   9.6045145e-02   9.9537698e-01
   2.4582590e-02   9.9969780e-01
   1.4015508e-01   9.9012956e-01
   1.7643323e-01   9.8431261e-01
   2.8028573e-01   9.5991662e-01
   2.9215508e-01   9.5637096e-01
   1.2761600e-01   9.9182365e-01
   2.0888063e-01   9.7794114e-01
   2.8324227e-01   9.5904839e-01
   2.2275975e-01   9.7487337e-01
   3.0413719e-01   9.5262824e-01
   2.8917657e-01   9.5727578e-01
   2.5979726e-01   9.6566318e-01
   1.7114585e-01   9.8524570e-01
   2.4539296e-01   9.6942369e-01
   2.6561374e-01   9.6407953e-01
   1.9250303e-01   9.8129638e-01
   1.0560083e-01   9.9440860e-01
   1.3511307e-01   9.9083019e-01
   8.4297552e-02   9.9644063e-01
   1.7909006e-01   9.8383268e-01
   1.4268949e-01   9.8976750e-01
   1.1774342e-01   9.9304405e-01
   1.6851528e-01   9.8569904e-01
   7.9659651e-02   9.9682212e-01
   3.0901686e-01   9.5105656e-01
   1.7378515e-01   9.8478359e-01
   1.3010630e-01   9.9150005e-01
   1.5807975e-01   9.8742635e-01
   2.2836929e-01   9.7357458e-01
   2.9514009e-01   9.5545399e-01
   1.9521142e-01   9.8076118e-01
   2.4253553e-01   9.7014252e-01
   2.1440713e-01   9.7674438e-01
   2.5690110e-01   9.6643770e-01
   2.5401234e-01   9.6720098e-01
   1.2266202e-01   9.9244850e-01
   2.2556044e-01   9.7422918e-01
   1.5034494e-01   9.8863360e-01
   2.0612983e-01   9.7852465e-01
   1.2513465e-01   9.9213977e-01
   1.3762978e-01   9.9048374e-01
   1.9792833e-01   9.8021650e-01
   2.6270188e-01   9.6487705e-01
   1.1529727e-01   9.9333103e-01
   4.3799207e-02   9.9904035e-01
   9.9791070e-05   1.0000000e+00
   1.3260534e-01   9.9116892e-01
   1.1043144e-01   9.9388374e-01
   1.1285980e-01   9.9361092e-01
   1.8442941e-01   9.8284576e-01
   1.6257976e-02   9.9986783e-01
   2.4825809e-01   9.6869393e-01
   1.0801152e-01   9.9414964e-01
   1.6067547e-01   9.8700729e-01
   2.3684489e-01   9.7154748e-01
   5.2558250e-02   9.9861786e-01
   8.8970307e-02   9.9603428e-01
   6.1454707e-02   9.9810987e-01
   1.6589325e-01   9.8614372e-01
   8.6629472e-02   9.9624060e-01
   1.8980327e-01   9.8182214e-01
   1.5549276e-01   9.8783703e-01
   1.6328008e-01   9.8657976e-01
   3.0113130e-01   9.5358269e-01
   5.6989466e-02   9.9837478e-01
   9.1319796e-02   9.9582162e-01
   2.3968623e-01   9.7085041e-01
   3.0714986e-01   9.5166116e-01
   2.3401151e-01   9.7223383e-01
   3.7318192e-02   9.9930343e-01
   1.0319871e-01   9.9466076e-01
   2.1163978e-01   9.7734774e-01
   3.0913024e-02   9.9952208e-01
   7.5056372e-02   9.9717929e-01
   1.8711203e-01   9.8233858e-01
   2.0065349e-01   9.7966228e-01
   6.5953864e-02   9.9782267e-01
   2.1718310e-01   9.7613088e-01
   2.3118606e-01   9.7290956e-01
   2.1996725e-01   9.7550726e-01
   2.7439451e-01   9.6161721e-01
   1.0518359e+00   1.3504796e-05
