   1.6851524e-01   9.8569905e-01
   1.0560090e-01   9.9440859e-01
   1.3260512e-01   9.9116895e-01
   1.0319872e-01   9.9466076e-01
   1.8980331e-01   9.8182213e-01
   1.6589331e-01   9.8614371e-01
   2.2836928e-01   9.7357458e-01
   1.2019838e-01   9.9274989e-01
   2.3968623e-01   9.7085041e-01
   1.9250290e-01   9.8129640e-01
   5.2558833e-02   9.9861783e-01
   1.3010628e-01   9.9150005e-01
   2.9215487e-01   9.5637102e-01
   2.4825816e-01   9.6869391e-01
   1.5034508e-01   9.8863358e-01
   2.0338749e-01   9.7909832e-01
   2.9513959e-01   9.5545415e-01
   2.1163966e-01   9.7734777e-01
   1.5549276e-01   9.8783703e-01
   1.4778435e-01   9.8901961e-01
   2.6853305e-01   9.6327047e-01
   2.0888053e-01   9.7794117e-01
   9.9630999e-05   1.0000000e+00
   2.7439438e-01   9.6161724e-01
   2.8917698e-01   9.5727565e-01
   2.7733641e-01   9.6077288e-01
   1.2266216e-01   9.9244849e-01
   1.8711205e-01   9.8233858e-01
   2.1718296e-01   9.7613091e-01
   1.6257812e-02   9.9986783e-01
   2.6561373e-01   9.6407953e-01
   6.5954006e-02   9.9782266e-01
   1.6328010e-01   9.8657975e-01
   2.4253554e-01   9.7014252e-01
   2.5690103e-01   9.6643772e-01
   8.6629616e-02   9.9624059e-01
   2.8324225e-01   9.5904840e-01
   3.0901681e-01   9.5105657e-01
   3.7318264e-02   9.9930343e-01
   9.6045090e-02   9.9537698e-01
   1.4523266e-01   9.8939753e-01
   2.2275975e-01   9.7487337e-01
   2.5113136e-01   9.6795302e-01
   3.0912838e-02   9.9952208e-01
   1.7378532e-01   9.8478356e-01
   8.4297423e-02   9.9644064e-01
   2.4539296e-01   9.6942369e-01
   1.1043147e-01   9.9388374e-01
   9.1319841e-02   9.9582161e-01
   1.1285999e-01   9.9361090e-01
   2.1996716e-01   9.7550728e-01
   1.2761601e-01   9.9182365e-01
   3.0714973e-01   9.5166120e-01
   1.0801180e-01   9.9414961e-01
   1.2513453e-01   9.9213978e-01
   3.0113114e-01   9.5358274e-01
   1.4268958e-01   9.8976749e-01
   2.6270186e-01   9.6487706e-01
   1.5291462e-01   9.8823940e-01
   1.9521126e-01   9.8076122e-01
   1.5807963e-01   9.8742637e-01
   2.2556044e-01   9.7422918e-01
   1.3511316e-01   9.9083017e-01
   2.5979767e-01   9.6566307e-01
   2.3684481e-01   9.7154750e-01
   4.8161987e-02   9.9883954e-01
   2.3401160e-01   9.7223380e-01
   1.6067551e-01   9.8700729e-01
   9.8420802e-02   9.9514489e-01
   3.0413720e-01   9.5262824e-01
   8.8970212e-02   9.9603429e-01
   4.3799184e-02   9.9904036e-01
   2.9813207e-01   9.5452463e-01
   2.4582048e-02   9.9969782e-01
   1.4015522e-01   9.9012954e-01
   1.1774344e-01   9.9304405e-01
   7.5055976e-02   9.9717932e-01
   9.3677868e-02   9.9560256e-01
   1.7909010e-01   9.8383268e-01
   2.0065370e-01   9.7966223e-01
   2.8028566e-01   9.5991664e-01
   1.3762941e-01   9.9048379e-01
   5.6989663e-02   9.9837477e-01
   1.7114581e-01   9.8524571e-01
   7.0487948e-02   9.9751263e-01
   1.8175539e-01   9.8334377e-01
   2.3118626e-01   9.7290951e-01
   6.1454301e-02   9.9810990e-01
   2.8620602e-01   9.5816810e-01
   1.8442941e-01   9.8284576e-01
   2.0612985e-01   9.7852465e-01
   2.7146016e-01   9.6244968e-01
   7.9659182e-02   9.9682216e-01
   1.7643324e-01   9.8431261e-01
   1.1529735e-01   9.9333102e-01
   2.5401235e-01   9.6720098e-01
   2.1440725e-01   9.7674435e-01
   1.0080533e-01   9.9490617e-01
   1.9792830e-01   9.8021650e-01
   1.0000147e+00   6.3337897e-12
