   5.8620738e-01   2.7586175e-01   1.3793087e-01
   1.3332393e-01   8.6657608e-01   9.9992940e-05
   9.9976435e-05   9.9980004e-01   9.9980002e-05
   9.9977608e-05   6.6656669e-01   3.3333333e-01
   3.9999951e-01   2.6666716e-01   3.3333333e-01
   1.3334077e-01   7.9998884e-01   6.6670385e-02
   3.1372520e-01   3.5294147e-01   3.3333333e-01
   3.4482159e-01   4.1380331e-01   2.4137511e-01
   7.9991971e-01   9.9988833e-05   1.9998030e-01
   1.3333553e-01   5.3333113e-01   3.3333333e-01
   5.3333333e-01   1.3333333e-01   3.3333333e-01
   6.5517449e-01   2.4137785e-01   1.0344765e-01
   4.3137135e-01   2.3529531e-01   3.3333333e-01
   3.5294324e-01   3.1372342e-01   3.3333333e-01
   3.4482761e-01   5.1724136e-01   1.3793103e-01
   1.0343753e-01   7.2416657e-01   1.7239589e-01
   3.3332846e-02   6.3333382e-01   3.3333333e-01
   4.6423954e-01   5.3566002e-01   1.0043493e-04
   5.1724133e-01   3.7931041e-01   1.0344826e-01
   3.3333318e-01   3.3333349e-01   3.3333333e-01
   6.5517387e-01   6.8963449e-02   2.7586268e-01
   6.6656672e-01   9.9943916e-05   3.3333333e-01
   1.0343176e-04   7.9302142e-01   2.0687515e-01
   5.9999933e-01   6.6667340e-02   3.3333333e-01
   4.8275887e-01   4.4827565e-01   6.8965484e-02
   6.6671704e-02   5.9999496e-01   3.3333333e-01
   1.6666743e-01   4.9999923e-01   3.3333333e-01
   9.9934288e-05   8.6657998e-01   1.3332008e-01
   6.8972751e-01   1.0342396e-01   2.0684852e-01
   7.6649109e-01   1.3343365e-01   1.0007525e-01
   7.6658964e-01   2.3331037e-01   9.9990158e-05
   9.3324049e-01   6.6659523e-02   9.9990052e-05
   6.2069123e-01   1.7241308e-01   2.0689569e-01
   4.9999941e-01   1.6666725e-01   3.3333333e-01
   4.1379365e-01   3.1034454e-01   2.7586181e-01
   2.1052565e-01   4.5614102e-01   3.3333333e-01
   5.7137150e-01   4.2852767e-01   1.0083009e-04
   3.7037062e-01   2.9629605e-01   3.3333333e-01
   3.7931051e-01   4.4827574e-01   1.7241375e-01
   6.8968880e-01   1.7239511e-01   1.3791609e-01
   3.1034715e-01   4.8275700e-01   2.0689586e-01
   7.5863622e-01   6.8961074e-02   1.7240271e-01
   2.4137849e-01   6.2069095e-01   1.3793056e-01
   4.1379039e-01   3.7931442e-01   2.0689519e-01
   4.1379364e-01   4.8275818e-01   1.0344818e-01
   6.3333436e-01   3.3332308e-02   3.3333333e-01
   1.7241333e-01   5.5172535e-01   2.7586132e-01
   1.0344828e-01   6.2068966e-01   2.7586207e-01
   5.1726045e-01   2.0688837e-01   2.7585117e-01
   4.4827629e-01   4.1379278e-01   1.3793093e-01
   9.9980005e-01   9.9969603e-05   9.9980002e-05
   2.7586163e-01   4.4827674e-01   2.7586163e-01
   2.4136021e-01   5.1727954e-01   2.4136025e-01
   2.6666669e-01   3.9999998e-01   3.3333333e-01
   8.6657993e-01   9.9988134e-05   1.3332008e-01
   4.6666963e-01   1.9999703e-01   3.3333333e-01
   3.1034034e-01   5.8621288e-01   1.0344678e-01
   6.6666377e-02   8.6666694e-01   6.6666687e-02
   3.1031103e-01   6.8958553e-01   1.0343701e-04
   2.3338507e-01   7.3327420e-01   3.3340724e-02
   5.6664401e-01   1.0002266e-01   3.3333333e-01
   3.0555136e-01   3.8194693e-01   3.1250171e-01
   5.6642809e-01   3.3351685e-01   1.0005506e-01
   5.1724066e-01   3.1034579e-01   1.7241355e-01
   2.7586242e-01   5.5172387e-01   1.7241371e-01
   8.6665738e-01   1.0000702e-01   3.3335607e-02
   1.0342820e-04   7.2406303e-01   2.7583354e-01
   4.8275922e-01   2.7586173e-01   2.4137905e-01
   7.3333074e-01   2.0000195e-01   6.6667306e-02
   3.7927027e-01   6.2062629e-01   1.0343735e-04
   5.5177721e-01   2.4135073e-01   2.0687206e-01
   5.8620642e-01   1.3793119e-01   2.7586239e-01
   2.3529568e-01   4.3137099e-01   3.3333333e-01
   6.9997129e-01   2.6669221e-01   3.3336498e-02
   5.1718683e-01   4.8270973e-01   1.0343737e-04
   9.5238095e-02   5.7142857e-01   3.3333333e-01
   3.7931164e-01   3.4482534e-01   2.7586301e-01
   6.6676883e-02   7.9996931e-01   1.3335380e-01
   2.0687504e-01   7.9302153e-01   1.0343749e-04
   8.3324997e-01   1.6665004e-01   9.9990025e-05
   2.0689494e-01   5.8621012e-01   2.0689494e-01
   6.6659113e-02   9.3324090e-01   9.9990096e-05
   9.9978144e-05   9.3324002e-01   6.6660001e-02
   4.4827570e-01   3.4482782e-01   2.0689648e-01
   3.7930838e-01   5.5172646e-01   6.8965157e-02
   4.5613867e-01   2.2806966e-01   3.1579167e-01
   7.2406305e-01   1.0340959e-04   2.7583354e-01
   1.7239906e-01   6.5520188e-01   1.7239906e-01
   2.7586154e-01   6.5517308e-01   6.8965385e-02
   6.2069251e-01   3.4482881e-01   3.4478680e-02
   6.8957506e-01   3.1032151e-01   1.0343624e-04
   1.7241354e-01   7.2413835e-01   1.0344811e-01
   6.8964409e-02   6.8965603e-01   2.4137956e-01
   2.0231349e-01   4.8555126e-01   3.1213525e-01
   8.3315628e-01   6.6737612e-02   1.0010611e-01
   9.3324004e-01   9.9961516e-05   6.6660003e-02
   2.1016404e-10   3.3146431e-11   1.0709689e+00
   1.5343581e-01   9.2445023e-02   7.8272812e-01
   1.7634481e-01   1.4163430e-01   7.1324372e-01
   1.0324431e-01   3.8994518e-02   8.9449410e-01
