   2.7581816e-01   7.2407841e-01   1.0343181e-04
   5.5172397e-01   4.1379328e-01   3.4482747e-02
   1.0341648e-04   7.2406304e-01   2.7583355e-01
   5.0980397e-01   1.5686270e-01   3.3333333e-01
   4.8275957e-01   2.4137887e-01   2.7586156e-01
   5.7142822e-01   9.5238445e-02   3.3333333e-01
   7.2413888e-01   1.3793056e-01   1.3793056e-01
   5.5555641e-01   1.1111026e-01   3.3333333e-01
   9.9971453e-05   6.6656670e-01   3.3333333e-01
   1.6666760e-01   4.9999907e-01   3.3333333e-01
   6.6666682e-02   5.9999998e-01   3.3333333e-01
   3.3333311e-01   3.3333356e-01   3.3333333e-01
   1.0002680e-01   7.6660417e-01   1.3336904e-01
   4.6666435e-01   2.0000232e-01   3.3333333e-01
   5.3333334e-01   1.3333332e-01   3.3333333e-01
   3.8888662e-01   2.7778004e-01   3.3333333e-01
   5.5173331e-01   2.0689231e-01   2.4137437e-01
   8.6657582e-01   1.3332418e-01   9.9993137e-05
   1.1111119e-01   5.5555548e-01   3.3333333e-01
   3.0769210e-01   3.5897457e-01   3.3333333e-01
   1.9607837e-01   4.7058830e-01   3.3333333e-01
   4.1379285e-01   4.8275894e-01   1.0344821e-01
   4.4827156e-01   5.1724601e-01   3.4482428e-02
   9.5238011e-02   5.7142866e-01   3.3333333e-01
   5.1724612e-01   3.7930662e-01   1.0344726e-01
   5.1724291e-01   2.7586119e-01   2.0689590e-01
   2.7777818e-01   3.8888849e-01   3.3333333e-01
   5.9999464e-01   6.6672026e-02   3.3333333e-01
   9.9987032e-05   9.6657060e-01   3.3329410e-02
   3.3333072e-02   6.3333359e-01   3.3333333e-01
   4.4444501e-01   2.2222166e-01   3.3333333e-01
   6.2075517e-01   2.7581444e-01   1.0343039e-01
   4.8888900e-01   1.7777767e-01   3.3333333e-01
   9.9919977e-05   9.9980010e-01   9.9979996e-05
   6.5543481e-01   1.0336939e-01   2.4119580e-01
   5.8621105e-01   2.4137689e-01   1.7241206e-01
   6.6656668e-01   9.9991452e-05   3.3333333e-01
   7.9993418e-01   1.0003299e-01   1.0003283e-01
   8.6666015e-01   6.6669974e-02   6.6669875e-02
   4.8275629e-01   3.4483075e-01   1.7241296e-01
   9.9966519e-05   8.6657995e-01   1.3332008e-01
   7.6658209e-01   1.6672711e-01   6.6690803e-02
   2.4138443e-01   6.8965052e-01   6.8965052e-02
   9.3324003e-01   9.9939113e-05   6.6660029e-02
   1.0339780e-04   7.9302145e-01   2.0687515e-01
   2.0687328e-01   7.9302328e-01   1.0343664e-04
   9.9996299e-02   8.9990370e-01   9.9996285e-05
   9.9980008e-01   9.9940434e-05   9.9979996e-05
   3.3333173e-02   9.0000015e-01   6.6666674e-02
   3.5897394e-01   3.0769273e-01   3.3333333e-01
   6.6676950e-02   8.3330768e-01   1.0001538e-01
   2.4137348e-01   5.1725303e-01   2.4137349e-01
   7.2414103e-01   2.4137660e-01   3.4482372e-02
   1.7241189e-01   7.2414098e-01   1.0344713e-01
   1.3333303e-01   5.3333364e-01   3.3333333e-01
   3.7931032e-01   4.4827589e-01   1.7241378e-01
   1.0344818e-01   6.2068972e-01   2.7586210e-01
   3.1034460e-01   4.8275899e-01   2.0689640e-01
   5.8621274e-01   1.3792248e-01   2.7586478e-01
   6.8958200e-01   3.1031456e-01   1.0343730e-04
   5.8620992e-01   3.4482506e-01   6.8965013e-02
   1.3793113e-01   6.8965509e-01   1.7241377e-01
   8.6657993e-01   9.9987694e-05   1.3332008e-01
   3.1032853e-01   3.7934295e-01   3.1032852e-01
   4.8275644e-01   4.4827835e-01   6.8965205e-02
   6.8965361e-01   3.4482933e-02   2.7586346e-01
   2.7585358e-01   4.4829283e-01   2.7585359e-01
   1.3333024e-01   8.3334035e-01   3.3329410e-02
   6.2062719e-01   3.7926938e-01   1.0343710e-04
   3.1034400e-01   5.8620801e-01   1.0344800e-01
   7.3326624e-01   9.9936394e-05   2.6663383e-01
   6.8961677e-02   6.8967244e-01   2.4136589e-01
   5.5172695e-01   3.1034288e-01   1.3793017e-01
   4.4827484e-01   4.1379446e-01   1.3793070e-01
   2.4134992e-01   6.2073584e-01   1.3791424e-01
   3.4482468e-01   4.1379804e-01   2.4137728e-01
   1.7241278e-01   6.2069042e-01   2.0689680e-01
   2.2222258e-01   4.4444408e-01   3.3333333e-01
   1.7240961e-01   5.5173504e-01   2.7585536e-01
   9.3324213e-01   6.6657875e-02   9.9990227e-05
   2.5640731e-01   4.1025935e-01   3.3333333e-01
   6.8966114e-01   2.0689257e-01   1.0344629e-01
   4.1380556e-01   2.7585620e-01   3.1033824e-01
   3.7931042e-01   5.5172407e-01   6.8965509e-02
   4.4827865e-01   3.1034327e-01   2.4137809e-01
   4.1025611e-01   2.5641055e-01   3.3333333e-01
   3.4482436e-01   5.1724590e-01   1.3792974e-01
   6.3333384e-01   3.3332822e-02   3.3333333e-01
   4.1379262e-01   3.7931106e-01   2.0689632e-01
   4.1375137e-01   5.8614520e-01   1.0343739e-04
   7.9991285e-01   9.9986725e-05   1.9998716e-01
   5.1718762e-01   4.8270894e-01   1.0343752e-04
   7.9991605e-01   1.9998396e-01   9.9991972e-05
   2.0688602e-01   4.8278484e-01   3.1032914e-01
   3.7931059e-01   3.4482745e-01   2.7586196e-01
   3.4479101e-01   6.5510555e-01   1.0343730e-04
   2.7586131e-01   5.5172539e-01   1.7241330e-01
   7.5862832e-01   6.8960317e-02   1.7241137e-01
   6.2069226e-01   1.7241261e-01   2.0689513e-01
   7.0499898e-05   2.3053028e-05   1.1432162e+00
