   6.3333343e-01   3.3333233e-02   3.3333333e-01
   2.7586203e-01   5.5172420e-01   1.7241377e-01
   4.7058789e-01   1.9607878e-01   3.3333333e-01
   4.4444462e-01   2.2222205e-01   3.3333333e-01
   2.4135426e-01   7.5854230e-01   1.0343754e-04
   1.6665052e-01   8.3324949e-01   9.9990310e-05
   3.3332538e-02   6.3333413e-01   3.3333333e-01
   3.7930954e-01   3.4482897e-01   2.7586149e-01
   5.1724072e-01   3.7931114e-01   1.0344814e-01
   2.0000076e-01   4.6666591e-01   3.3333333e-01
   5.3333422e-01   1.3333245e-01   3.3333333e-01
   5.8620583e-01   3.4482925e-01   6.8964916e-02
   1.7241945e-01   7.2413298e-01   1.0344757e-01
   2.6666636e-01   4.0000031e-01   3.3333333e-01
   1.3793292e-01   5.8620123e-01   2.7586584e-01
   6.5517380e-01   2.7586129e-01   6.8964916e-02
   3.8888809e-01   2.7777858e-01   3.3333333e-01
   2.4137970e-01   5.1724111e-01   2.4137919e-01
   6.6656674e-01   9.9924479e-05   3.3333333e-01
   9.3332726e-01   3.3336369e-02   3.3336368e-02
   6.6673602e-02   8.6665281e-01   6.6673592e-02
   8.9990454e-01   9.9995460e-02   9.9995446e-05
   1.3333347e-01   5.3333320e-01   3.3333333e-01
   2.7586040e-01   4.4827920e-01   2.7586040e-01
   5.7142864e-01   9.5238031e-02   3.3333333e-01
   3.4482705e-01   4.1379402e-01   2.4137893e-01
   8.3324994e-01   1.6665007e-01   9.9990041e-05
   9.9945644e-05   8.9990999e-01   9.9990064e-02
   2.2222219e-01   4.4444448e-01   3.3333333e-01
   8.3333439e-01   3.3332116e-02   1.3333350e-01
   6.9992929e-01   9.9986819e-05   2.9997072e-01
   4.8275892e-01   2.4137917e-01   2.7586191e-01
   3.4482725e-01   5.1724186e-01   1.3793090e-01
   4.9999986e-01   1.6666681e-01   3.3333333e-01
   7.6667064e-01   9.9995338e-02   1.3333403e-01
   3.7931295e-01   4.4827398e-01   1.7241307e-01
   6.5517213e-01   1.7241416e-01   1.7241372e-01
   3.5897477e-01   3.0769189e-01   3.3333333e-01
   1.0000668e-01   7.6665110e-01   1.3334222e-01
   5.5555551e-01   1.1111116e-01   3.3333333e-01
   8.9990996e-01   9.9976611e-05   9.9990064e-02
   1.9580572e-01   4.8951236e-01   3.1468192e-01
   2.9210594e-01   3.8934171e-01   3.1855235e-01
   3.1034479e-01   4.8275868e-01   2.0689653e-01
   3.4479148e-01   6.5510508e-01   1.0343744e-04
   8.0000008e-01   1.3333324e-01   6.6666673e-02
   1.0344560e-01   6.8966321e-01   2.0689120e-01
   7.6665055e-01   2.0001381e-01   3.3335633e-02
   6.9991667e-01   1.0002785e-01   2.0005548e-01
   1.3333494e-01   7.9999758e-01   6.6667472e-02
   2.0689429e-01   6.5517618e-01   1.3792953e-01
   4.1379203e-01   3.7931196e-01   2.0689601e-01
   3.3325447e-02   9.3334096e-01   3.3333593e-02
   7.2406336e-01   2.7583320e-01   1.0343745e-04
   6.5510438e-01   3.4479218e-01   1.0343753e-04
   5.7137316e-01   4.2852601e-01   1.0083003e-04
   9.9980007e-01   9.9945101e-05   9.9980007e-05
   2.0004558e-01   5.6656773e-01   2.3338669e-01
   6.9999951e-01   2.3333372e-01   6.6666777e-02
   3.3323471e-02   8.3334184e-01   1.3333469e-01
   3.1034308e-01   5.8620923e-01   1.0344769e-01
   4.6424061e-01   5.3565896e-01   1.0043568e-04
   9.9986738e-05   6.9992929e-01   2.9997072e-01
   1.1111111e-01   5.5555556e-01   3.3333333e-01
   1.6666598e-01   5.0000069e-01   3.3333333e-01
   2.0003363e-01   7.6662745e-01   3.3338926e-02
   4.1026154e-01   2.5640512e-01   3.3333333e-01
   3.0769266e-01   3.5897401e-01   3.3333333e-01
   4.4827753e-01   4.1379185e-01   1.3793062e-01
   2.3529357e-01   4.3137310e-01   3.3333333e-01
   6.2069885e-01   2.4137345e-01   1.3792770e-01
   5.8620715e-01   2.0689642e-01   2.0689642e-01
   8.6666879e-01   6.6664381e-02   6.6666830e-02
   4.1393032e-01   2.7579914e-01   3.1027054e-01
   4.8275780e-01   3.4482870e-01   1.7241350e-01
   5.0119350e-01   4.6539403e-01   3.3412468e-02
   6.8961857e-02   6.5517499e-01   2.7586315e-01
   7.2418406e-01   1.7238496e-01   1.0343098e-01
   4.4827849e-01   3.1034333e-01   2.4137819e-01
   6.0000003e-01   6.6666636e-02   3.3333333e-01
   3.7938257e-01   5.8613876e-01   3.4478669e-02
   3.3333470e-01   3.3333197e-01   3.3333333e-01
   6.5517257e-01   6.8965301e-02   2.7586213e-01
   7.3333478e-01   3.3330512e-02   2.3333471e-01
   1.0341144e-04   7.9302143e-01   2.0687516e-01
   5.1724122e-01   2.7586229e-01   2.0689649e-01
   9.5238087e-02   5.7142858e-01   3.3333333e-01
   6.6668877e-02   5.9999779e-01   3.3333333e-01
   2.7586311e-01   6.8965504e-01   3.4481849e-02
   7.9302144e-01   1.0340443e-04   2.0687516e-01
   1.7241306e-01   6.2069127e-01   2.0689568e-01
   9.9994333e-02   8.9990567e-01   9.9994307e-05
   6.2075837e-01   1.3788674e-01   2.4135490e-01
   5.5172584e-01   1.7241123e-01   2.7586292e-01
   5.5172391e-01   3.1034511e-01   1.3793098e-01
   9.9892149e-05   9.9980013e-01   9.9980012e-05
   9.9984981e-05   6.6656668e-01   3.3333333e-01
   4.1379364e-01   4.8275821e-01   1.0344815e-01
   3.3327517e-02   7.3333777e-01   2.3333471e-01
   2.5397064e-11   2.9755830e-12   1.1200705e+00
