   6.3333343e-01   3.3333234e-02   3.3333333e-01
   2.3330811e-01   7.6659190e-01   9.9990246e-05
   3.3333791e-02   6.3333288e-01   3.3333333e-01
   5.8620887e-01   3.7930854e-01   3.4482595e-02
   4.4444471e-01   2.2222196e-01   3.3333333e-01
   7.5868624e-01   1.0342019e-01   1.3789358e-01
   9.9936351e-05   8.6658144e-01   1.3331863e-01
   2.2222222e-01   4.4444444e-01   3.3333333e-01
   2.7777817e-01   3.8888849e-01   3.3333333e-01
   2.0689514e-01   5.5172719e-01   2.4137767e-01
   3.1034669e-01   4.1379199e-01   2.7586133e-01
   1.3333283e-01   5.3333384e-01   3.3333333e-01
   9.9983216e-05   9.3324003e-01   6.6659991e-02
   4.7058761e-01   1.9607905e-01   3.3333333e-01
   7.6662624e-01   1.6669555e-01   6.6678204e-02
   5.7142857e-01   9.5238095e-02   3.3333333e-01
   1.5686189e-01   5.0980478e-01   3.3333333e-01
   2.4124850e-01   5.8643105e-01   1.7232045e-01
   6.8965568e-01   1.7241351e-01   1.3793081e-01
   6.2069005e-01   2.4137906e-01   1.3793089e-01
   9.9954428e-05   6.6656671e-01   3.3333333e-01
   1.7241323e-01   6.8965619e-01   1.3793058e-01
   6.2069007e-01   3.1034449e-01   6.8965440e-02
   8.3332922e-01   6.6668319e-02   1.0000246e-01
   9.9980006e-01   9.9956549e-05   9.9980005e-05
   4.8277670e-01   2.7585239e-01   2.4137090e-01
   6.3125274e-01   6.7050658e-02   3.0169660e-01
   5.3333333e-01   1.3333333e-01   3.3333333e-01
   6.8965760e-01   2.4137742e-01   6.8964977e-02
   8.6658139e-01   9.9983932e-05   1.3331863e-01
   4.1379588e-01   3.1034336e-01   2.7586077e-01
   3.8888881e-01   2.7777786e-01   3.3333333e-01
   3.0769120e-01   3.5897547e-01   3.3333333e-01
   2.3339175e-01   6.9992490e-01   6.6683353e-02
   5.5555774e-01   1.1110892e-01   3.3333333e-01
   9.6657002e-01   9.9989745e-05   3.3329994e-02
   4.1379597e-01   5.1723885e-01   6.8965180e-02
   8.0000087e-01   3.3328597e-02   1.6667054e-01
   4.4836942e-01   2.4133738e-01   3.1029320e-01
   1.6665030e-01   8.3324971e-01   9.9990182e-05
   7.9991603e-01   1.9998398e-01   9.9991988e-05
   1.1111103e-01   5.5555564e-01   3.3333333e-01
   5.8620839e-01   1.3792884e-01   2.7586277e-01
   1.0342855e-01   6.5523812e-01   2.4133333e-01
   7.6659145e-01   9.9985606e-05   2.3330856e-01
   1.7777714e-01   4.8888952e-01   3.3333333e-01
   4.9999931e-01   1.6666736e-01   3.3333333e-01
   3.4482926e-01   5.8620540e-01   6.8965340e-02
   1.9999911e-01   4.6666756e-01   3.3333333e-01
   3.4481250e-02   6.8965625e-01   2.7586250e-01
   3.3332794e-02   7.9999667e-01   1.6667054e-01
   2.7582492e-01   6.2074073e-01   1.0343435e-01
   3.1034543e-01   5.5172366e-01   1.3793091e-01
   5.1725223e-01   2.0689189e-01   2.7585588e-01
   4.4822916e-01   5.5166740e-01   1.0343750e-04
   6.6670856e-02   8.3332285e-01   1.0000629e-01
   6.5517156e-01   1.3793216e-01   2.0689628e-01
   5.9999890e-01   6.6667762e-02   3.3333333e-01
   9.5237058e-02   5.7142961e-01   3.3333333e-01
   3.7931066e-01   4.8275837e-01   1.3793096e-01
   6.6656669e-01   9.9977693e-05   3.3333333e-01
   1.0339785e-04   7.5854226e-01   2.4135434e-01
   7.2406308e-01   1.0343336e-04   2.7583349e-01
   4.1025643e-01   2.5641024e-01   3.3333333e-01
   6.8966049e-01   6.8964284e-02   2.4137522e-01
   1.0338081e-01   7.2431620e-01   1.7230299e-01
   2.0688745e-01   7.5863131e-01   3.4481243e-02
   3.7927143e-01   6.2062513e-01   1.0343752e-04
   5.1723313e-01   3.1035379e-01   1.7241308e-01
   8.3333511e-01   1.3333148e-01   3.3333404e-02
   4.1379313e-01   4.1379309e-01   1.7241378e-01
   9.9953022e-05   9.9980007e-01   9.9980005e-05
   3.1031225e-01   6.8958432e-01   1.0343742e-04
   9.0000272e-01   3.3330408e-02   6.6666870e-02
   2.5640409e-01   4.1026258e-01   3.3333333e-01
   8.9990836e-01   9.9991648e-02   9.9991648e-05
   5.8620609e-01   2.0689696e-01   2.0689695e-01
   2.7586205e-01   5.1724141e-01   2.0689654e-01
   6.6678898e-02   5.9998777e-01   3.3333333e-01
   4.8278662e-01   3.7928980e-01   1.3792358e-01
   5.1727645e-01   4.1376304e-01   6.8960509e-02
   9.9994790e-02   8.6667178e-01   3.3333426e-02
   3.5897097e-01   3.0769569e-01   3.3333333e-01
   4.4827595e-01   4.4827590e-01   1.0344816e-01
   1.3792707e-01   5.8620964e-01   2.7586329e-01
   7.2406379e-01   2.7583277e-01   1.0343729e-04
   4.4827627e-01   3.4482733e-01   2.0689640e-01
   3.3333335e-01   3.3333331e-01   3.3333333e-01
   6.5510506e-01   3.4479150e-01   1.0343745e-04
   4.8275865e-01   4.8275860e-01   3.4482754e-02
   3.4483155e-01   4.4827315e-01   2.0689530e-01
   3.7931035e-01   3.7931031e-01   2.4137934e-01
   5.5165781e-01   4.4823876e-01   1.0343584e-04
   3.4482754e-01   3.4482750e-01   3.1034497e-01
   6.6664355e-02   9.3323565e-01   9.9991070e-05
   1.6019316e-05   1.2137194e-05   1.1305114e+00
   1.7239959e-01   6.2070540e-01   2.0689501e-01
   5.5172609e-01   3.4483351e-01   1.0344039e-01
   2.4137931e-01   4.8275862e-01   2.7586207e-01
   1.3333086e-01   7.6666807e-01   1.0000107e-01
