   5.1725083e-01   4.4826717e-01   3.4481997e-02
   2.4135279e-01   7.5854377e-01   1.0343691e-04
   2.7586208e-01   5.5172413e-01   1.7241379e-01
   1.9607891e-01   4.7058775e-01   3.3333333e-01
   1.0001241e-01   6.9996258e-01   2.0002501e-01
   5.3333258e-01   1.3333409e-01   3.3333333e-01
   7.3333555e-01   9.9997205e-02   1.6666724e-01
   9.9985531e-05   6.6656668e-01   3.3333333e-01
   1.0000793e-01   8.6665676e-01   3.3335315e-02
   3.1034418e-01   3.7931159e-01   3.1034424e-01
   1.6667633e-01   7.6665315e-01   6.6670521e-02
   3.8095279e-01   2.8571388e-01   3.3333333e-01
   6.5517130e-01   2.0689789e-01   1.3793080e-01
   6.6667277e-02   5.9999939e-01   3.3333333e-01
   3.1034030e-01   5.8621542e-01   1.0344429e-01
   3.7931035e-01   4.4827586e-01   1.7241379e-01
   3.3333256e-01   3.3333410e-01   3.3333333e-01
   3.3333619e-02   6.3333305e-01   3.3333333e-01
   1.3791215e-01   6.2074148e-01   2.4134637e-01
   3.7931194e-01   3.4482670e-01   2.7586136e-01
   1.7241380e-01   5.5172413e-01   2.7586207e-01
   2.5640783e-01   4.1025884e-01   3.3333333e-01
   5.5172547e-01   1.7241180e-01   2.7586273e-01
   3.7931249e-01   5.5172223e-01   6.8965279e-02
   9.9989272e-05   6.9993188e-01   2.9996813e-01
   7.2406310e-01   1.0343466e-04   2.7583347e-01
   5.7142857e-01   9.5238095e-02   3.3333333e-01
   4.9999921e-01   1.6666746e-01   3.3333333e-01
   6.2068795e-01   1.7241606e-01   2.0689599e-01
   4.8275987e-01   3.4482676e-01   1.7241338e-01
   9.9963802e-05   8.6657987e-01   1.3332016e-01
   4.1375049e-01   5.8614608e-01   1.0343754e-04
   3.4482657e-01   6.2069143e-01   3.4481997e-02
   7.9999776e-01   1.3333483e-01   6.6667412e-02
   1.0342613e-04   7.9302142e-01   2.0687515e-01
   8.6657988e-01   9.9960724e-05   1.3332016e-01
   4.3333042e-01   5.0000257e-01   6.6667012e-02
   5.9999961e-01   6.6667052e-02   3.3333333e-01
   3.1031025e-01   6.8958631e-01   1.0343675e-04
   9.9985710e-05   9.3324001e-01   6.6660001e-02
   1.6666645e-01   5.0000021e-01   3.3333333e-01
   4.4444448e-01   2.2222218e-01   3.3333333e-01
   6.3333329e-01   3.3333375e-02   3.3333333e-01
   1.3333369e-01   5.3333298e-01   3.3333333e-01
   9.5238818e-02   5.7142785e-01   3.3333333e-01
   2.0683982e-01   5.8632035e-01   2.0683984e-01
   6.6656669e-01   9.9978455e-05   3.3333333e-01
   6.6675569e-02   9.3322442e-01   1.0001334e-04
   5.5555745e-01   1.1110922e-01   3.3333333e-01
   1.7238394e-01   6.5523215e-01   1.7238391e-01
   8.6657890e-01   1.3332111e-01   9.9990827e-05
   4.7058931e-01   1.9607735e-01   3.3333333e-01
   4.4827531e-01   4.1379382e-01   1.3793087e-01
   5.8614570e-01   4.1375087e-01   1.0343748e-04
   6.9999775e-01   1.3333500e-01   1.6666724e-01
   4.8271110e-01   5.1718546e-01   1.0343709e-04
   6.8965555e-01   6.8965008e-02   2.4137944e-01
   9.3324001e-01   9.9989845e-05   6.6660001e-02
   4.8275869e-01   2.4137928e-01   2.7586203e-01
   3.3358959e-02   7.3310500e-01   2.3353604e-01
   3.4482746e-01   4.1379331e-01   2.4137923e-01
   5.8620806e-01   2.4137863e-01   1.7241331e-01
   2.7586336e-01   4.4827506e-01   2.7586158e-01
   2.2222223e-01   4.4444444e-01   3.3333333e-01
   5.5172306e-01   3.1034618e-01   1.3793076e-01
   6.2068966e-01   1.0344828e-01   2.7586207e-01
   6.2068972e-01   3.1034478e-01   6.8965506e-02
   2.7546578e-01   6.5566782e-01   6.8866396e-02
   1.6664821e-01   8.3325180e-01   9.9990215e-05
   2.8571357e-01   3.8095310e-01   3.3333333e-01
   7.9993186e-01   6.6689361e-02   1.3337878e-01
   6.8958444e-02   6.5517739e-01   2.7586417e-01
   2.0034033e-01   6.9948945e-01   1.0017021e-01
   9.9963178e-05   9.9980006e-01   9.9980005e-05
   5.1724414e-01   2.7586049e-01   2.0689537e-01
   3.1034225e-01   4.8276288e-01   2.0689487e-01
   2.4137720e-01   5.1724558e-01   2.4137722e-01
   4.1379433e-01   2.7586143e-01   3.1034424e-01
   6.8965927e-01   2.4137613e-01   6.8964598e-02
   9.9980005e-01   9.9971020e-05   9.9980005e-05
   2.4136072e-01   6.2071887e-01   1.3792041e-01
   9.3324127e-01   6.6658743e-02   9.9990133e-05
   3.5294891e-01   3.1371776e-01   3.3333333e-01
   5.0000381e-01   3.9999541e-01   1.0000078e-01
   6.5510522e-01   3.4479134e-01   1.0343740e-04
   4.1379307e-01   3.7931049e-01   2.0689644e-01
   1.0344782e-01   7.5862175e-01   1.3793043e-01
   4.2856759e-01   2.3809908e-01   3.3333333e-01
   8.6666171e-01   6.6669144e-02   6.6669145e-02
   6.6652154e-02   8.3334616e-01   1.0000169e-01
   3.1371635e-01   3.5295032e-01   3.3333333e-01
   7.3326797e-01   1.6670747e-01   1.0002456e-01
   4.4827603e-01   3.1034475e-01   2.4137923e-01
   7.9302144e-01   1.0340509e-04   2.0687515e-01
   5.5172399e-01   3.7931051e-01   6.8965499e-02
   7.9302176e-01   2.0687480e-01   1.0343740e-04
   7.2406526e-01   2.7583131e-01   1.0343653e-04
   3.4482613e-01   5.1724342e-01   1.3793045e-01
   6.7087508e-02   1.5686400e-01   8.8057484e-01
   1.3914773e-10   1.3697460e-10   1.0582915e+00
