   3.5897366e-01   3.0769301e-01   3.3333333e-01
   5.3333331e-01   1.3333336e-01   3.3333333e-01
   5.5555454e-01   1.1111213e-01   3.3333333e-01
   3.1034393e-01   4.8276011e-01   2.0689596e-01
   3.3332974e-02   6.3333369e-01   3.3333333e-01
   7.3333645e-01   9.9996263e-02   1.6666728e-01
   4.9999946e-01   1.6666720e-01   3.3333333e-01
   4.7058874e-01   1.9607793e-01   3.3333333e-01
   4.1026403e-01   2.5640263e-01   3.3333333e-01
   4.1379243e-01   3.7931136e-01   2.0689621e-01
   9.9998465e-02   8.3333476e-01   6.6666777e-02
   1.3460256e-01   7.6444487e-01   1.0095258e-01
   2.4138223e-01   5.1723939e-01   2.4137838e-01
   3.3326994e-02   9.3334073e-01   3.3332277e-02
   4.4444587e-01   2.2222079e-01   3.3333333e-01
   2.9268246e-01   3.8902479e-01   3.1829275e-01
   7.6663779e-01   3.3337383e-02   2.0002483e-01
   6.3333128e-01   3.3335388e-02   3.3333333e-01
   9.9997544e-05   6.6656667e-01   3.3333333e-01
   1.0344829e-01   6.2068961e-01   2.7586210e-01
   9.5238111e-02   5.7142856e-01   3.3333333e-01
   3.3333385e-01   3.3333282e-01   3.3333333e-01
   5.8614497e-01   4.1375159e-01   1.0343735e-04
   7.2406307e-01   1.0337925e-04   2.7583355e-01
   9.9975810e-05   8.9990996e-01   9.9990061e-02
   3.0769248e-01   3.5897418e-01   3.3333333e-01
   7.2406325e-01   2.7583331e-01   1.0343749e-04
   2.2222195e-01   4.4444472e-01   3.3333333e-01
   9.9975340e-05   7.6658970e-01   2.3331032e-01
   2.4136375e-01   6.2071410e-01   1.3792215e-01
   7.3332506e-01   2.0000621e-01   6.6668733e-02
   3.4482878e-01   4.1379235e-01   2.4137887e-01
   6.8954343e-02   7.2418262e-01   2.0686304e-01
   9.3324003e-01   9.9964435e-05   6.6660002e-02
   6.8974653e-01   6.8945195e-02   2.4130827e-01
   3.4479194e-01   6.5510463e-01   1.0343757e-04
   9.9962524e-05   8.3325002e-01   1.6665002e-01
   8.6657777e-01   1.3332223e-01   9.9991675e-05
   6.6666204e-02   6.0000046e-01   3.3333333e-01
   5.1723585e-01   2.0689892e-01   2.7586523e-01
   4.4827520e-01   5.1724221e-01   3.4482591e-02
   2.6666571e-01   4.0000096e-01   3.3333333e-01
   7.6663268e-01   1.3335275e-01   1.0001456e-01
   1.3793102e-01   6.8965520e-01   1.7241378e-01
   2.7586076e-01   6.8965665e-01   3.4482591e-02
   5.7142844e-01   9.5238227e-02   3.3333333e-01
   4.4827463e-01   4.1379472e-01   1.3793065e-01
   6.2068928e-01   1.0344838e-01   2.7586234e-01
   5.5172951e-01   2.4137642e-01   2.0689407e-01
   1.7241526e-01   6.2068644e-01   2.0689830e-01
   6.6656667e-01   9.9993575e-05   3.3333333e-01
   3.1034187e-01   5.8621083e-01   1.0344729e-01
   9.9936808e-05   9.9980008e-01   9.9980008e-05
   4.1379336e-01   4.8275841e-01   1.0344823e-01
   4.1374915e-01   5.8614742e-01   1.0343729e-04
   6.2068910e-01   2.0689726e-01   1.7241364e-01
   5.1724024e-01   3.4482903e-01   1.3793073e-01
   6.5524156e-01   1.3790337e-01   2.0685506e-01
   3.4482652e-01   5.1724287e-01   1.3793061e-01
   4.4827673e-01   2.7586164e-01   2.7586164e-01
   8.3325001e-01   9.9966107e-05   1.6665002e-01
   2.3529715e-01   4.3136952e-01   3.3333333e-01
   8.3333008e-01   1.0000196e-01   6.6667966e-02
   2.0000231e-01   4.6666436e-01   3.3333333e-01
   2.7586179e-01   5.5172460e-01   1.7241362e-01
   6.0000870e-01   6.6657970e-02   3.3333333e-01
   2.0689323e-01   4.8276692e-01   3.1033985e-01
   6.5510457e-01   3.4479199e-01   1.0343756e-04
   5.8620488e-01   2.7586455e-01   1.3793056e-01
   5.8621109e-01   1.7241204e-01   2.4137686e-01
   6.5518947e-01   2.4136735e-01   1.0344318e-01
   6.2069192e-01   3.1034297e-01   6.8965105e-02
   3.7931032e-01   4.4827590e-01   1.7241378e-01
   3.7931053e-01   3.4482748e-01   2.7586198e-01
   1.3333082e-01   5.3333584e-01   3.3333333e-01
   9.9980010e-01   9.9917956e-05   9.9980009e-05
   7.9991997e-01   1.9998004e-01   9.9990013e-05
   2.3331573e-01   7.6658428e-01   9.9992453e-05
   1.6665851e-01   8.3324149e-01   9.9995078e-05
   3.4481281e-02   6.8965623e-01   2.7586249e-01
   4.8275393e-01   4.4828123e-01   6.8964841e-02
   6.9997742e-01   1.6667923e-01   1.3334335e-01
   3.8888073e-01   2.7778594e-01   3.3333333e-01
   5.5172247e-01   3.7931222e-01   6.8965308e-02
   9.3324647e-01   6.6653538e-02   9.9990692e-05
   4.8275904e-01   3.1034457e-01   2.0689638e-01
   5.1718831e-01   4.8270825e-01   1.0343748e-04
   1.5686266e-01   5.0980400e-01   3.3333333e-01
   9.9989307e-02   8.9991070e-01   9.9990027e-05
   8.6664800e-01   3.3338001e-02   1.0001400e-01
   3.7930949e-01   5.5172515e-01   6.8965362e-02
   1.7777396e-01   4.8889271e-01   3.3333333e-01
   1.1111110e-01   5.5555557e-01   3.3333333e-01
   6.6674934e-02   7.9997795e-01   1.3334712e-01
   7.9999925e-01   6.6666925e-02   1.3333383e-01
   2.7586051e-01   4.4827888e-01   2.7586061e-01
   2.0689585e-01   7.2413886e-01   6.8965288e-02
   1.7241090e-01   5.5173165e-01   2.7585744e-01
   4.9626673e-04   2.8246631e-04   1.1211768e+00
   1.0791706e-04   6.1424498e-05   1.1289909e+00
