   1.3827832e-04   8.6193379e-01   5.0702082e-01
   9.3979386e-01   3.4174184e-01   1.2814482e-04
   9.4385835e-01   1.2869976e-04   3.3035043e-01
   1.4135216e-04   7.0710682e-01   7.0710673e-01
   8.4799958e-01   4.2399854e-01   3.1799679e-01
   1.5899263e-01   6.8900030e-01   7.0710673e-01
   2.7471642e-01   9.6152529e-01   1.2541593e-04
   2.4164923e-01   6.6453422e-01   7.0710673e-01
   1.3415365e-04   8.9442696e-01   4.4721404e-01
   9.0225670e-01   3.5088123e-01   2.5062963e-01
   7.5569037e-01   1.4168862e-04   6.5492904e-01
   6.7720218e-01   3.9502553e-01   6.2076730e-01
   8.3205022e-01   5.5470028e-01   1.3867498e-04
   6.7082048e-01   2.2360672e-01   7.0710673e-01
   8.5038865e-01   3.7204766e-01   3.7204794e-01
   8.9442771e-01   4.4721254e-01   1.3416350e-04
   8.9442696e-01   1.3415553e-04   4.4721404e-01
   3.5087528e-01   9.0225901e-01   2.5062963e-01
   2.7907390e-01   7.8140307e-01   5.5814604e-01
   8.4799992e-01   1.4131098e-04   5.2999634e-01
   8.7438541e-01   2.5716745e-01   4.1147910e-01
   9.2163552e-01   1.3164779e-04   3.8805664e-01
   1.1766727e-04   9.8058065e-01   1.9611621e-01
   5.5815631e-01   4.3412165e-01   7.0710673e-01
   7.5197325e-01   5.2033699e-01   4.0470440e-01
   7.7538964e-01   3.8769368e-01   4.9846214e-01
   1.3866499e-04   8.3205064e-01   5.5469966e-01
   7.0710682e-01   1.4139298e-04   7.0710673e-01
   5.3689112e-01   5.9655196e-01   5.9655149e-01
   9.7280620e-01   2.3162057e-01   1.2159782e-04
   3.4583116e-01   6.9166231e-01   6.3403790e-01
   1.2541510e-04   9.6152430e-01   2.7471986e-01
   5.7543493e-01   6.3297841e-01   5.1789282e-01
   1.9611808e-01   9.8058028e-01   1.1766180e-04
   6.6666727e-01   6.6666675e-01   3.3333197e-01
   1.3164605e-04   9.2163552e-01   3.8805664e-01
   9.8058065e-01   1.1764162e-04   1.9611621e-01
   9.5782656e-01   2.8734696e-01   1.2493148e-04
   7.3191954e-01   4.8792676e-02   6.7964186e-01
   5.9235065e-01   4.7387838e-01   6.5158268e-01
   9.2490341e-01   2.4339992e-01   2.9207905e-01
   6.4372647e-01   2.9260265e-01   7.0710673e-01
   5.5470011e-01   8.3205034e-01   1.3867498e-04
   3.1622779e-01   6.3245558e-01   7.0710673e-01
   5.0000023e-01   4.9999984e-01   7.0710673e-01
   4.8790879e-02   7.3191966e-01   6.7964186e-01
   4.4721359e-01   8.9442718e-01   1.3416350e-04
   4.0471741e-01   7.5194319e-01   5.2037030e-01
   8.2447331e-01   2.7482431e-01   4.9468713e-01
   5.8834841e-01   3.9223237e-01   7.0710673e-01
   2.3567947e-01   9.4281684e-01   2.3569385e-01
   6.5158434e-01   5.9235330e-01   4.7387278e-01
   1.4117257e-04   7.9999959e-01   6.0000054e-01
   5.0701745e-01   8.6193578e-01   1.3827742e-04
   4.7303029e-01   8.4094278e-01   2.6278809e-01
   7.7778031e-01   4.4444369e-01   4.4444077e-01
   8.0641194e-01   1.4229747e-04   5.9135418e-01
   6.3298175e-01   5.1788488e-01   5.7543841e-01
   1.4168308e-04   7.5569037e-01   6.5492904e-01
   6.1782166e-01   7.8631824e-01   1.4256389e-04
   5.7259837e-01   7.4437753e-01   3.4355961e-01
   9.6152430e-01   1.2541363e-04   2.7471986e-01
   6.8899954e-01   1.5899593e-01   7.0710673e-01
   7.7994055e-01   6.2395236e-01   4.8746230e-02
   5.2940762e-01   7.0588640e-01   4.7058682e-01
   2.5716703e-01   8.7438554e-01   4.1147910e-01
   3.3281390e-01   8.3205237e-01   4.4376092e-01
   6.2076588e-01   6.7719930e-01   3.9503269e-01
   6.3402304e-01   3.4583168e-01   6.9167567e-01
   9.9993462e-05   9.9999999e-01   9.9996543e-05
   4.5584407e-01   6.8376625e-01   5.6979813e-01
   8.7415288e-01   1.3799131e-04   4.8565083e-01
   7.1999469e-01   6.0924119e-01   3.3231433e-01
   6.7963804e-01   7.3192294e-01   4.8794859e-02
   4.0550627e-01   5.7927950e-01   7.0710673e-01
   4.5417638e-01   7.9736767e-01   3.9740233e-01
   7.4437891e-01   3.4355891e-01   5.7259699e-01
   7.6835242e-01   5.4881811e-01   3.2929203e-01
   3.7906252e-01   8.6645226e-01   3.2491858e-01
   8.7157615e-01   4.9026012e-01   1.3761241e-04
   6.7719756e-01   6.2076778e-01   3.9503269e-01
   7.7994150e-01   4.8743290e-02   6.2395140e-01
   9.9999999e-01   9.9960519e-05   9.9996543e-05
   9.8837244e-01   1.5205234e-01   1.1403955e-04
   3.8805891e-01   9.2163456e-01   1.3166198e-04
   2.5062776e-01   9.0225820e-01   3.5087870e-01
   5.8838353e-01   8.0234086e-01   1.0026948e-01
   9.2163454e-01   3.8805896e-01   1.3166198e-04
   7.3192007e-01   6.7964114e-01   4.8794668e-02
   7.0588207e-01   4.7058816e-01   5.2941221e-01
   5.2940749e-01   4.7058971e-01   7.0588458e-01
   4.5733198e-01   6.2883222e-01   6.2882232e-01
   4.7058828e-01   5.2941168e-01   7.0588239e-01
   6.5493039e-01   7.5568920e-01   1.4169161e-04
   8.0640427e-01   5.9136464e-01   1.4230527e-04
   7.5568876e-01   6.5493089e-01   1.4169159e-04
   7.0710705e-01   7.0710650e-01   1.4142086e-04
   3.3034611e-01   9.4385986e-01   1.2828052e-04
   1.2870126e-04   9.4385835e-01   3.3035043e-01
   5.8981961e-17   1.6447727e-17   1.0000000e+00
