   4.7313883e-01   8.4086048e-01   2.6285605e-01
   7.7994680e-01   4.8746478e-02   6.2394453e-01
   6.6666713e-01   6.6666714e-01   3.3333146e-01
   3.1032721e-01   8.7898675e-01   3.6204878e-01
   6.4372669e-01   2.9260204e-01   7.0710678e-01
   3.3333311e-01   6.6666762e-01   6.6666583e-01
   5.7542242e-01   5.1789723e-01   6.3298618e-01
   7.0104553e-01   5.8420913e-01   4.0894358e-01
   4.5625643e-02   9.1285829e-01   4.0571916e-01
   3.8075085e-01   8.1589180e-01   4.3514292e-01
   4.6416497e-01   7.5438829e-01   4.6416505e-01
   6.7082039e-01   2.2360681e-01   7.0710678e-01
   3.8805659e-01   9.2163554e-01   1.3166145e-04
   8.6193455e-01   1.3825876e-04   5.0701953e-01
   9.8058096e-01   1.1765528e-04   1.9611466e-01
   8.7424911e-01   2.5729993e-01   4.1168584e-01
   1.4255675e-04   7.8631819e-01   6.1782172e-01
   7.0710677e-01   1.4141771e-04   7.0710678e-01
   6.9166854e-01   3.4583364e-01   6.3402975e-01
   9.8837397e-01   1.5204238e-01   1.1404165e-04
   1.5899282e-01   6.8900021e-01   7.0710678e-01
   7.0710677e-01   7.0710678e-01   1.4142107e-04
   3.9223220e-01   5.8834845e-01   7.0710678e-01
   9.4280917e-01   2.3570620e-01   2.3569781e-01
   1.2492157e-04   9.5782648e-01   2.8734723e-01
   6.2882826e-01   6.2882827e-01   4.5732924e-01
   8.7438609e-01   4.1147595e-01   2.5717021e-01
   9.0450064e-01   3.0156092e-01   3.0156195e-01
   2.8734966e-01   9.5782575e-01   1.2492428e-04
   4.2399825e-01   8.4799826e-01   3.1800069e-01
   5.0702016e-01   8.6193418e-01   1.3827817e-04
   1.4140124e-04   7.0710677e-01   7.0710678e-01
   6.2076520e-01   3.3860090e-01   7.0710678e-01
   9.2163157e-01   3.8806601e-01   1.3166145e-04
   6.8376309e-01   4.5584205e-01   5.6980353e-01
   9.9999999e-01   9.9989312e-05   9.9994710e-05
   3.3860059e-01   6.2076537e-01   7.0710678e-01
   5.5470009e-01   8.3205036e-01   1.3867456e-04
   2.4337079e-01   9.2491727e-01   2.9205943e-01
   4.3412272e-01   5.5815541e-01   7.0710678e-01
   7.3192110e-01   6.7964021e-01   4.8792306e-02
   9.3979307e-01   1.2815096e-04   3.4174401e-01
   1.1400345e-04   9.8837099e-01   1.5206171e-01
   6.7964182e-01   7.3191960e-01   4.8792306e-02
   7.9221600e-01   3.3849560e-01   5.0775441e-01
   7.5440194e-01   4.6415392e-01   4.6415391e-01
   8.6193663e-01   5.0701601e-01   1.3827658e-04
   5.0871070e-01   7.9132657e-01   3.3913963e-01
   9.9999822e-05   9.9999999e-01   9.9994710e-05
   5.0000000e-01   5.0000000e-01   7.0710678e-01
   7.5703122e-01   5.9481350e-01   2.7037131e-01
   5.1789409e-01   5.7542524e-01   6.3298618e-01
   1.2158027e-04   9.7280605e-01   2.3162118e-01
   5.7735423e-01   5.7735424e-01   5.7734234e-01
   5.7927903e-01   4.0550685e-01   7.0710678e-01
   1.3866936e-04   8.3205230e-01   5.5469717e-01
   1.0028584e-01   8.0233472e-01   5.8838911e-01
   5.9999794e-01   8.0000154e-01   1.4117652e-04
   4.7058845e-01   5.2941116e-01   7.0588267e-01
   1.3761684e-04   8.7157481e-01   4.9026251e-01
   7.5568908e-01   1.4168883e-04   6.5493053e-01
   9.4385717e-01   3.3035378e-01   1.2870668e-04
   9.6761746e-01   2.5242115e-01   1.2620627e-04
   7.5568906e-01   6.5493055e-01   1.4169151e-04
   8.0000319e-01   5.9999573e-01   1.4117652e-04
   8.0640344e-01   1.4228652e-04   5.9136577e-01
   5.9483214e-01   7.5701656e-01   2.7037131e-01
   8.3205029e-01   5.5470018e-01   1.3867456e-04
   8.9442757e-01   1.3416285e-04   4.4721281e-01
   2.2360647e-01   6.7082050e-01   7.0710678e-01
   8.4981491e-01   3.7270190e-01   3.7270353e-01
   7.9141823e-01   5.0861159e-01   3.3907439e-01
   6.5492765e-01   7.5569157e-01   1.4169151e-04
   7.3192076e-01   4.8790532e-02   6.7964070e-01
   3.3231215e-01   7.2000769e-01   6.0922702e-01
   1.4168218e-04   7.5568908e-01   6.5493053e-01
   3.9502717e-01   6.7720316e-01   6.2076519e-01
   3.9253621e-01   7.2900480e-01   5.6077387e-01
   2.9260578e-01   6.4372499e-01   7.0710678e-01
   5.8420714e-01   7.0104720e-01   4.0894358e-01
   1.3415926e-04   8.9442757e-01   4.4721281e-01
   9.6152347e-01   1.2541302e-04   2.7472277e-01
   4.5584197e-01   6.8376314e-01   5.6980353e-01
   3.4174530e-01   9.3979260e-01   1.2815119e-04
   8.3205230e-01   1.3867496e-04   5.5469717e-01
   1.2815003e-04   9.3979307e-01   3.4174401e-01
   4.4721285e-01   8.9442755e-01   1.3416376e-04
   4.8778109e-02   7.3192128e-01   6.7964103e-01
   1.9611498e-01   9.8058090e-01   1.1766824e-04
   8.9442751e-01   4.4721294e-01   1.3416376e-04
   4.5732120e-01   6.2883038e-01   6.2883200e-01
   3.3886638e-01   7.9169049e-01   5.0832642e-01
   7.2900697e-01   3.9253189e-01   5.6077406e-01
   5.3499298e-01   6.5388417e-01   5.3499347e-01
   5.2941192e-01   4.7058773e-01   7.0588257e-01
   3.5102649e-01   9.0217144e-01   2.5073312e-01
   6.2882638e-01   4.5732670e-01   6.2883200e-01
   9.2163384e-01   1.3162818e-04   3.8806062e-01
   6.5388747e-01   5.3499055e-01   5.3499186e-01
   2.1338684e-17   5.7393902e-17   1.0000000e+00
