   9.0222437e-01   2.5066976e-01   3.5093569e-01
   4.5733018e-01   6.2882803e-01   6.2882781e-01
   8.7897833e-01   3.6206244e-01   3.1033512e-01
   7.0710677e-01   1.4140754e-04   7.0710678e-01
   6.7963921e-01   7.3192187e-01   4.8794677e-02
   3.2955255e-01   7.6792996e-01   5.4925285e-01
   7.2900479e-01   3.9253935e-01   5.6077169e-01
   8.7157548e-01   1.3761017e-04   4.9026132e-01
   5.9136419e-01   8.0640460e-01   1.4230584e-04
   6.3298016e-01   5.7543906e-01   5.1788610e-01
   9.8058084e-01   1.9611528e-01   1.1766897e-04
   5.1789087e-01   5.7543490e-01   6.3298003e-01
   6.8376301e-01   4.5584176e-01   5.6980386e-01
   7.7676991e-01   1.5535328e-01   6.1032276e-01
   1.4169169e-04   7.5568915e-01   6.5493044e-01
   6.3402941e-01   6.9167001e-01   3.4583134e-01
   4.4376063e-01   8.3205056e-01   3.3281883e-01
   6.2076521e-01   3.3860089e-01   7.0710678e-01
   9.9999999e-01   9.9988955e-05   9.9996469e-05
   9.6152420e-01   2.7472023e-01   1.2541537e-04
   1.1766255e-04   9.8058145e-01   1.9611221e-01
   7.2000734e-01   6.0922855e-01   3.3231011e-01
   5.2941857e-01   4.7058583e-01   7.0587885e-01
   2.6279788e-01   8.4093675e-01   4.7303558e-01
   9.9997466e-05   9.9999999e-01   9.9996469e-05
   1.4256972e-04   7.8631840e-01   6.1782146e-01
   8.4800561e-01   3.1799159e-01   4.2399038e-01
   9.3979300e-01   3.4174420e-01   1.2815270e-04
   7.7995500e-01   6.2393422e-01   4.8747185e-02
   5.7928354e-01   4.0550040e-01   7.0710678e-01
   7.5568915e-01   1.4166115e-04   6.5493044e-01
   4.7058756e-01   7.0588331e-01   5.2941109e-01
   3.4174296e-01   9.3979345e-01   1.2815270e-04
   7.9132950e-01   3.3913271e-01   5.0871075e-01
   6.9166855e-01   3.4583431e-01   6.3402938e-01
   9.4385830e-01   1.2870623e-04   3.3035055e-01
   7.5433559e-01   4.6420613e-01   4.6420952e-01
   5.9234893e-01   6.5158344e-01   4.7387949e-01
   8.3205012e-01   1.3867223e-04   5.5470045e-01
   3.3859932e-01   6.2076606e-01   7.0710678e-01
   4.0549959e-01   5.7928411e-01   7.0710678e-01
   6.2391928e-01   7.7996690e-01   4.8747930e-02
   4.4721359e-01   8.9442718e-01   1.3416324e-04
   4.9845206e-01   7.7539445e-01   3.8769704e-01
   6.8599741e-01   5.1449637e-01   5.1449105e-01
   2.4339020e-01   9.2490688e-01   2.9207614e-01
   1.4141860e-04   7.0710677e-01   7.0710678e-01
   2.2360827e-01   6.7081990e-01   7.0710678e-01
   7.9676695e-01   4.5477339e-01   3.9792411e-01
   8.9442716e-01   4.4721363e-01   1.3416324e-04
   1.5205581e-01   9.8837190e-01   1.1404110e-04
   3.4583421e-01   6.9166860e-01   6.3402938e-01
   8.0000562e-01   1.4116635e-04   5.9999249e-01
   4.7058871e-01   5.2941040e-01   7.0588306e-01
   5.9235298e-01   4.7387805e-01   6.5158080e-01
   1.3827645e-04   8.6193460e-01   5.0701945e-01
   5.5469912e-01   8.3205100e-01   1.3867511e-04
   8.0640114e-01   5.9136890e-01   1.4230584e-04
   6.4372764e-01   2.9259993e-01   7.0710678e-01
   8.4094052e-01   4.7303092e-01   2.6279419e-01
   3.9820976e-01   7.9643950e-01   4.5509682e-01
   6.5492551e-01   7.5569343e-01   1.4169248e-04
   9.4280915e-01   2.3570925e-01   2.3569484e-01
   7.5568911e-01   6.5493049e-01   1.4169159e-04
   6.7082144e-01   2.2360367e-01   7.0710678e-01
   4.8778337e-02   7.3192163e-01   6.7964064e-01
   9.6761721e-01   1.2620278e-04   2.5242209e-01
   1.2541473e-04   9.6152419e-01   2.7472026e-01
   2.8734701e-01   9.5782654e-01   1.2493163e-04
   2.9259963e-01   6.4372778e-01   7.0710678e-01
   5.4883177e-01   7.6833967e-01   3.2929901e-01
   1.3862464e-04   8.3205012e-01   5.5470045e-01
   7.3192343e-01   6.7963751e-01   4.8794895e-02
   4.1158555e-01   8.7431415e-01   2.5723937e-01
   2.5717099e-01   8.7438995e-01   4.1146725e-01
   1.2870417e-04   9.4385830e-01   3.3035055e-01
   9.8837302e-01   1.1388731e-04   1.5204857e-01
   7.0104824e-01   5.8420665e-01   4.0894248e-01
   5.0789947e-01   7.3363211e-01   4.5146656e-01
   3.1027883e-01   8.7902626e-01   3.6199431e-01
   3.8805974e-01   9.2163421e-01   1.3164874e-04
   5.0701583e-01   8.6193673e-01   1.3827553e-04
   1.0028250e-01   8.0233603e-01   5.8838789e-01
   7.3192127e-01   4.8783754e-02   6.7964064e-01
   8.6193844e-01   5.0701292e-01   1.3827553e-04
   1.7947914e-17   5.8542906e-17   1.0000000e+00
   6.3298035e-01   5.1788826e-01   5.7543690e-01
   7.6835421e-01   5.4881405e-01   3.2929462e-01
   2.3161973e-01   9.7280640e-01   1.2159793e-04
   8.9442716e-01   1.3410013e-04   4.4721364e-01
   8.3205042e-01   5.5469998e-01   1.3867507e-04
   3.5087818e-01   9.0226277e-01   2.5061204e-01
   5.1789019e-01   6.3297877e-01   5.7543690e-01
   9.2163536e-01   1.3165846e-04   3.8805700e-01
   5.7735032e-01   5.7735040e-01   5.7735008e-01
   1.3415277e-04   8.9442716e-01   4.4721364e-01
   9.1286110e-01   4.0571186e-01   4.5634341e-02
   7.0710672e-01   7.0710683e-01   1.4140845e-04
   4.9999996e-01   5.0000004e-01   7.0710678e-01
   1.3164414e-04   9.2163536e-01   3.8805700e-01
