   8.4760538e-01   3.1837544e-01   4.2450229e-01
   1.2125401e-04   9.7014295e-01   2.4253378e-01
   5.7735080e-01   5.7735080e-01   5.7734920e-01
   3.4355007e-01   7.4439141e-01   5.7258605e-01
   7.5181268e-01   4.0481747e-01   5.2048104e-01
   1.3826402e-04   8.6193520e-01   5.0701844e-01
   7.2000385e-01   6.0923352e-01   3.3230857e-01
   8.3204777e-01   4.4376596e-01   3.3281869e-01
   9.4385764e-01   3.3035244e-01   1.2870591e-04
   3.9223201e-01   5.8834858e-01   7.0710678e-01
   7.2000324e-01   3.3230808e-01   6.0923450e-01
   5.0000000e-01   5.0000000e-01   7.0710678e-01
   4.5584454e-01   6.8376746e-01   5.6979629e-01
   9.3979185e-01   1.2814794e-04   3.4174736e-01
   4.5732675e-01   6.2882688e-01   6.2883146e-01
   8.9442960e-01   4.4720876e-01   1.3416414e-04
   5.0833221e-01   7.9167763e-01   3.3888772e-01
   9.1381048e-01   1.3706980e-04   4.0614084e-01
   5.5469983e-01   8.3205053e-01   1.3867509e-04
   1.9611551e-01   9.8058079e-01   1.1766969e-04
   7.0710677e-01   7.0710677e-01   1.4142061e-04
   2.2360795e-01   6.7082001e-01   7.0710678e-01
   6.8599514e-01   5.1449700e-01   5.1449344e-01
   8.3204990e-01   5.5470077e-01   1.3867519e-04
   8.0177649e-01   2.6726555e-01   5.3453119e-01
   3.9821800e-01   7.9643188e-01   4.5510294e-01
   6.3402906e-01   3.4583327e-01   6.9166936e-01
   1.3165213e-04   9.2163553e-01   3.8805660e-01
   8.4799990e-01   1.4129825e-04   5.2999637e-01
   3.4174302e-01   9.3979343e-01   1.2815196e-04
   6.6666670e-01   6.6666670e-01   3.3333321e-01
   4.4721545e-01   8.9442625e-01   1.3416414e-04
   9.9996875e-05   9.9999999e-01   9.9992048e-05
   1.4141808e-04   7.0710677e-01   7.0710678e-01
   5.6076522e-01   7.2900785e-01   3.9254290e-01
   9.9999999e-01   9.9890795e-05   9.9992048e-05
   5.0701705e-01   8.6193601e-01   1.3827511e-04
   6.5158556e-01   4.7387264e-01   5.9235207e-01
   7.3192326e-01   6.7963770e-01   4.8794799e-02
   4.5146744e-01   7.3363337e-01   5.0789687e-01
   4.3514208e-01   8.1589384e-01   3.8074744e-01
   6.5492357e-01   7.5569511e-01   1.4169234e-04
   6.4372836e-01   2.9259837e-01   7.0710678e-01
   6.4483200e-01   6.4483200e-01   4.1034544e-01
   1.8219513e-01   9.5652421e-01   2.2774190e-01
   2.5716685e-01   8.7438629e-01   4.1147761e-01
   8.6193877e-01   5.0701236e-01   1.3827511e-04
   9.2490877e-01   2.9206532e-01   2.4339601e-01
   1.3416234e-04   8.9442819e-01   4.4721158e-01
   7.8140395e-01   5.5814613e-01   2.7907126e-01
   4.7058903e-01   5.2940946e-01   7.0588355e-01
   9.6152397e-01   2.7472101e-01   1.2541469e-04
   3.4583466e-01   6.3402830e-01   6.9166936e-01
   5.7928665e-01   4.0549596e-01   7.0710678e-01
   5.2941318e-01   7.0588435e-01   4.7058365e-01
   1.4012251e-04   7.9435913e-01   6.0744839e-01
   9.0226149e-01   2.5061611e-01   3.5087856e-01
   7.3192072e-01   4.8791681e-02   6.7964066e-01
   9.8837168e-01   1.1402478e-04   1.5205727e-01
   6.7957899e-01   7.3197753e-01   4.8798501e-02
   1.2869718e-04   9.4385804e-01   3.3035131e-01
   5.9999994e-01   8.0000003e-01   1.4117639e-04
   8.0640557e-01   1.4228964e-04   5.9136286e-01
   4.3412168e-01   5.5815622e-01   7.0710678e-01
   2.7471497e-01   9.6152570e-01   1.2541469e-04
   7.5210856e-01   5.2021448e-01   4.0461043e-01
   6.7082042e-01   2.2360672e-01   7.0710678e-01
   4.1147736e-01   8.7438431e-01   2.5717398e-01
   7.0710677e-01   1.4140680e-04   7.0710678e-01
   8.8378764e-01   1.3952988e-04   4.6788821e-01
   9.7280606e-01   1.2158448e-04   2.3162116e-01
   2.9260250e-01   6.4372648e-01   7.0710678e-01
   5.3499261e-01   6.5388399e-01   5.3499405e-01
   1.1391572e-04   9.8837168e-01   1.5205727e-01
   6.7720101e-01   3.9502706e-01   6.2076759e-01
   6.3298429e-01   5.7542411e-01   5.1789765e-01
   6.8376576e-01   5.6980424e-01   4.5583715e-01
   2.6279394e-01   8.4093990e-01   4.7303216e-01
   5.9481432e-01   7.5703337e-01   2.7036345e-01
   7.9999963e-01   6.0000048e-01   1.4117639e-04
   7.7777876e-01   4.4444244e-01   4.4444472e-01
   1.4167555e-04   7.5568979e-01   6.5492970e-01
   9.8058025e-01   1.9611822e-01   1.1767012e-04
   2.4354255e-01   9.2481130e-01   2.9225176e-01
   7.5568863e-01   6.5493104e-01   1.4168646e-04
   3.9503298e-01   6.7719900e-01   6.2076603e-01
   9.2163482e-01   3.8805830e-01   1.3166155e-04
   1.3867205e-04   8.3205199e-01   5.5469764e-01
   3.8805918e-01   9.2163445e-01   1.3166155e-04
   8.7899204e-01   3.6204045e-01   3.1032195e-01
   3.6204239e-01   8.7899123e-01   3.1032197e-01
   9.5782558e-01   1.2493203e-04   2.8735021e-01
   5.2941181e-01   4.7058803e-01   7.0588245e-01
   8.7438366e-01   4.1147870e-01   2.5717405e-01
   7.7994179e-01   4.8715982e-02   6.2395316e-01
   5.1789381e-01   5.7542851e-01   6.3298344e-01
   7.5568979e-01   1.4160533e-04   6.5492970e-01
   5.7542571e-01   5.1789684e-01   6.3298351e-01
   4.8792970e-02   7.3192064e-01   6.7964066e-01
   5.5856686e-17   2.5088445e-17   1.0000000e+00
