   8.3205008e-01   1.3866763e-04   5.5470050e-01
   9.3979163e-01   3.4174798e-01   1.2815081e-04
   7.9715457e-01   4.5438758e-01   3.9758837e-01
   7.0710677e-01   1.4141768e-04   7.0710678e-01
   6.7964055e-01   7.3192069e-01   4.8793775e-02
   2.6725393e-01   8.0178125e-01   5.3452985e-01
   9.9999999e-01   9.9993848e-05   9.9999176e-05
   5.0000000e-01   5.0000000e-01   7.0710678e-01
   7.7676968e-01   1.5535189e-01   6.1032341e-01
   6.4372644e-01   2.9260257e-01   7.0710678e-01
   3.5087855e-01   9.0225916e-01   2.5062453e-01
   2.3572650e-01   9.4279757e-01   2.3572389e-01
   7.8140449e-01   5.5814529e-01   2.7907144e-01
   3.3859922e-01   6.2076611e-01   7.0710678e-01
   6.3402577e-01   6.9167559e-01   3.4582685e-01
   4.9025754e-01   8.7157761e-01   1.3761747e-04
   2.9260149e-01   6.4372693e-01   7.0710678e-01
   9.2163539e-01   1.3164333e-04   3.8805695e-01
   1.9611471e-01   9.8058095e-01   1.1766967e-04
   8.0000100e-01   1.4114262e-04   5.9999865e-01
   9.4385816e-01   1.2870597e-04   3.3035095e-01
   1.4017993e-04   7.9435529e-01   6.0745342e-01
   8.9442639e-01   4.4721518e-01   1.3416316e-04
   9.2490771e-01   2.9206796e-01   2.4339685e-01
   7.5569072e-01   1.4168354e-04   6.5492864e-01
   7.0588191e-01   4.7058780e-01   5.2941275e-01
   1.4139944e-04   7.0710677e-01   7.0710678e-01
   8.0000071e-01   5.9999903e-01   1.4117491e-04
   6.5493109e-01   7.5568859e-01   1.4169161e-04
   9.1285883e-01   4.0571645e-01   4.5639096e-02
   6.7720067e-01   3.9503328e-01   6.2076401e-01
   6.0744990e-01   7.9435798e-01   1.4017968e-04
   5.7928454e-01   4.0549898e-01   7.0710678e-01
   4.0893899e-01   7.0105095e-01   5.8420584e-01
   1.3802330e-04   8.7415605e-01   4.8564512e-01
   7.0710677e-01   7.0710678e-01   1.4142095e-04
   6.7082030e-01   2.2360709e-01   7.0710678e-01
   6.2076733e-01   3.3859699e-01   7.0710678e-01
   2.8171184e-01   7.3246954e-01   6.1977965e-01
   8.6193682e-01   1.3825840e-04   5.0701568e-01
   2.2360192e-01   6.7082202e-01   7.0710678e-01
   7.7539482e-01   3.8769913e-01   4.9844985e-01
   9.7014250e-01   1.2126212e-04   2.4253558e-01
   8.4795522e-01   3.1804027e-01   4.2405464e-01
   1.2869039e-04   9.4385816e-01   3.3035095e-01
   4.5732677e-01   6.2882905e-01   6.2882927e-01
   4.7058778e-01   5.2941192e-01   7.0588254e-01
   9.9984581e-05   9.9999999e-01   9.9999176e-05
   3.9821517e-01   7.9643323e-01   4.5510306e-01
   7.3192149e-01   6.7963969e-01   4.8793775e-02
   1.1402551e-04   9.8837171e-01   1.5205707e-01
   3.3034875e-01   9.4385893e-01   1.2870636e-04
   6.5158657e-01   5.9234873e-01   4.7387544e-01
   5.3499401e-01   6.5388183e-01   5.3499529e-01
   6.2882770e-01   4.5732864e-01   6.2882927e-01
   9.8837171e-01   1.1402885e-04   1.5205707e-01
   9.6152345e-01   2.7472285e-01   1.2541451e-04
   1.3164167e-04   9.2163539e-01   3.8805695e-01
   2.6277921e-01   8.4094577e-01   4.7302992e-01
   8.6193519e-01   5.0701846e-01   1.3827763e-04
   5.3499397e-01   5.3499572e-01   6.5388151e-01
   5.0789631e-01   7.3363399e-01   4.5146707e-01
   1.4130017e-04   8.4799884e-01   5.2999806e-01
   3.2491005e-01   8.6645225e-01   3.7906986e-01
   7.3362857e-01   5.0790251e-01   4.5146889e-01
   9.8058117e-01   1.9611365e-01   1.1766967e-04
   4.0549767e-01   5.7928545e-01   7.0710678e-01
   1.3405027e-04   8.9442766e-01   4.4721263e-01
   5.6979774e-01   6.8376655e-01   4.5584410e-01
   4.8413586e-02   8.2307453e-01   5.6586610e-01
   4.2399982e-01   8.4799778e-01   3.1799987e-01
   7.4471836e-01   3.4336238e-01   5.7227339e-01
   8.7904700e-01   3.6196255e-01   3.1025714e-01
   4.4721359e-01   8.9442718e-01   1.3416316e-04
   6.7719765e-01   6.2076716e-01   3.9503350e-01
   2.5061734e-01   9.0226090e-01   3.5087920e-01
   5.7735110e-01   5.7735110e-01   5.7734860e-01
   3.8805433e-01   9.2163649e-01   1.3166135e-04
   7.2900432e-01   5.6077236e-01   3.9253924e-01
   7.5568927e-01   6.5493031e-01   1.4169172e-04
   6.6666501e-01   3.3333399e-01   6.6666800e-01
   5.2940916e-01   4.7058787e-01   7.0588456e-01
   5.5469768e-01   8.3205196e-01   1.3867508e-04
   7.2000268e-01   6.0923483e-01   3.3230868e-01
   1.2620790e-04   9.6761673e-01   2.5242394e-01
   9.0225537e-01   2.5063060e-01   3.5088396e-01
   4.5146786e-01   7.3363408e-01   5.0789546e-01
   8.4094436e-01   4.7302592e-01   2.6279093e-01
   5.0851161e-01   7.9151048e-01   3.3900899e-01
   9.5652876e-01   1.8218908e-01   2.2772761e-01
   1.4110485e-04   7.5257821e-01   6.5850286e-01
   2.7471842e-01   9.6152471e-01   1.2541451e-04
   5.6077224e-01   7.2900441e-01   3.9253925e-01
   7.3192064e-01   4.8792116e-02   6.7964072e-01
   6.3298300e-01   5.1788566e-01   5.7543633e-01
   8.4094215e-01   2.6279077e-01   4.7302992e-01
   8.3205036e-01   5.5470008e-01   1.3867506e-04
   3.3333364e-01   6.6666571e-01   6.6666747e-01
   6.1118575e-17   3.7308445e-18   1.0000000e+00
   8.9442688e-01   1.3415912e-04   4.4721419e-01
