   3.3282162e-01   8.3204954e-01   4.4376044e-01
   4.4721359e-01   8.9442718e-01   1.3416392e-04
   7.5181590e-01   5.2047797e-01   4.0481543e-01
   4.5614728e-02   9.1286036e-01   4.0571574e-01
   6.5158332e-01   5.9234922e-01   4.7387928e-01
   9.2163472e-01   3.8805854e-01   1.3166180e-04
   7.5569231e-01   6.5492680e-01   1.4169173e-04
   6.5492852e-01   7.5569082e-01   1.4169173e-04
   7.3363612e-01   4.5145728e-01   5.0790193e-01
   1.1762176e-04   9.8058300e-01   1.9610448e-01
   1.5204954e-01   9.8837287e-01   1.1404219e-04
   9.9943039e-05   9.9999999e-01   9.9997816e-05
   7.0710660e-01   7.0710694e-01   1.4142136e-04
   7.5569028e-01   1.4166195e-04   6.5492915e-01
   8.9442718e-01   1.3413783e-04   4.4721359e-01
   1.4140937e-04   7.0710677e-01   7.0710678e-01
   7.3192220e-01   4.8793127e-02   6.7963896e-01
   7.9435496e-01   6.0745385e-01   1.4017877e-04
   7.7994199e-01   4.8722720e-02   6.2395239e-01
   2.2360608e-01   6.7082063e-01   7.0710678e-01
   9.9999999e-01   9.9991597e-05   9.9997816e-05
   6.4372740e-01   2.9260046e-01   7.0710678e-01
   5.5469788e-01   8.3205183e-01   1.3867505e-04
   4.7305032e-01   8.4092559e-01   2.6280705e-01
   6.2395135e-01   7.7994136e-01   4.8746171e-02
   8.7415360e-01   4.8564954e-01   1.3802263e-04
   7.3192161e-01   6.7963950e-01   4.8794571e-02
   9.7280637e-01   1.2159880e-04   2.3161984e-01
   7.4443379e-01   3.4352700e-01   5.7254479e-01
   5.0701708e-01   8.6193600e-01   1.3827718e-04
   4.0549926e-01   5.7928434e-01   7.0710678e-01
   8.2404081e-01   5.6653043e-01   1.4163248e-04
   8.3205018e-01   1.3866009e-04   5.5470035e-01
   3.3035157e-01   9.4385795e-01   1.2870430e-04
   5.9655177e-01   5.3689706e-01   5.9654634e-01
   2.9260208e-01   6.4372667e-01   7.0710678e-01
   3.3859826e-01   6.2076664e-01   7.0710678e-01
   4.5509937e-01   7.9643817e-01   3.9820951e-01
   6.7964068e-01   7.3192052e-01   4.8794571e-02
   6.2076737e-01   3.3859692e-01   7.0710678e-01
   1.4229954e-04   8.0640410e-01   5.9136487e-01
   4.2399923e-01   8.4799846e-01   3.1799886e-01
   1.3415461e-04   8.9442718e-01   4.4721359e-01
   9.5782731e-01   2.8734443e-01   1.2493123e-04
   1.2814469e-04   9.3979343e-01   3.4174302e-01
   1.4168263e-04   7.5569028e-01   6.5492915e-01
   9.8837189e-01   1.1399336e-04   1.5205592e-01
   5.8834841e-01   3.9223227e-01   7.0710678e-01
   4.5731377e-01   6.2883294e-01   6.2883483e-01
   3.3229475e-01   7.2001149e-01   6.0923201e-01
   6.8599506e-01   5.1449377e-01   5.1449678e-01
   9.0225977e-01   3.5087480e-01   2.5062758e-01
   3.1028251e-01   8.7902418e-01   3.6199621e-01
   9.3979430e-01   3.4174063e-01   1.2815364e-04
   3.8769415e-01   7.7538830e-01   4.9846388e-01
   5.2941497e-01   7.0588616e-01   4.7057893e-01
   4.7058878e-01   5.2941009e-01   7.0588324e-01
   3.3333315e-01   6.6666630e-01   6.6666712e-01
   9.1285908e-01   4.5640296e-02   4.0571574e-01
   6.2076747e-01   6.7719690e-01   3.9503431e-01
   1.3760066e-04   8.7157744e-01   4.9025783e-01
   9.2490709e-01   2.4339726e-01   2.9206959e-01
   4.9999988e-01   5.0000012e-01   7.0710678e-01
   2.7907291e-01   7.8140384e-01   5.5814546e-01
   6.8376366e-01   4.5584244e-01   5.6980254e-01
   6.7082336e-01   2.2359789e-01   7.0710678e-01
   5.5815544e-01   4.3412269e-01   7.0710678e-01
   6.4483045e-01   4.1034942e-01   6.4483102e-01
   3.5088212e-01   9.0225692e-01   2.5062758e-01
   2.5242477e-01   9.6761652e-01   1.2620756e-04
   8.6193519e-01   1.3821502e-04   5.0701846e-01
   4.5145660e-01   7.3363641e-01   5.0790211e-01
   7.9643462e-01   3.9821396e-01   4.5510168e-01
   7.0710677e-01   1.4141780e-04   7.0710678e-01
   6.9167262e-01   6.3402803e-01   3.4582864e-01
   4.8780780e-02   7.3192303e-01   6.7963896e-01
   9.8058108e-01   1.9611407e-01   1.1762165e-04
   8.9442718e-01   4.4721359e-01   1.3416392e-04
   8.5231292e-01   5.2088423e-01   4.7353033e-02
   8.4094386e-01   2.6278233e-01   4.7303158e-01
   9.5782619e-01   1.2492175e-04   2.8734818e-01
   9.3979343e-01   1.2814934e-04   3.4174302e-01
   8.4799846e-01   4.2399923e-01   3.1799886e-01
   1.3866355e-04   8.3205018e-01   5.5470035e-01
   5.1789168e-01   6.3298041e-01   5.7543375e-01
   1.2541579e-04   9.6152365e-01   2.7472215e-01
   8.0176732e-01   5.3454217e-01   2.6727109e-01
   5.7544041e-01   6.3296971e-01   5.1789736e-01
   4.8744629e-02   7.7994062e-01   6.2395239e-01
   5.7259512e-01   7.4438253e-01   3.4355418e-01
   8.0640410e-01   1.4229062e-04   5.9136487e-01
   5.9136382e-01   8.0640487e-01   1.4214389e-04
   5.1789300e-01   5.7542996e-01   6.3298278e-01
   8.7902392e-01   3.1028283e-01   3.6199657e-01
   3.8805782e-01   9.2163502e-01   1.3129645e-04
   5.2940723e-01   4.7058965e-01   7.0588481e-01
   4.0894395e-01   7.0104858e-01   5.8420522e-01
   2.3568417e-01   9.4281323e-01   2.3570358e-01
   6.6666631e-01   3.3333314e-01   6.6666712e-01
   5.2689098e-17   3.1197089e-17   1.0000000e+00
