   8.3205036e-01   1.3866225e-04   5.5470009e-01
   6.6666684e-01   6.6666635e-01   3.3333362e-01
   5.0000019e-01   4.9999982e-01   7.0710677e-01
   4.5732625e-01   6.2882337e-01   6.2883533e-01
   7.9153684e-01   3.3898903e-01   5.0848388e-01
   7.0710678e-01   1.4141443e-04   7.0710677e-01
   5.7735160e-01   5.7735118e-01   5.7734803e-01
   7.0710704e-01   7.0710651e-01   1.4142032e-04
   5.2941114e-01   7.0588114e-01   4.7059075e-01
   6.4483197e-01   6.4483149e-01   4.1034630e-01
   3.3860114e-01   6.2076508e-01   7.0710677e-01
   3.8806461e-01   9.2163216e-01   1.3166013e-04
   1.4016603e-04   7.9435897e-01   6.0744861e-01
   6.0923325e-01   7.2000580e-01   3.3230483e-01
   5.9240138e-01   4.7385661e-01   6.5155239e-01
   6.2076633e-01   3.3859886e-01   7.0710677e-01
   3.0151135e-01   9.0453405e-01   3.0151128e-01
   1.3867262e-04   8.3205036e-01   5.5470009e-01
   6.8376502e-01   5.6980546e-01   4.5583674e-01
   4.0894100e-01   7.0105089e-01   5.8420451e-01
   8.9442710e-01   1.3415788e-04   4.4721375e-01
   7.3191989e-01   6.7964135e-01   4.8794581e-02
   3.3034884e-01   9.4385890e-01   1.2870790e-04
   4.5146666e-01   7.3363175e-01   5.0789991e-01
   9.5651354e-01   1.8220957e-01   2.2777517e-01
   8.0640451e-01   5.9136430e-01   1.4230586e-04
   6.7081957e-01   2.2360930e-01   7.0710677e-01
   5.7928458e-01   4.0549894e-01   7.0710677e-01
   2.2360680e-01   6.7082041e-01   7.0710677e-01
   5.7544295e-01   6.3296350e-01   5.1790212e-01
   9.0225710e-01   3.5087940e-01   2.5063076e-01
   9.6152365e-01   2.7472215e-01   1.2541578e-04
   9.4385815e-01   3.3035099e-01   1.2870790e-04
   2.9259888e-01   6.4372814e-01   7.0710677e-01
   1.3822792e-04   8.6193522e-01   5.0701840e-01
   4.1147707e-01   8.7438596e-01   2.5716886e-01
   5.1789016e-01   5.7543859e-01   6.3297725e-01
   5.0701999e-01   8.6193428e-01   1.3827799e-04
   1.3414084e-04   8.9442710e-01   4.4721375e-01
   9.2163536e-01   1.3163759e-04   3.8805700e-01
   2.5723562e-01   8.7431972e-01   4.1157606e-01
   9.2163324e-01   3.8806204e-01   1.3166013e-04
   9.4385751e-01   1.2869982e-04   3.3035282e-01
   8.1583852e-01   3.8080160e-01   4.3519841e-01
   7.7994084e-01   6.2395200e-01   4.8746115e-02
   1.3166119e-04   9.2163536e-01   3.8805700e-01
   4.0549860e-01   5.7928482e-01   7.0710677e-01
   8.3205189e-01   5.5469779e-01   1.3867478e-04
   7.4437919e-01   5.7259679e-01   3.4355865e-01
   1.2541583e-04   9.6152520e-01   2.7471671e-01
   3.7222492e-01   8.5023355e-01   3.7222510e-01
   5.1789530e-01   6.3298213e-01   5.7542861e-01
   1.4134888e-04   7.0710678e-01   7.0710677e-01
   8.9442719e-01   4.4721358e-01   1.3416312e-04
   6.7964152e-01   7.3191974e-01   4.8794581e-02
   7.0590617e-01   4.7057247e-01   5.2939402e-01
   7.3192000e-01   4.8791669e-02   6.7964144e-01
   3.3229693e-01   7.2001443e-01   6.0922736e-01
   8.6193504e-01   5.0701871e-01   1.3827782e-04
   6.5492882e-01   7.5569056e-01   1.4169133e-04
   1.2814992e-04   9.3979295e-01   3.4174435e-01
   8.7881845e-01   3.1052924e-01   3.6228403e-01
   8.0640481e-01   1.4229254e-04   5.9136390e-01
   5.5470006e-01   8.3205037e-01   1.3867478e-04
   3.3896785e-01   7.9156659e-01   5.0845171e-01
   7.3363031e-01   5.0790171e-01   4.5146696e-01
   5.6802151e-01   7.9522516e-01   2.1205782e-01
   4.7058837e-01   5.2941139e-01   7.0588254e-01
   5.6077402e-01   7.2900108e-01   3.9254289e-01
   2.3569971e-01   9.4281205e-01   2.3569280e-01
   9.2474752e-01   2.4364296e-01   2.9236984e-01
   4.4444591e-01   7.7777505e-01   4.4444775e-01
   6.0745482e-01   7.9435421e-01   1.4018043e-04
   4.7302669e-01   8.4094250e-01   2.6279548e-01
   4.8791626e-02   7.3192000e-01   6.7964144e-01
   1.5205368e-01   9.8837223e-01   1.1402844e-04
   6.4372619e-01   2.9260315e-01   7.0710677e-01
   4.4721281e-01   8.9442757e-01   1.3416312e-04
   9.7014252e-01   1.2126525e-04   2.4253553e-01
   7.7994749e-01   4.8736038e-02   6.2394448e-01
   4.9846338e-01   7.7538847e-01   3.8769444e-01
   6.9167049e-01   3.4583332e-01   6.3402780e-01
   6.5387688e-01   5.3499314e-01   5.3500221e-01
   2.5242241e-01   9.6761713e-01   1.2621069e-04
   7.7538878e-01   4.9846290e-01   3.8769444e-01
   9.8837401e-01   1.1391323e-04   1.5204210e-01
   8.7157565e-01   1.3759541e-04   4.9026101e-01
   8.4093993e-01   4.7303125e-01   2.6279548e-01
   9.8057994e-01   1.9611976e-01   1.1766296e-04
   5.2940743e-01   4.7058973e-01   7.0588461e-01
   1.1757139e-04   9.8058218e-01   1.9610859e-01
   9.9999999e-01   9.9991168e-05   9.9977043e-05
   1.4168399e-04   7.5568958e-01   6.5492995e-01
   9.9982705e-05   9.9999999e-01   9.9977043e-05
   3.3333249e-01   6.6666642e-01   6.6666733e-01
   7.5568958e-01   1.4168969e-04   6.5492995e-01
   8.4799389e-01   4.2400480e-01   3.1800359e-01
   7.2900215e-01   3.9252685e-01   5.6078385e-01
   7.5568905e-01   6.5493056e-01   1.4169133e-04
   4.1086529e-17   4.5401504e-17   1.0000000e+00
