   4.9167815e-01   2.9880236e-01
   3.1507098e-01   4.3868817e-01
   4.2877679e-01   3.4518951e-01
   1.0612831e-01   6.7422661e-01
   7.5284190e-02   7.2562037e-01
   4.6891588e-01   3.1522568e-01
   1.0175908e-01   6.8100303e-01
   2.4314850e-02   8.4406782e-01
   2.3111429e-01   5.1925654e-01
   1.7987094e-01   5.7588806e-01
   9.7379966e-02   6.8794238e-01
   3.4064880e-01   4.1634875e-01
   4.8401812e-01   3.0428590e-01
   3.3985158e-02   8.1564938e-01
   8.1285061e-01   9.8417726e-02
   9.2989621e-02   6.9505802e-01
   9.7642398e-01   1.1858328e-02
   4.7642884e-01   3.0976176e-01
   9.1031121e-01   4.5897702e-02
   7.9736328e-02   7.1762380e-01
   3.6026167e-01   3.9978199e-01
   1.5817803e-01   6.0228400e-01
   6.1803666e-02   7.5139658e-01
   8.7955685e-01   6.2153085e-02
   9.3162992e-01   3.4790228e-02
   1.4086210e-01   6.2468401e-01
   5.5848040e-03   9.2526847e-01
   1.5240579e-01   6.0960817e-01
   5.7257896e-02   7.6071379e-01
   8.9990093e-01   5.1368925e-02
   4.9999718e-01   2.9289522e-01
   8.6961231e-01   6.7469948e-02
   2.1634993e-01   5.3486569e-01
   1.6539761e-01   5.9330896e-01
   1.3508788e-01   6.3245698e-01
   2.2371751e-01   5.2701216e-01
   7.0813572e-02   7.3389182e-01
   6.6321013e-02   7.4247135e-01
   1.9162492e-03   9.5622503e-01
   4.1991726e-01   3.5198978e-01
   9.4254830e-01   2.9150739e-02
   4.6147105e-01   3.2068341e-01
   1.1194164e-01   6.6542321e-01
   4.5409227e-01   3.2613632e-01
   1.2353056e-01   6.4853087e-01
   1.8712724e-01   5.6741795e-01
   3.2140878e-01   4.3307076e-01
   1.9364374e-02   8.6084408e-01
   8.8586552e-02   7.0236508e-01
   4.3773152e-01   3.3838719e-01
   8.3748766e-01   8.4856490e-02
   9.9980077e-01   9.9626310e-05
   3.7691168e-01   3.8606868e-01
   1.6010125e-02   8.7346889e-01
   2.9184047e-02   8.2916663e-01
   2.7624097e-01   4.7441370e-01
   1.2931179e-01   6.4040052e-01
   2.9627390e-01   4.5568953e-01
   8.8965148e-01   5.6786627e-02
   8.0000512e-01   1.0556995e-01
   3.5367941e-01   4.0529050e-01
   2.0901014e-01   5.4282374e-01
   3.0250528e-01   4.4999521e-01
   9.1355181e-03   9.0442011e-01
   9.2088496e-01   4.0372499e-02
   4.3421863e-02   7.9162088e-01
   3.6854800e-01   3.9291846e-01
   3.2778282e-01   4.2747681e-01
   3.0877008e-01   4.4432917e-01
   3.8534993e-01   3.7923441e-01
   4.8071876e-02   7.8074702e-01
   9.6493984e-01   1.7686494e-02
   2.6104191e-01   4.8907740e-01
   2.9007506e-01   4.6141384e-01
   1.2603869e-02   8.8773306e-01
   4.0246497e-01   3.6559874e-01
   8.5015530e-01   7.7961342e-02
   1.4663320e-01   6.1707287e-01
   8.2505785e-01   9.1673059e-02
   4.4678108e-01   3.3158316e-01
   5.2681975e-02   7.7047447e-01
   3.8729063e-02   8.0320300e-01
   2.3854285e-01   5.1159152e-01
   8.5981356e-01   7.2738682e-02
   2.6861977e-01   4.8171460e-01
   9.5365254e-01   2.3448655e-02
   4.1114754e-01   3.5879213e-01
   1.7262869e-01   5.8451392e-01
   9.8929564e-05   9.9005368e-01
   2.8390722e-01   4.6717056e-01
   1.1774048e-01   6.5686668e-01
   2.4600544e-01   5.0401066e-01
   2.0169463e-01   5.5089576e-01
   8.4169163e-02   7.0988079e-01
   9.8810714e-01   5.9642234e-03
   3.4714316e-01   4.1081145e-01
   2.5350444e-01   4.9650777e-01
   3.3419564e-01   4.2190344e-01
   3.9386674e-01   3.7241198e-01
   1.9440091e-01   5.5909082e-01
