   9.5917794e-02   6.9029403e-01
   9.6494114e-01   1.7685836e-02
   7.2306590e-02   7.3110117e-01
   3.1823546e-01   4.3587639e-01
   1.0175972e-01   6.8100202e-01
   9.7642374e-01   1.1858449e-02
   1.1339215e-01   6.6326250e-01
   1.1918881e-01   6.5476269e-01
   2.9938605e-01   4.5283819e-01
   1.3653216e-01   6.3049743e-01
   4.4860283e-01   3.3022182e-01
   2.0901013e-01   5.4282375e-01
   6.3311800e-02   7.4838165e-01
   3.3741761e-01   4.1912343e-01
   8.9990253e-01   5.1368082e-02
   3.7021698e-01   3.9154542e-01
   4.1289451e-01   3.5743133e-01
   8.0000262e-01   1.0557135e-01
   3.1191678e-01   4.4150491e-01
   3.7693746e-03   9.3860478e-01
   9.1031028e-01   4.5898187e-02
   1.4374575e-01   6.2086185e-01
   4.2168192e-01   3.5062961e-01
   4.3056080e-01   3.4382869e-01
   3.5572478e-02   8.1139334e-01
   2.7471363e-01   4.7586870e-01
   4.4976553e-02   7.8792325e-01
   1.9162381e-03   9.5622516e-01
   1.9440039e-01   5.5909142e-01
   1.5817635e-01   6.0228610e-01
   1.6009608e-02   8.7347094e-01
   3.5040603e-01   4.0804897e-01
   9.9980205e-01   9.8986209e-05
   5.5850805e-03   9.2526662e-01
   9.5364910e-01   2.3450416e-02
   4.9612293e-02   7.7726184e-01
   9.4254902e-01   2.9150372e-02
   2.5945521e-02   8.3892388e-01
   8.1285081e-01   9.8417614e-02
   1.0758263e-01   6.7200210e-01
   1.2604631e-02   8.8772966e-01
   2.6255430e-01   4.8759949e-01
   1.8712742e-01   5.6741774e-01
   2.2371706e-01   5.2701264e-01
   7.8254273e-02   7.2026036e-01
   1.7987125e-01   5.7588770e-01
   2.2674457e-02   8.4941961e-01
   3.7859381e-01   3.8470024e-01
   3.0791225e-02   8.2452573e-01
   8.6961255e-01   6.7469821e-02
   1.9364556e-02   8.6084343e-01
   1.2497628e-01   6.4648016e-01
   4.8401776e-01   3.0428616e-01
   2.8083539e-01   4.7006097e-01
   8.7955742e-01   6.2152784e-02
   3.9558009e-01   3.7104843e-01
   3.3098396e-01   4.2468796e-01
   3.6356730e-01   3.9703458e-01
   2.4450950e-01   5.0552099e-01
   8.3748825e-01   8.4856168e-02
   1.3075650e-01   6.3839733e-01
   9.0055455e-02   6.9990760e-01
   9.8786743e-05   9.9006086e-01
   2.9317003e-01   4.5854823e-01
   5.8775936e-02   7.5756252e-01
   5.4210884e-02   7.6716770e-01
   8.4170197e-02   7.0987901e-01
   4.6704952e-01   3.1658979e-01
   6.7820613e-02   7.3957610e-01
   1.6539814e-01   5.9330831e-01
   8.8965311e-01   5.6785763e-02
   2.6861974e-01   4.8171462e-01
   9.1353680e-03   9.0442090e-01
   4.0419341e-01   3.6423794e-01
   8.5015431e-01   7.7961882e-02
   4.5777435e-01   3.2340977e-01
   2.0169430e-01   5.5089612e-01
   4.9167888e-01   2.9880183e-01
   2.8698704e-01   4.6428830e-01
   2.5651395e-01   4.9352795e-01
   3.4389041e-01   4.1357831e-01
   3.8704703e-01   3.7786897e-01
   8.2505750e-01   9.1673252e-02
   3.2459011e-01   4.3027191e-01
   1.7262814e-01   5.8451458e-01
   9.3162850e-01   3.4790962e-02
   9.2088453e-01   4.0372720e-02
   9.8810848e-01   5.9635471e-03
   4.0298089e-02   7.9925618e-01
   3.5696480e-01   4.0253470e-01
   8.5981244e-01   7.2739288e-02
   4.9999984e-01   2.9289334e-01
   2.3854232e-01   5.1159206e-01
   3.0563402e-01   4.4715825e-01
   1.5095760e-01   6.1146739e-01
   4.3953318e-01   3.3702702e-01
   2.3111507e-01   5.1925572e-01
   2.5049996e-01   4.9950030e-01
   2.1635065e-01   5.3486493e-01
   4.7643119e-01   3.0976006e-01
