   2.4313459e-02   8.4407228e-01
   7.9736005e-02   7.1762437e-01
   3.4064892e-01   4.1634864e-01
   2.6861977e-01   4.8171460e-01
   9.1031117e-01   4.5897724e-02
   9.7257260e-01   1.3809049e-02
   1.4314563e-02   8.8035654e-01
   3.7694535e-03   9.3860414e-01
   8.1285178e-01   9.8417079e-02
   8.5015438e-01   7.7961844e-02
   8.5643423e-02   7.0735103e-01
   1.5817616e-01   6.0228634e-01
   3.0791249e-02   8.2452566e-01
   2.8390695e-01   4.6717082e-01
   1.7262871e-01   5.8451390e-01
   8.6961159e-01   6.7470334e-02
   2.1024461e-02   8.5500188e-01
   2.7568800e-02   8.3396147e-01
   3.3985725e-02   8.1564784e-01
   8.5981445e-01   7.2738203e-02
   7.3720714e-03   9.1413925e-01
   1.9161659e-03   9.5622599e-01
   1.3220055e-01   6.3640608e-01
   5.2682045e-02   7.7047432e-01
   2.5350439e-01   4.9650782e-01
   3.8728721e-02   8.0320388e-01
   3.5367980e-01   4.0529017e-01
   9.9980131e-01   9.9359985e-05
   4.9167909e-01   2.9880168e-01
   9.8810767e-01   5.9639601e-03
   1.1484214e-01   6.6111634e-01
   3.0877073e-01   4.4432859e-01
   6.1803200e-02   7.5139752e-01
   1.9440137e-01   5.5909031e-01
   9.1523322e-02   6.9747179e-01
   4.1991757e-01   3.5198954e-01
   9.8029432e-01   9.9018700e-03
   1.2063647e-01   6.5267241e-01
   2.0169401e-01   5.5089645e-01
   9.5364996e-01   2.3449981e-02
   4.1114716e-01   3.5879243e-01
   4.9999730e-01   2.9289513e-01
   3.8534933e-01   3.7923490e-01
   1.2642186e-01   6.4444149e-01
   8.0000041e-01   1.0557259e-01
   3.4714331e-01   4.1081132e-01
   4.8401899e-01   3.0428528e-01
   9.3162944e-01   3.4790473e-02
   9.7380033e-02   6.8794227e-01
   3.6855007e-01   3.9291676e-01
   9.2088630e-01   4.0371802e-02
   8.8965203e-01   5.6786340e-02
   1.7693618e-02   8.6698266e-01
   2.0900983e-01   5.4282409e-01
   8.7955713e-01   6.2152935e-02
   3.6026185e-01   3.9978184e-01
   4.3421601e-02   7.9162151e-01
   2.9007394e-01   4.6141489e-01
   3.3419589e-01   4.2190323e-01
   8.3748895e-01   8.4855785e-02
   9.8614793e-05   9.9006952e-01
   1.8712678e-01   5.6741849e-01
   3.7691156e-01   3.8606877e-01
   2.4600524e-01   5.0401085e-01
   8.2505813e-01   9.1672906e-02
   9.4254857e-01   2.9150601e-02
   2.9627482e-01   4.5568868e-01
   2.3854244e-01   5.1159194e-01
   3.2778265e-01   4.2747695e-01
   8.9990194e-01   5.1368396e-02
   1.4374661e-01   6.2086071e-01
   3.2140809e-01   4.3307137e-01
   1.5096009e-01   6.1146419e-01
   3.1507143e-01   4.3868777e-01
   2.7624207e-01   4.7441266e-01
   1.7987032e-01   5.7588879e-01
   4.5593118e-01   3.2477325e-01
   3.9386695e-01   3.7241181e-01
   1.3797578e-01   6.2854910e-01
   4.3773098e-01   3.3838760e-01
   4.0246571e-01   3.6559815e-01
   5.7257847e-02   7.6071390e-01
   3.0250548e-01   4.4999503e-01
   9.6493831e-01   1.7687272e-02
   1.0903639e-01   6.6979343e-01
   4.2877791e-01   3.4518866e-01
   4.8071477e-02   7.8074793e-01
   1.0321651e-01   6.7872675e-01
   1.0878353e-02   8.9570067e-01
   6.6321174e-02   7.4247104e-01
   4.7454809e-01   3.1112550e-01
   4.6518606e-01   3.1795451e-01
   2.3111464e-01   5.1925617e-01
   7.0813975e-02   7.3389106e-01
   1.6539689e-01   5.9330985e-01
   2.2371716e-01   5.2701253e-01
   7.5285330e-02   7.2561829e-01
   4.4677974e-01   3.3158417e-01
   2.1635021e-01   5.3486540e-01
   2.6104137e-01   4.8907793e-01
