   1.7693379e-02   8.6698355e-01
   1.9148991e-01   5.6240442e-01
   2.0608078e-01   5.4603880e-01
   4.0940473e-01   3.6015258e-01
   7.3718402e-03   9.1414059e-01
   8.7955810e-01   6.2152419e-02
   1.6250844e-01   5.9687665e-01
   1.0878772e-02   8.9569867e-01
   4.4496331e-01   3.3294430e-01
   4.6526355e-02   7.8430033e-01
   3.1349213e-01   4.4009633e-01
   1.6973557e-01   5.8801024e-01
   4.1862909e-02   7.9539574e-01
   3.0720190e-01   4.4574204e-01
   3.4226797e-01   4.1496328e-01
   4.2699814e-01   3.4654906e-01
   3.5861061e-01   4.0115896e-01
   1.4374700e-01   6.2086020e-01
   2.9472059e-01   4.5711826e-01
   1.4314759e-02   8.8035571e-01
   8.1285324e-01   9.8416270e-02
   3.6688576e-01   3.9428906e-01
   8.0000110e-01   1.0557220e-01
   3.7691088e-03   9.3860695e-01
   9.6493930e-01   1.7686769e-02
   9.1031125e-01   4.5897682e-02
   8.8965257e-01   5.6786052e-02
   8.6961220e-01   6.7470006e-02
   8.3124468e-01   8.8273801e-02
   2.4301479e-01   5.0703471e-01
   4.6332509e-01   3.1932013e-01
   4.7832171e-01   3.0839195e-01
   3.8365688e-01   3.8059958e-01
   5.5736213e-02   7.6391483e-01
   9.2088476e-01   4.0372596e-02
   3.2391706e-02   8.2002305e-01
   2.1024474e-02   8.5500183e-01
   1.2642190e-01   6.4444143e-01
   1.9162923e-03   9.5622454e-01
   9.4254764e-01   2.9151082e-02
   4.7078578e-01   3.1386170e-01
   9.8810807e-01   5.9637551e-03
   1.8422262e-01   5.7078839e-01
   1.7697121e-01   5.7932055e-01
   7.9736284e-02   7.1762388e-01
   4.8592642e-01   3.0291578e-01
   3.3419339e-01   4.2190539e-01
   2.1341080e-01   5.3803595e-01
   8.5981298e-01   7.2738999e-02
   8.5643334e-02   7.0735119e-01
   2.7568890e-02   8.3396120e-01
   1.4951762e-01   6.1332493e-01
   3.1982001e-01   4.3447370e-01
   9.1523475e-02   6.9747155e-01
   1.0903631e-01   6.6979355e-01
   8.4063390e-01   8.3139114e-02
   3.0094414e-01   4.5141626e-01
   3.2618522e-01   4.2887373e-01
   1.0321694e-01   6.7872608e-01
   2.4314807e-02   8.4406796e-01
   1.2063649e-01   6.5267236e-01
   2.8236968e-01   4.6861534e-01
   3.9215722e-01   3.7377543e-01
   6.9318739e-02   7.3671549e-01
   9.7379987e-02   6.8794234e-01
   2.7014054e-01   4.8024956e-01
   3.5040618e-01   4.0804885e-01
   4.9999899e-01   2.9289394e-01
   4.3593255e-01   3.3974812e-01
   8.2198629e-01   9.3365414e-02
   9.7180748e-05   9.9014199e-01
   7.3796921e-02   7.2834413e-01
   8.9990150e-01   5.1368621e-02
   2.5802067e-01   4.9204266e-01
   3.7153498e-02   8.0724759e-01
   5.1148873e-02   7.7383885e-01
   6.4817157e-02   7.4540788e-01
   1.3220132e-01   6.3640501e-01
   2.2815103e-01   5.2234843e-01
   9.5364962e-01   2.3450153e-02
   1.1484185e-01   6.6111677e-01
   1.3797481e-01   6.2855041e-01
   8.5015445e-01   7.7961803e-02
   4.1815606e-01   3.5335013e-01
   2.3556651e-01   5.1464807e-01
   1.9877379e-01   5.5415946e-01
   2.6406785e-01   4.8612469e-01
   4.9360424e-01   2.9743027e-01
   4.5409260e-01   3.2613608e-01
   6.0291103e-02   7.5445755e-01
   9.9980128e-01   9.9371763e-05
   1.5528945e-01   6.0593219e-01
   9.7642665e-01   1.1856975e-02
   9.3162964e-01   3.4790370e-02
   2.8852939e-01   4.6285070e-01
   2.7624050e-01   4.7441415e-01
   3.7523379e-01   3.8743671e-01
   2.2076655e-01   5.3014199e-01
   2.5050017e-01   4.9950009e-01
   4.0073875e-01   3.6696072e-01
