   8.5981341e-01   7.2738769e-02
   9.2088416e-01   4.0372916e-02
   1.8858036e-01   5.6574161e-01
   8.1285218e-01   9.8416857e-02
   4.9167901e-01   2.9880174e-01
   2.4003221e-01   5.1006919e-01
   7.3713053e-03   9.1414371e-01
   2.0315515e-01   5.4927266e-01
   1.4313778e-02   8.8035981e-01
   3.9386710e-01   3.7241169e-01
   9.3162778e-01   3.4791334e-02
   2.8852991e-01   4.6285021e-01
   1.1774090e-01   6.5686608e-01
   1.3508811e-01   6.3245667e-01
   4.8072010e-02   7.8074671e-01
   8.7955873e-01   6.2152084e-02
   8.3124497e-01   8.8273640e-02
   3.8728831e-02   8.0320359e-01
   1.2352992e-01   6.4853178e-01
   7.0813807e-02   7.3389137e-01
   4.3421820e-02   7.9162098e-01
   2.7624140e-01   4.7441329e-01
   3.7692035e-03   9.3860618e-01
   4.3773049e-01   3.3838797e-01
   2.8237025e-01   4.6861479e-01
   4.5409297e-01   3.2613580e-01
   2.3259871e-01   5.1771512e-01
   1.4663169e-01   6.1707483e-01
   1.7407569e-01   5.8277622e-01
   4.9999995e-01   2.9289326e-01
   1.8132043e-01   5.7418264e-01
   4.8401826e-01   3.0428580e-01
   4.2877729e-01   3.4518913e-01
   9.1031142e-01   4.5897591e-02
   4.0246556e-01   3.6559827e-01
   2.9183914e-02   8.2916701e-01
   4.1114768e-01   3.5879202e-01
   3.6026060e-01   3.9978288e-01
   4.7643183e-01   3.0975960e-01
   2.1024578e-02   8.5500147e-01
   9.9980029e-01   9.9868760e-05
   7.6771039e-02   7.2292414e-01
   1.1194143e-01   6.6542352e-01
   8.4063288e-01   8.3139673e-02
   8.6961241e-01   6.7469895e-02
   3.4551587e-01   4.1219403e-01
   2.1047507e-01   5.4122440e-01
   3.2618720e-01   4.2887201e-01
   2.5500910e-01   4.9501576e-01
   1.4086150e-01   6.2468481e-01
   1.0030029e-01   6.8329779e-01
   1.7693268e-02   8.6698397e-01
   3.5204173e-01   4.0666896e-01
   8.0000122e-01   1.0557214e-01
   2.4314757e-02   8.4406811e-01
   3.0720135e-01   4.4574254e-01
   1.0612925e-01   6.7422517e-01
   3.1349267e-01   4.4009585e-01
   2.2519486e-01   5.2545301e-01
   4.6147031e-01   3.2068395e-01
   8.2693336e-02   7.1243552e-01
   1.5240345e-01   6.0961117e-01
   3.3903175e-01   4.1773568e-01
   5.7258077e-02   7.6071341e-01
   8.5015489e-01   7.7961566e-02
   8.2198550e-01   9.3365846e-02
   3.0094416e-01   4.5141623e-01
   4.1991780e-01   3.5198936e-01
   2.7014026e-01   4.8024982e-01
   3.1982051e-01   4.3447326e-01
   3.8535067e-01   3.7923381e-01
   1.5961870e-01   6.0047692e-01
   4.4677999e-01   3.3158398e-01
   2.1782136e-01   5.3328665e-01
   9.8810719e-01   5.9641965e-03
   3.6854977e-01   3.9291701e-01
   1.0878796e-02   8.9569855e-01
   9.7642234e-01   1.1859156e-02
   1.9585737e-01   5.5744226e-01
   9.6493866e-01   1.7687094e-02
   3.7691201e-01   3.8606841e-01
   3.3258884e-01   4.2329485e-01
   2.9472056e-01   4.5711829e-01
   1.9159767e-03   9.5622814e-01
   9.5364939e-01   2.3450267e-02
   4.6891649e-01   3.1522524e-01
   8.8586486e-02   7.0236519e-01
   2.6255390e-01   4.8759987e-01
   6.6321062e-02   7.4247125e-01
   9.4254788e-01   2.9150958e-02
   9.4454721e-02   6.9266514e-01
   8.8965159e-01   5.6786571e-02
   8.9990193e-01   5.1368395e-02
   5.2681851e-02   7.7047474e-01
   9.8729192e-05   9.9006376e-01
   2.4750226e-01   5.0250402e-01
   1.6684213e-01   5.9153688e-01
   6.1802787e-02   7.5139835e-01
   1.2931222e-01   6.4039992e-01
   3.3985403e-02   8.1564871e-01
