   2.5999442e-02   9.7400057e-01
   2.0799977e-01   7.9200024e-01
   4.0799820e-01   5.9200181e-01
   2.3200023e-01   7.6799978e-01
   2.7999993e-01   7.2000008e-01
   2.5600036e-01   7.4399965e-01
   4.2399991e-01   5.7600010e-01
   3.3599993e-01   6.6400009e-01
   8.2001453e-02   9.1799856e-01
   4.1600091e-01   5.8399911e-01
   4.5800013e-01   5.4199989e-01
   8.4799997e-01   1.5200004e-01
   9.0000519e-02   9.0999949e-01
   2.7199984e-01   7.2800017e-01
   1.5999999e-01   8.4000003e-01
   4.9399937e-01   5.0600064e-01
   1.7999780e-02   9.8200023e-01
   3.8400022e-01   6.1599980e-01
   8.1200036e-01   1.8799966e-01
   8.9399997e-01   1.0600005e-01
   3.6800114e-01   6.3199887e-01
   9.7748420e-05   9.9990227e-01
   4.3999973e-01   5.6000028e-01
   1.6599894e-01   8.3400107e-01
   4.8199923e-01   5.1800079e-01
   8.3600049e-01   1.6399952e-01
   4.0000024e-01   5.9999978e-01
   4.7000004e-01   5.2999997e-01
   3.7600027e-01   6.2399974e-01
   2.1399989e-01   7.8600012e-01
   2.0199965e-01   7.9800036e-01
   9.9990102e-01   9.8988065e-05
   2.5000013e-01   7.4999988e-01
   8.0000003e-01   1.9999998e-01
   1.4800039e-01   8.5199962e-01
   2.2600041e-01   7.7399960e-01
   3.4399987e-01   6.5600014e-01
   9.1600042e-01   8.3999596e-02
   4.4599789e-01   5.5400213e-01
   3.5200000e-01   6.4800001e-01
   1.5400093e-01   8.4599909e-01
   8.2999959e-01   1.7000042e-01
   2.8799948e-01   7.1200054e-01
   4.1999597e-02   9.5800042e-01
   8.0599945e-01   1.9400056e-01
   3.9199992e-01   6.0800010e-01
   8.7799991e-01   1.2200010e-01
   4.6399980e-01   5.3600021e-01
   2.4400027e-01   7.5599974e-01
   9.8400308e-01   1.5996938e-02
   1.7799962e-01   8.2200039e-01
   2.3800009e-01   7.6199993e-01
   4.3200021e-01   5.6799980e-01
   8.8600062e-01   1.1399939e-01
   4.7599937e-01   5.2400065e-01
   6.6000002e-02   9.3400001e-01
   3.1199822e-01   6.8800179e-01
   5.0000012e-02   9.5000000e-01
   1.9000006e-01   8.0999995e-01
   3.5999989e-01   6.4000013e-01
   8.6999979e-01   1.3000023e-01
   2.1999957e-01   7.8000045e-01
   1.9599994e-01   8.0400008e-01
   1.7199975e-01   8.2800026e-01
   1.2999832e-01   8.7000169e-01
   4.8799965e-01   5.1200037e-01
   2.6399999e-01   7.3600002e-01
   9.6800032e-01   3.1999692e-02
   1.8400116e-01   8.1599885e-01
   1.3600032e-01   8.6399969e-01
   2.9600001e-01   7.0400001e-01
   4.5200012e-01   5.4799989e-01
   5.7999675e-02   9.4200034e-01
   9.9200014e-01   7.9998677e-03
   8.5399874e-01   1.4600128e-01
   1.0599980e-01   8.9400022e-01
   8.6200078e-01   1.3799924e-01
   3.2799932e-01   6.7200069e-01
   9.3199997e-01   6.8000047e-02
   3.0399961e-01   6.9600040e-01
   9.8000215e-02   9.0199980e-01
   9.2400428e-01   7.5995739e-02
   8.2400011e-01   1.7599991e-01
   1.4200001e-01   8.5800000e-01
   3.1999964e-01   6.8000037e-01
   1.2200133e-01   8.7799869e-01
   8.1800043e-01   1.8199958e-01
   9.3800588e-01   6.1994135e-02
   7.3999175e-02   9.2600084e-01
   9.9997363e-03   9.9000028e-01
   1.1399892e-01   8.8600109e-01
   9.6000705e-01   3.9992966e-02
   3.3999689e-02   9.6600032e-01
   8.4199942e-01   1.5800059e-01
   9.4400180e-01   5.5998210e-02
   9.7600360e-01   2.3996416e-02
   8.9999934e-01   1.0000068e-01
   9.5200351e-01   4.7996504e-02
   9.0800174e-01   9.1998273e-02
   4.9999849e-01   5.0000152e-01
