   3.0600027e-01   6.9399975e-01
   2.5200070e-01   7.4799931e-01
   2.9799984e-01   7.0200017e-01
   3.1399932e-01   6.8600069e-01
   3.6199979e-01   6.3800023e-01
   4.4200185e-01   5.5799816e-01
   8.1199893e-01   1.8800108e-01
   4.9400007e-01   5.0599994e-01
   3.5400034e-01   6.4599967e-01
   9.6800009e-01   3.1999925e-02
   4.8799914e-01   5.1200088e-01
   2.7599997e-01   7.2400004e-01
   4.0200063e-01   5.9799939e-01
   8.2400007e-01   1.7599995e-01
   2.4600003e-01   7.5399998e-01
   9.3600035e-01   6.3999668e-02
   4.1799979e-01   5.8200023e-01
   4.5799987e-01   5.4200014e-01
   2.6999997e-01   7.3000004e-01
   2.6400004e-01   7.3599997e-01
   2.2799999e-01   7.7200002e-01
   4.3400002e-01   5.6599999e-01
   2.3999980e-02   9.7600004e-01
   9.2800133e-01   7.1998678e-02
   4.7600072e-01   5.2399929e-01
   8.0599947e-01   1.9400055e-01
   3.2999886e-01   6.7000116e-01
   2.3400105e-01   7.6599897e-01
   2.8200000e-01   7.1800001e-01
   9.6000035e-01   3.9999661e-02
   4.1000018e-01   5.8999983e-01
   4.9999914e-01   5.0000087e-01
   2.0400003e-01   7.9599999e-01
   2.8999992e-01   7.1000010e-01
   9.0400143e-01   9.5998577e-02
   3.1999717e-02   9.6800030e-01
   3.8600119e-01   6.1399883e-01
   1.0799707e-01   8.9200295e-01
   4.7000004e-01   5.2999997e-01
   3.4600001e-01   6.5400001e-01
   1.7399971e-01   8.2600030e-01
   9.1199991e-01   8.8000098e-02
   8.1800060e-01   1.8199941e-01
   9.4400166e-01   5.5998355e-02
   1.5999990e-02   9.8400003e-01
   1.2799872e-01   8.7200129e-01
   1.8000026e-01   8.1999976e-01
   9.9985651e-05   9.9990003e-01
   3.7000016e-01   6.2999985e-01
   3.2200013e-01   6.7799988e-01
   2.0999962e-01   7.9000039e-01
   3.7800032e-01   6.2199969e-01
   1.6799924e-01   8.3200077e-01
   9.2000000e-01   8.0000017e-02
   2.3999977e-01   7.6000025e-01
   4.6400024e-01   5.3599978e-01
   8.2999931e-01   1.7000070e-01
   2.5800025e-01   7.4199976e-01
   3.9400047e-01   6.0599954e-01
   4.2599985e-01   5.7400016e-01
   9.7600109e-01   2.3998920e-02
   8.3995342e-02   9.1600467e-01
   2.2200057e-01   7.7799944e-01
   4.5000001e-01   5.5000001e-01
   9.9990037e-01   9.9638428e-05
   3.3800004e-01   6.6199998e-01
   2.1600000e-01   7.8400002e-01
   1.6199953e-01   8.3800048e-01
   9.9996929e-02   9.0000309e-01
   8.0000021e-01   1.9999980e-01
   4.5999943e-02   9.5400007e-01
   5.3999622e-02   9.4600039e-01
   7.5997781e-02   9.2400223e-01
   4.8200017e-01   5.1799984e-01
   8.8800118e-01   1.1199884e-01
   9.8400479e-01   1.5995229e-02
   8.5599863e-01   1.4400139e-01
   1.5600219e-01   8.4399783e-01
   6.2001555e-02   9.3799846e-01
   8.3599854e-01   1.6400148e-01
   9.1997829e-02   9.0800218e-01
   8.7200130e-01   1.2799872e-01
   7.9999096e-03   9.9200011e-01
   8.4200209e-01   1.5799793e-01
   1.5000255e-01   8.4999746e-01
   1.4199952e-01   8.5800050e-01
   8.5000205e-01   1.4999797e-01
   1.3400145e-01   8.6599856e-01
   9.9200096e-01   7.9990592e-03
   8.9600014e-01   1.0399988e-01
   1.8599958e-01   8.1400044e-01
   1.9199976e-01   8.0800025e-01
   6.9994819e-02   9.3000520e-01
   3.9999342e-02   9.6000067e-01
   1.2199772e-01   8.7800230e-01
   1.9800006e-01   8.0199995e-01
   9.5200058e-01   4.7999436e-02
   8.6399868e-01   1.3600134e-01
   1.1599710e-01   8.8400292e-01
   8.8000007e-01   1.1999994e-01
