   8.7338613e-01   4.8702843e-01
   1.0560007e-01   9.9440870e-01
   8.4660082e-01   5.3222841e-01
   9.3675189e-01   3.4999418e-01
   8.2118875e-01   5.7065670e-01
   7.1554026e-01   6.9857151e-01
   8.6228590e-01   5.0642181e-01
   7.0487094e-02   9.9751270e-01
   9.9244866e-01   1.2266088e-01
   2.6270231e-01   9.6487695e-01
   8.2990925e-01   5.5789844e-01
   3.0113117e-01   9.5358275e-01
   9.8383359e-01   1.7908516e-01
   1.4015218e-01   9.9012999e-01
   7.0710788e-01   7.0710570e-01
   8.5845946e-01   5.1288146e-01
   8.8965288e-02   9.9603474e-01
   8.9708918e-01   4.4184956e-01
   1.5549182e-01   9.8783720e-01
   9.4346027e-01   3.3148568e-01
   7.3208746e-01   6.8121068e-01
   8.8047109e-01   4.7409987e-01
   9.9894254e-01   4.5976346e-02
   7.5865895e-01   6.5148801e-01
   2.8323888e-01   9.5904941e-01
   9.7290974e-01   2.3118535e-01
   8.6974899e-01   4.9349440e-01
   9.3321244e-01   3.5932515e-01
   9.6407963e-01   2.6561344e-01
   8.4252179e-01   5.3866228e-01
   8.2557994e-01   5.6428520e-01
   9.5816872e-01   2.8620400e-01
   9.9048393e-01   1.3762857e-01
   9.4016702e-01   3.4071395e-01
   2.1718293e-01   9.7613094e-01
   9.9751262e-01   7.0488291e-02
   1.9520709e-01   9.8076206e-01
   9.0022693e-01   4.3542106e-01
   8.5061695e-01   5.2578592e-01
   9.9414993e-01   1.0800905e-01
   9.7550729e-01   2.1996720e-01
   8.8730497e-01   4.6118318e-01
   9.0927352e-01   4.1619911e-01
   2.7439421e-01   9.6161731e-01
   7.9831618e-01   6.0223857e-01
   1.8175478e-01   9.8334390e-01
   9.4968894e-01   3.1319474e-01
   9.4663362e-01   3.2231168e-01
   8.0764551e-01   5.8966834e-01
   8.0301154e-01   5.9596349e-01
   8.3838033e-01   5.4508574e-01
   2.9215380e-01   9.5637136e-01
   8.9389004e-01   4.4828632e-01
   2.2836952e-01   9.7357454e-01
   1.2266126e-01   9.9244861e-01
   2.0612933e-01   9.7852477e-01
   9.1359404e-01   4.0662756e-01
   7.8387371e-01   6.2092031e-01
   1.0000000e+00   9.7483394e-05
   2.5112981e-01   9.6795343e-01
   2.3968636e-01   9.7085039e-01
   7.4287232e-01   6.6943315e-01
   4.5976408e-02   9.9894254e-01
   9.2575481e-01   3.7812440e-01
   9.8129708e-01   1.9249951e-01
   9.5262824e-01   3.0413724e-01
   9.7852509e-01   2.0612781e-01
   7.2662110e-01   6.8703843e-01
   8.8391943e-01   4.6763925e-01
   8.3417565e-01   5.5149887e-01
   9.8614373e-01   1.6589323e-01
   8.1222231e-01   5.8334804e-01
   9.6077323e-01   2.7733522e-01
   9.1777956e-01   3.9709031e-01
   9.5545412e-01   2.9513971e-01
   9.2183215e-01   3.8758937e-01
   9.9011772e-05   1.0000000e+00
   7.3750208e-01   6.7534488e-01
   7.6381298e-01   6.4543765e-01
   1.6851391e-01   9.8569929e-01
   7.2110243e-01   6.9282849e-01
   9.9582169e-01   9.1319166e-02
   8.7696018e-01   4.8056308e-01
   8.5456997e-01   5.1933630e-01
   9.7014250e-01   2.4253569e-01
   7.5344996e-01   6.5750527e-01
   9.0481894e-01   4.2579656e-01
   9.8823951e-01   1.5291406e-01
   7.7894210e-01   6.2709588e-01
   3.0901607e-01   9.5105683e-01
   7.9355911e-01   6.0849319e-01
   8.1673632e-01   5.7701110e-01
   9.2954716e-01   3.6870328e-01
   7.8874714e-01   6.1471780e-01
   7.6891199e-01   6.3935466e-01
   8.9062882e-01   4.5473106e-01
   7.4818628e-01   6.6348875e-01
   7.7395692e-01   6.3323828e-01
   8.6604895e-01   4.9995924e-01
   9.6720126e-01   2.5401132e-01
