   8.6604924e-01   4.9995874e-01
   7.1554020e-01   6.9857158e-01
   9.4127795e-01   3.3763274e-01
   8.2557991e-01   5.6428525e-01
   8.4252220e-01   5.3866165e-01
   2.7439339e-01   9.6161754e-01
   9.9116914e-01   1.3260383e-01
   9.3440580e-01   3.5621038e-01
   8.2118868e-01   5.7065680e-01
   9.6044737e-02   9.9537703e-01
   9.5816790e-01   2.8620674e-01
   8.9062859e-01   4.5473151e-01
   8.9708899e-01   4.4184995e-01
   9.1914526e-01   3.9391879e-01
   9.7852531e-01   2.0612678e-01
   9.5068143e-01   3.1016906e-01
   9.8076124e-01   1.9521125e-01
   8.9388972e-01   4.4828696e-01
   2.3401083e-01   9.7223401e-01
   9.1500376e-01   4.0344535e-01
   9.6161769e-01   2.7439289e-01
   9.8742636e-01   1.5807981e-01
   7.9831624e-01   6.0223850e-01
   7.8874712e-01   6.1471784e-01
   1.8980314e-01   9.8182218e-01
   2.8324145e-01   9.5904865e-01
   1.0000000e+00   9.4605279e-05
   9.1072886e-01   4.1300481e-01
   7.4287234e-01   6.6943313e-01
   8.6974933e-01   4.9349380e-01
   9.8524593e-01   1.7114465e-01
   8.8047080e-01   4.7410041e-01
   9.9894261e-01   4.5975034e-02
   3.0112895e-01   9.5358344e-01
   9.7613135e-01   2.1718109e-01
   7.3750534e-01   6.7534132e-01
   9.6487711e-01   2.6270172e-01
   1.7643193e-01   9.8431286e-01
   3.0901533e-01   9.5105707e-01
   9.2315421e-01   3.8442989e-01
   9.6795330e-01   2.5113030e-01
   9.3790361e-01   3.4689602e-01
   7.2110237e-01   6.9282856e-01
   7.3208853e-01   6.8120952e-01
   8.3417602e-01   5.5149832e-01
   9.0631902e-01   4.2259421e-01
   5.0351950e-02   9.9873155e-01
   7.4818711e-01   6.6348782e-01
   8.4660116e-01   5.3222787e-01
   2.1163946e-01   9.7734782e-01
   8.6228594e-01   5.0642175e-01
   8.7338607e-01   4.8702854e-01
   2.0065304e-01   9.7966239e-01
   7.0710771e-01   7.0710587e-01
   9.7352439e-05   1.0000000e+00
   9.9466105e-01   1.0319603e-01
   7.8387485e-01   6.2091887e-01
   8.3838098e-01   5.4508473e-01
   9.4453098e-01   3.2842238e-01
   7.5056522e-02   9.9717929e-01
   7.6381302e-01   6.4543760e-01
   7.7894423e-01   6.2709322e-01
   8.8730505e-01   4.6118302e-01
   8.1222109e-01   5.8334976e-01
   1.3010435e-01   9.9150032e-01
   1.1285939e-01   9.9361098e-01
   9.8284580e-01   1.8442930e-01
   2.2275992e-01   9.7487335e-01
   1.4778408e-01   9.8901966e-01
   7.5865889e-01   6.5148808e-01
   8.7695996e-01   4.8056348e-01
   8.0301050e-01   5.9596491e-01
   9.9767061e-01   6.8215776e-02
   9.8939752e-01   1.4523285e-01
   8.1673593e-01   5.7701166e-01
   2.5689986e-01   9.6643804e-01
   1.6328018e-01   9.8657976e-01
   7.7395746e-01   6.3323762e-01
   8.8391935e-01   4.6763940e-01
   9.7085052e-01   2.3968584e-01
   8.5061666e-01   5.2578640e-01
   2.6561378e-01   9.6407953e-01
   8.0764698e-01   5.8966634e-01
   9.2703319e-01   3.7497933e-01
   9.5452467e-01   2.9813201e-01
   8.5456986e-01   5.1933649e-01
   2.4539105e-01   9.6942419e-01
   9.7357461e-01   2.2836924e-01
   9.3078275e-01   3.6557284e-01
   8.5845918e-01   5.1288193e-01
   7.5344928e-01   6.5750605e-01
   2.9215521e-01   9.5637094e-01
   7.9356148e-01   6.0849011e-01
   8.2990913e-01   5.5789862e-01
   9.0177291e-01   4.3221018e-01
   7.6891130e-01   6.3935549e-01
   9.9624073e-01   8.6628219e-02
   9.9304430e-01   1.1774152e-01
   9.4766487e-01   3.1926687e-01
   7.2662034e-01   6.8703924e-01
