   9.8742636e-01   1.5807976e-01
   9.5727618e-01   2.8917526e-01
   2.5401210e-01   9.6720106e-01
   1.0000000e+00   9.2154490e-05
   3.0901608e-01   9.5105683e-01
   8.2339201e-01   5.6747302e-01
   9.2829690e-01   3.7183987e-01
   9.9214002e-01   1.2513277e-01
   9.6043555e-02   9.9537714e-01
   7.9594610e-01   6.0536752e-01
   9.5991656e-01   2.8028598e-01
   1.2761561e-01   9.9182372e-01
   9.2446172e-01   3.8127491e-01
   6.1454001e-02   9.9810993e-01
   8.0994160e-01   5.8651056e-01
   8.5260131e-01   5.2256200e-01
   9.9894263e-01   4.5974418e-02
   9.4868378e-01   3.1622636e-01
   8.4457019e-01   5.3544489e-01
   8.7518080e-01   4.8379601e-01
   9.8976748e-01   1.4268974e-01
   8.8897478e-01   4.5795619e-01
   7.9655666e-02   9.9682245e-01
   1.8442977e-01   9.8284571e-01
   9.9751269e-01   7.0487352e-02
   8.9866540e-01   4.3863485e-01
   9.4237585e-01   3.3455611e-01
   9.6942387e-01   2.4539233e-01
   9.6643785e-01   2.5690059e-01
   9.7223374e-01   2.3401194e-01
   8.8220313e-01   4.7086905e-01
   8.1448662e-01   5.8018236e-01
   9.8233863e-01   1.8711184e-01
   8.0533662e-01   5.9281781e-01
   9.6327064e-01   2.6853248e-01
   7.1274122e-01   7.0142710e-01
   8.6417571e-01   5.0319019e-01
   1.5807982e-01   9.8742635e-01
   9.3558535e-01   3.5310068e-01
   2.3118586e-01   9.7290962e-01
   2.7733736e-01   9.6077261e-01
   7.8631896e-01   6.1782078e-01
   9.9582199e-01   9.1315872e-02
   7.3480069e-01   6.7828311e-01
   9.3200468e-01   3.6244627e-01
   9.1639877e-01   4.0026656e-01
   8.8561993e-01   4.6441078e-01
   7.8141682e-01   6.2400943e-01
   8.4045951e-01   5.4187439e-01
   8.7157607e-01   4.9026032e-01
   9.0330326e-01   4.2900262e-01
   7.2935804e-01   6.8413221e-01
   8.3205012e-01   5.5470047e-01
   9.3904206e-01   3.4380233e-01
   4.1628524e-02   9.9913317e-01
   9.7487337e-01   2.2275982e-01
   8.0067117e-01   5.9910409e-01
   2.6561333e-01   9.6407965e-01
   7.7144146e-01   6.3630032e-01
   8.6038080e-01   5.0965175e-01
   9.4558886e-01   3.2536400e-01
   7.4553679e-01   6.6646449e-01
   8.6790703e-01   4.9672671e-01
   8.2775263e-01   5.6109323e-01
   7.2386864e-01   6.8993784e-01
   9.5452493e-01   2.9813114e-01
   2.1996722e-01   9.7550728e-01
   1.9792790e-01   9.8021659e-01
   7.6637051e-01   6.4239884e-01
   7.7645785e-01   6.3016920e-01
   9.0780386e-01   4.1939501e-01
   2.0888035e-01   9.7794122e-01
   3.0113223e-01   9.5358241e-01
   8.4861694e-01   5.2900786e-01
   8.9388958e-01   4.4828723e-01
   2.8917638e-01   9.5727585e-01
   9.8478378e-01   1.7378416e-01
   7.5082487e-01   6.6050136e-01
   7.6124299e-01   6.4846676e-01
   8.3628576e-01   5.4829386e-01
   9.1216839e-01   4.0981565e-01
   8.1896997e-01   5.7383640e-01
   8.7872328e-01   4.7733157e-01
   7.0710860e-01   7.0710498e-01
   9.9414972e-01   1.0801094e-01
   7.4019524e-01   6.7239202e-01
   2.4253431e-01   9.7014284e-01
   7.5606026e-01   6.5450203e-01
   8.5652216e-01   5.1611028e-01
   7.9116147e-01   6.1160735e-01
   7.0992979e-01   7.0427248e-01
   9.2368303e-05   1.0000000e+00
   9.2049615e-01   3.9075167e-01
   7.1832849e-01   6.9570411e-01
   9.7734786e-01   2.1163931e-01
   9.7966225e-01   2.0065370e-01
   1.1284969e-01   9.9361208e-01
   1.7114540e-01   9.8524580e-01
   9.5166150e-01   3.0714883e-01
   1.4268771e-01   9.8976777e-01
