   5.0889099e-01   3.1178283e-01   8.4905314e-01
   4.8103220e-01   3.7835621e-01   8.6642234e-01
   4.9182053e-01   1.7132165e-01   8.5987580e-01
   4.9871592e-01   4.5474704e-01   8.5494154e-01
   4.7528703e-01   3.4377265e-01   8.7085946e-01
   4.7225740e-01   1.6886483e-01   9.4101695e-01
   5.1875858e-01   1.5280495e-01   8.4479719e-01
   5.0222019e-01   1.4750131e-01   8.5378380e-01
   5.0930131e-01   1.2947874e-01   9.4245860e-01
   1.1203513e+00   1.4243552e-01   8.5462697e-01
   4.8696596e-01   2.0352074e-01   8.6582481e-01
   7.9777897e-01   1.3445369e-01   8.7054326e-01
   4.7225745e-01   1.5501160e-01   1.1531967e+00
   4.9640339e-01   1.4180444e-01   8.8243889e-01
   5.3406891e-01   1.2947621e-01   9.3251383e-01
   4.7228860e-01   3.8126590e-01   8.7853195e-01
   4.9870694e-01   6.8831417e-01   8.5494771e-01
   4.7230010e-01   1.5607842e-01   8.7858849e-01
   4.9870680e-01   6.2036255e-01   8.5494774e-01
   4.9877063e-01   1.4364936e-01   8.5491261e-01
   5.0211933e-01   1.2948232e-01   1.1563927e+00
   4.9871538e-01   1.8498961e-01   8.5494172e-01
   4.9873857e-01   7.9399994e-01   8.5492865e-01
   4.9871281e-01   1.0396236e+00   8.5494368e-01
   4.9869540e-01   1.5193611e-01   8.5495482e-01
   4.9867701e-01   1.5948979e-01   8.5496732e-01
   4.9867105e-01   1.9310226e-01   8.5497193e-01
   4.9866890e-01   1.0691866e+00   8.5497383e-01
   4.9870129e-01   6.7457296e-01   8.5495109e-01
   4.9875878e-01   1.4556632e-01   8.5491697e-01
   4.9870953e-01   2.2735063e-01   8.5494602e-01
   4.9872294e-01   1.8100302e-01   8.5493739e-01
   4.9874559e-01   1.4962163e-01   8.5492547e-01
   4.9875470e-01   2.0335196e-01   8.5491996e-01
   4.9868200e-01   1.4811352e-01   8.5496378e-01
   4.9868335e-01   1.9985987e-01   8.5496294e-01
   4.9868104e-01   5.9812882e-01   8.5496479e-01
   4.9872285e-01   1.1919803e+00   8.5493748e-01
   4.9872286e-01   1.4637022e-01   8.5493765e-01
   4.9875047e-01   1.4766794e-01   8.5492204e-01
   4.9867188e-01   5.8164689e-01   8.5497127e-01
   4.9875471e-01   6.1701065e-01   8.5491989e-01
   4.9859601e-01   1.5533806e-01   8.5503905e-01
   4.9871124e-01   8.0807800e-01   8.5494460e-01
   4.9875544e-01   1.0420542e+00   8.5491989e-01
   4.9867937e-01   2.4254013e-01   8.5496566e-01
   4.9875158e-01   1.4682877e-01   8.5492167e-01
   8.8439490e-01   1.2948158e-01   8.9660725e-01
   4.9858830e-01   1.5743143e-01   8.5504759e-01
   4.9877174e-01   5.3134131e-01   8.5491070e-01
   4.9874743e-01   6.9195023e-01   8.5492309e-01
   4.9860320e-01   1.4320972e-01   8.5503593e-01
   4.9877069e-01   3.4680591e-01   8.5491088e-01
   4.9677404e-01   1.4187896e-01   8.7632823e-01
   4.7228957e-01   5.3795731e-01   8.7595614e-01
   4.9875467e-01   1.5288687e-01   8.5492061e-01
   4.9872263e-01   1.5109858e-01   8.5493768e-01
   4.9866343e-01   4.4941787e-01   8.5497806e-01
   4.9867866e-01   5.9917527e-01   8.5496637e-01
   4.9872286e-01   6.8259785e-01   8.5493748e-01
   4.9877022e-01   5.9175929e-01   8.5491088e-01
   4.9877169e-01   1.0794817e+00   8.5490994e-01
   4.9873851e-01   1.0905945e+00   8.5492909e-01
   4.9871552e-01   1.7470218e-01   8.5494175e-01
   4.9878527e-01   8.6199575e-01   8.5490380e-01
   4.9871127e-01   4.6322460e-01   8.5494460e-01
   4.9872133e-01   2.2724328e-01   8.5493817e-01
   4.9869995e-01   1.4411669e-01   8.5495224e-01
   4.9867385e-01   2.1615202e-01   8.5496975e-01
   4.9858877e-01   1.4758056e-01   8.5504900e-01
   4.9877075e-01   1.8437819e-01   8.5491085e-01
   4.9867475e-01   6.1109230e-01   8.5496910e-01
   4.9872263e-01   2.0738706e-01   8.5493762e-01
   4.9865711e-01   3.3806407e-01   8.5498268e-01
   1.1079858e+00   1.4237480e-01   8.5483364e-01
   4.9869225e-01   1.5437431e-01   8.5495707e-01
   4.9877316e-01   1.5306737e-01   8.5490881e-01
   4.9876975e-01   3.1903127e-01   8.5491108e-01
   4.9869283e-01   1.7074811e-01   8.5495663e-01
   4.9872706e-01   1.4669752e-01   8.5493521e-01
   4.9696785e-01   1.4283532e-01   8.7572724e-01
   4.9867405e-01   2.0125827e-01   8.5496957e-01
   4.9869781e-01   1.4448014e-01   8.5495355e-01
   4.9872414e-01   1.4885517e-01   8.5493666e-01
   4.9875158e-01   1.4405747e-01   8.5492226e-01
   4.9869785e-01   1.4741378e-01   8.5495349e-01
   4.9877173e-01   8.2002931e-01   8.5490999e-01
   4.9872291e-01   1.7429684e-01   8.5493746e-01
   4.9860322e-01   4.7319684e-01   8.5503559e-01
   4.9867067e-01   1.6414994e-01   8.5497193e-01
   4.9873634e-01   7.0316265e-01   8.5492994e-01
   4.9869895e-01   1.4402276e-01   8.5495266e-01
   4.9877750e-01   3.8726801e-01   8.5490880e-01
   4.9867161e-01   3.6813231e-01   8.5497143e-01
   4.9870774e-01   1.5585532e-01   8.5494696e-01
   4.9869518e-01   3.7563766e-01   8.5495530e-01
   4.9865934e-01   1.5654080e-01   8.5498112e-01
   4.9867067e-01   2.0454005e-01   8.5497210e-01
   4.9872410e-01   1.7295840e-01   8.5493672e-01
   4.9869517e-01   3.7611215e-01   8.5495517e-01
