   3.6948271e-01   1.4569917e-01   9.2533574e-01
   3.4352147e-01   1.4341660e-01   9.3080461e-01
   3.4979562e-01   1.3991836e-01   1.3218764e+00
   3.4753986e-01   1.6368043e-01   9.2682434e-01
   3.3662615e-01   1.4258789e-01   9.3952640e-01
   3.5470276e-01   1.5204494e-01   9.2438793e-01
   3.3952600e-01   2.7083042e-01   9.3274283e-01
   3.3661915e-01   2.2307014e-01   1.0052445e+00
   3.9981618e-01   1.3556398e-01   1.0664639e+00
   4.5446123e-01   1.3556394e-01   1.0229147e+00
   7.7492017e-01   1.3557287e-01   9.4849662e-01
   6.8495015e-01   1.3556375e-01   9.6747287e-01
   5.6568842e-01   1.4248987e-01   9.2625484e-01
   3.4814345e-01   1.6780637e-01   9.2660503e-01
   3.4820615e-01   1.5156159e-01   9.2655420e-01
   3.4823638e-01   1.4166912e+00   9.2654012e-01
   3.4825395e-01   2.3181407e-01   9.2653372e-01
   3.4825776e-01   6.5384530e-01   9.2653238e-01
   3.4821864e-01   1.4812493e-01   9.2654765e-01
   3.4825091e-01   1.4248294e-01   9.2653491e-01
   3.4820615e-01   1.5240541e-01   9.2655417e-01
   3.6872780e-01   1.4858934e-01   9.2584363e-01
   3.4822798e-01   1.4942954e-01   9.2654358e-01
   5.3114873e-01   1.4258980e-01   9.2626763e-01
   3.4823965e-01   1.4370301e-01   9.2653910e-01
   3.4825517e-01   7.9168466e-01   9.2653330e-01
   3.4821732e-01   1.4277364e-01   9.2654826e-01
   3.4827679e-01   2.1331858e-01   9.2652738e-01
   3.4825331e-01   1.4478444e-01   9.2653389e-01
   3.4823359e-01   1.4290898e-01   9.2654127e-01
   3.4813873e-01   2.4861569e-01   9.2661086e-01
   3.4814004e-01   3.5918359e-01   9.2660911e-01
   3.4827685e-01   8.0713171e-01   9.2652735e-01
   3.4821731e-01   1.4312911e-01   9.2654824e-01
   3.4823302e-01   1.4385206e-01   9.2654156e-01
   3.4820960e-01   5.1858057e-01   9.2655234e-01
   3.4824578e-01   1.4267221e-01   9.2653654e-01
   3.4824622e-01   1.4354789e-01   9.2653644e-01
   3.4816253e-01   1.4397985e-01   9.2658607e-01
   3.4822939e-01   1.4406403e-01   9.2654308e-01
   3.4826628e-01   4.7906716e-01   9.2652986e-01
   3.4820574e-01   3.2117250e-01   9.2655430e-01
   3.4821211e-01   1.4291680e-01   9.2655103e-01
   3.4827696e-01   1.4660386e-01   9.2652724e-01
   3.4824442e-01   1.4242342e-01   9.2653722e-01
   3.4821203e-01   2.4889606e-01   9.2655073e-01
   3.4824853e-01   1.6361514e-01   9.2653558e-01
   3.4821497e-01   1.4277046e-01   9.2654933e-01
   3.4816249e-01   1.4408027e-01   9.2658608e-01
   3.4824493e-01   1.4355945e-01   9.2653686e-01
   3.4823819e-01   7.5625269e-01   9.2653946e-01
   3.4826823e-01   1.8349552e-01   9.2652993e-01
   3.4825353e-01   1.4472283e-01   9.2653385e-01
   3.4823854e-01   4.6831056e-01   9.2653929e-01
   3.4818455e-01   1.9271641e-01   9.2656676e-01
   3.4822822e-01   1.4425164e-01   9.2654347e-01
   3.4825504e-01   5.9278147e-01   9.2653364e-01
   3.4813998e-01   1.4276538e-01   9.2661053e-01
   3.4825083e-01   1.4350179e-01   9.2653494e-01
   3.4817116e-01   1.4274181e-01   9.2657708e-01
   3.4824580e-01   1.4301495e-01   9.2653654e-01
   3.4825228e-01   1.7203951e-01   9.2653435e-01
   3.4824235e-01   1.4280879e-01   9.2653795e-01
   3.4817126e-01   1.9221978e-01   9.2657624e-01
   3.4824080e-01   5.1400102e-01   9.2653842e-01
   3.4822800e-01   1.4946011e-01   9.2654358e-01
   3.4820254e-01   1.4694919e-01   9.2655585e-01
   3.4824353e-01   1.4653248e-01   9.2653742e-01
   3.4814647e-01   1.4329497e-01   9.2660226e-01
   3.4823263e-01   2.7980918e-01   9.2654169e-01
   3.4823286e-01   1.4386004e-01   9.2654163e-01
   3.4794668e-01   1.4328208e-01   9.2742120e-01
   3.4825331e-01   1.7230957e-01   9.2653396e-01
   3.4821817e-01   1.4344865e-01   9.2654819e-01
   3.4823346e-01   1.4396618e-01   9.2654134e-01
   3.4825290e-01   1.4323427e-01   9.2653417e-01
   3.4814357e-01   1.6738066e-01   9.2660383e-01
   3.4796246e-01   1.4828493e-01   9.2715055e-01
   3.4814271e-01   1.4670200e-01   9.2660541e-01
   5.1916457e-01   1.4246778e-01   9.2646416e-01
   3.4825553e-01   1.4377994e-01   9.2653353e-01
   3.4822816e-01   1.4756117e-01   9.2654356e-01
   3.4821243e-01   1.4288416e-01   9.2655096e-01
   3.4816261e-01   6.0070618e-01   9.2658587e-01
   3.4816261e-01   1.0177222e+00   9.2658576e-01
   3.4825337e-01   1.4260657e-01   9.2653410e-01
   3.4814529e-01   1.4272576e-01   9.2660538e-01
   3.4818440e-01   1.9271824e-01   9.2656675e-01
   3.4825287e-01   1.5269160e-01   9.2653402e-01
   3.4823718e-01   5.1393295e-01   9.2653973e-01
   3.4777911e-01   1.4377265e-01   9.2735770e-01
   3.4825066e-01   5.9072036e-01   9.2653487e-01
   3.4814360e-01   1.4282981e-01   9.2660531e-01
   3.4818409e-01   1.9101573e-01   9.2656748e-01
   3.4824126e-01   1.4242305e-01   9.2653835e-01
   3.4823898e-01   2.6785654e-01   9.2653907e-01
   3.4822697e-01   1.8239568e-01   9.2654397e-01
   3.4825145e-01   2.3388162e-01   9.2653471e-01
   3.4824386e-01   8.4649620e-01   9.2653733e-01
   3.4822929e-01   3.0786068e-01   9.2654296e-01
