   3.9846741e-01   3.8863269e-01   8.7513450e-01
   4.1812121e-01   2.9174065e-01   1.3500743e+00
   4.0107530e-01   6.1034808e-01   8.6879627e-01
   4.1315395e-01   2.9673731e-01   9.1897726e-01
   4.5228651e-01   2.9173991e-01   1.2889131e+00
   4.0324397e-01   3.0033760e-01   8.6440457e-01
   4.0334065e-01   4.5954356e-01   8.6430423e-01
   3.9606517e-01   3.1680185e-01   8.9398880e-01
   4.0225254e-01   3.0166287e-01   9.7632235e-01
   3.9606472e-01   3.4549096e-01   9.1326587e-01
   4.4792995e-01   2.9174028e-01   9.1703685e-01
   4.5532890e-01   2.9173993e-01   1.0132998e+00
   3.9606473e-01   3.2320078e-01   1.2144346e+00
   4.9622895e-01   2.9173970e-01   1.0892035e+00
   3.9606472e-01   3.7032425e-01   8.9590150e-01
   4.3465292e-01   2.9173993e-01   1.9018316e+00
   4.2722385e-01   3.0604918e-01   8.6295681e-01
   4.4770532e-01   2.9173994e-01   9.4076783e-01
   4.4569295e-01   2.9174863e-01   8.7462452e-01
   4.5101259e-01   2.9173993e-01   1.0238837e+00
   3.9606473e-01   3.3750503e-01   9.3445975e-01
   3.9606472e-01   3.4550755e-01   8.9486086e-01
   3.9606472e-01   3.4581078e-01   8.9104940e-01
   4.0325736e-01   3.0036312e-01   8.6438981e-01
   4.0324476e-01   3.0033834e-01   8.6440389e-01
   4.0321535e-01   3.0035155e-01   8.6441984e-01
   4.0325695e-01   3.0035868e-01   8.6439052e-01
   4.0232695e-01   3.0158222e-01   9.7737401e-01
   4.0327650e-01   3.0029496e-01   1.2718113e+00
   4.0324508e-01   3.0034745e-01   8.6439911e-01
   4.0325612e-01   3.0033843e-01   8.6439798e-01
   4.0324310e-01   3.0033712e-01   8.6440551e-01
   4.0325936e-01   3.0036031e-01   8.6438924e-01
   4.0325526e-01   3.0035734e-01   8.6439146e-01
   4.0325164e-01   3.0034388e-01   8.6439773e-01
   4.0324765e-01   3.0033630e-01   8.6440381e-01
   4.0322997e-01   3.0037900e-01   8.6439731e-01
   4.0322992e-01   3.0037900e-01   8.6439732e-01
   4.0322433e-01   3.0035146e-01   8.6441079e-01
   4.0337648e-01   3.0055779e-01   8.6435392e-01
   4.0321905e-01   3.0036919e-01   8.6440758e-01
   4.0325014e-01   3.0034796e-01   8.6439656e-01
   4.0322264e-01   3.0038417e-01   8.6439970e-01
   4.0326915e-01   3.0034929e-01   8.6438947e-01
   4.0321639e-01   3.0035205e-01   8.6441822e-01
   4.0323402e-01   3.0038651e-01   8.6439359e-01
   4.0324281e-01   3.0033070e-01   8.6441011e-01
   4.0324320e-01   3.0033063e-01   8.6440994e-01
   4.0324582e-01   3.0034564e-01   8.6439975e-01
   4.0324613e-01   3.0035307e-01   8.6439635e-01
   4.0319675e-01   3.0042147e-01   8.6441867e-01
   4.0324489e-01   3.0033921e-01   8.6440363e-01
   5.9363824e-01   3.0034968e-01   8.6438818e-01
   4.0326949e-01   3.0035768e-01   8.6438744e-01
   4.0324844e-01   3.0033525e-01   8.6440352e-01
   4.0324607e-01   3.0034088e-01   8.6440166e-01
   4.0323929e-01   3.0036007e-01   8.6439759e-01
   4.0337751e-01   3.0026929e-01   8.6445681e-01
   4.0324627e-01   3.0034989e-01   8.6439753e-01
   4.0322951e-01   3.0037864e-01   8.6439805e-01
   4.0325936e-01   3.0036032e-01   8.6438924e-01
   4.0321760e-01   3.0035651e-01   8.6441474e-01
   4.0325032e-01   3.0033314e-01   8.6440409e-01
   4.0342658e-01   3.0025963e-01   8.7724871e-01
   4.0323819e-01   3.0036166e-01   8.6439756e-01
   4.0321528e-01   3.0035235e-01   8.6441957e-01
   3.9606522e-01   3.1680140e-01   9.1377289e-01
   4.0305297e-01   3.0119681e-01   1.1169901e+00
   4.0324411e-01   3.0033719e-01   8.6440483e-01
   4.0323788e-01   3.0032751e-01   8.6441718e-01
   4.0325232e-01   3.0034260e-01   8.6439790e-01
   4.0323360e-01   3.0033050e-01   8.6441813e-01
   4.0326823e-01   3.0035065e-01   8.6438937e-01
   4.0323132e-01   3.0039076e-01   8.6439441e-01
   4.0325914e-01   3.0034944e-01   8.6439311e-01
   4.0320632e-01   3.0034345e-01   8.6445577e-01
   4.0324675e-01   3.0033999e-01   8.6440167e-01
   4.0322748e-01   3.0037724e-01   8.6439908e-01
   4.0322542e-01   3.0040387e-01   8.6439685e-01
   4.0326344e-01   3.0034567e-01   8.6439294e-01
   4.0327628e-01   3.0034965e-01   8.6438836e-01
   4.0323854e-01   3.0033341e-01   8.6441129e-01
   4.0323329e-01   3.0039234e-01   8.6439340e-01
   4.0320794e-01   3.0036495e-01   8.6441994e-01
   4.0110718e-01   6.1001418e-01   8.6897184e-01
   4.0327622e-01   3.0034970e-01   8.6438841e-01
   4.0325845e-01   3.0035061e-01   8.6439272e-01
   4.0319357e-01   3.0043613e-01   8.6442257e-01
   4.0324452e-01   3.0033837e-01   8.6440386e-01
   4.0319667e-01   3.6395320e-01   8.6441872e-01
   4.0165990e-01   5.8798656e-01   8.7322319e-01
   4.0322991e-01   3.0037920e-01   8.6439730e-01
   4.0321577e-01   3.0035235e-01   8.6441939e-01
   4.0321646e-01   3.0040383e-01   8.6440181e-01
   4.0322431e-01   3.0037267e-01   8.6440332e-01
   4.0322573e-01   3.0038000e-01   8.6439962e-01
   4.0335752e-01   3.0027328e-01   8.6444241e-01
   4.0322186e-01   3.0037155e-01   8.6440432e-01
   4.0338819e-01   3.0057838e-01   8.6432717e-01
   3.9606472e-01   3.4628235e-01   8.9129062e-01
