   4.0487673e-01   9.2650453e-02   9.1100817e-01
   3.5897422e-01   2.0994451e-01   9.3297023e-01
   5.8647719e-01   8.2273490e-02   9.0624671e-01
   3.8785389e-01   1.0355880e-01   9.2126765e-01
   3.9984950e-01   3.8213379e-01   9.1416184e-01
   3.4636750e-01   9.5420292e-02   9.4001533e-01
   3.4101936e-01   2.3213012e-01   9.3886276e-01
   4.2164808e-01   1.0351019e-01   9.0382384e-01
   8.8560625e-01   6.7139474e-02   9.5024568e-01
   3.7984698e-01   1.7661409e-01   9.2247559e-01
   4.7044211e-01   7.1069591e-02   9.3183820e-01
   4.4776467e-01   8.8221911e-02   8.9575766e-01
   3.7172171e-01   5.5973549e-01   9.2914862e-01
   3.5072522e-01   3.6335603e-01   9.3614789e-01
   4.6070658e-01   1.0465420e-01   8.9565882e-01
   9.2246976e-01   6.6237056e-02   9.5363271e-01
   3.8352906e-01   6.2710944e-01   9.2161375e-01
   3.9359082e-01   5.4223246e-01   9.1783236e-01
   4.7598192e-01   1.0516379e-01   8.9565835e-01
   4.2456662e-01   9.3827853e-02   9.0223377e-01
   3.3637804e-01   6.6500581e-02   9.6586798e-01
   7.1098184e-01   7.6107945e-02   9.2175635e-01
   3.3618504e-01   9.2195820e-02   1.0487743e+00
   4.2677707e-01   8.6028715e-02   9.0168366e-01
   5.4246211e-01   8.9265884e-02   8.9568281e-01
   3.7172178e-01   5.4085308e-01   9.2916827e-01
   4.1245252e-01   6.4580274e-01   9.0744480e-01
   4.7614710e-01   8.9852515e-02   8.9565843e-01
   3.6152015e-01   2.1635752e-01   9.3096405e-01
   7.7501423e-01   6.6130755e-02   1.0158919e+00
   3.3616821e-01   4.4816549e-01   1.7490883e+00
   3.6361219e-01   6.6190209e-02   1.1676897e+00
   4.1759439e-01   5.8205548e-01   9.0539587e-01
   3.3634169e-01   7.3514604e-02   9.6028718e-01
   3.3618438e-01   2.5101284e-01   9.5139846e-01
   3.3620380e-01   7.9946415e-02   9.6163425e-01
   8.1852751e-01   6.6114759e-02   1.0703001e+00
   3.3866260e-01   6.6136091e-02   1.2952376e+00
   3.7179164e-01   8.3104716e-02   9.2910150e-01
   4.1035731e-01   1.2425486e+00   9.0834521e-01
   4.1027855e-01   1.3291743e+00   9.0839018e-01
   4.1036423e-01   1.0787102e+00   9.0834170e-01
   4.1040856e-01   6.2751233e-01   9.0832048e-01
   4.1039014e-01   1.1967459e+00   9.0832901e-01
   4.1037768e-01   5.4512065e-01   9.0833502e-01
   3.3664792e-01   1.4640555e-01   9.4428921e-01
   4.1037446e-01   5.8238385e-01   9.0833659e-01
   4.1037591e-01   6.2965348e-01   9.0833588e-01
   4.1027014e-01   2.0109447e-01   9.0839563e-01
   4.1039322e-01   1.0791619e+00   9.0832756e-01
   4.1039831e-01   1.2084816e+00   9.0832518e-01
   4.1041432e-01   7.4205591e-01   9.0831789e-01
   4.1036447e-01   3.1641269e-01   9.0834157e-01
   3.3618390e-01   4.1034293e-01   1.0034813e+00
   4.1035730e-01   7.2784200e-01   9.0834523e-01
   4.1035731e-01   5.0910573e-01   9.0834521e-01
   4.1038596e-01   1.8301240e-01   9.0833101e-01
   4.1038254e-01   2.9469076e-01   9.0833266e-01
   3.3631000e-01   7.5932350e-02   1.3828379e+00
   4.1041438e-01   9.2443590e-01   9.0831787e-01
   4.1037376e-01   7.5139118e-01   9.0833693e-01
   4.1038639e-01   6.9212050e-01   9.0833080e-01
   4.1027856e-01   1.3110605e+00   9.0839016e-01
   4.1041433e-01   5.6899723e-01   9.0831789e-01
   4.1038574e-01   6.4413094e-01   9.0833113e-01
   4.1040857e-01   8.9871271e-01   9.0832047e-01
   4.1037519e-01   4.6592780e-01   9.0833623e-01
   4.1040856e-01   1.6709174e+00   9.0832047e-01
   4.1037192e-01   4.1655060e-01   9.0833784e-01
   4.1027222e-01   1.1439573e+00   9.0839422e-01
   4.1041432e-01   7.3735788e-01   9.0831789e-01
   4.1035718e-01   4.1258760e-01   9.0834527e-01
   4.1035610e-01   9.8912812e-01   9.0834584e-01
   4.1046423e-01   1.3051251e+00   9.0829704e-01
   4.1039823e-01   1.6029517e+00   9.0832523e-01
   4.1037376e-01   1.5831327e+00   9.0833694e-01
   4.1039724e-01   1.1325758e+00   9.0832570e-01
   4.1036757e-01   9.2092201e-01   9.0834002e-01
   4.1050273e-01   1.1757960e+00   9.0828265e-01
   4.1038424e-01   9.6260772e-01   9.0833184e-01
   4.1042686e-01   1.2471906e+00   9.0831239e-01
   4.0486496e-01   2.0837159e-01   9.1243491e-01
   4.1050747e-01   4.0793115e-01   9.0828084e-01
   4.1027273e-01   8.1998522e-01   9.0839388e-01
   4.1039725e-01   1.0787528e+00   9.0832568e-01
   4.1035610e-01   2.2174575e-01   9.0834584e-01
   4.1039011e-01   1.5982518e+00   9.0832904e-01
   4.1037153e-01   5.6118082e-01   9.0833804e-01
   4.1050891e-01   9.6668521e-01   9.0828037e-01
   4.1035598e-01   1.2237303e+00   9.0834590e-01
   3.3741728e-01   6.6364285e-02   1.0579562e+00
   4.1037802e-01   7.1145005e-01   9.0833484e-01
   4.1035718e-01   1.0672927e+00   9.0834527e-01
   4.1037370e-01   9.1849299e-01   9.0833696e-01
   4.1037645e-01   9.6452544e-01   9.0833561e-01
   4.1039015e-01   1.2314458e+00   9.0832901e-01
   4.2268529e-01   9.4441274e-02   9.0604104e-01
   4.1040856e-01   6.5527036e-01   9.0832048e-01
   4.1037770e-01   1.7889969e-01   9.0833501e-01
   4.1038639e-01   6.0155786e-01   9.0833081e-01
