   4.9573137e-01   2.9603986e-01
   1.6250617e-01   5.9689276e-01
   4.7271334e-01   3.1252656e-01
   5.0351185e-01   2.9066744e-01
   1.3942627e-01   6.2673924e-01
   1.8131860e-01   5.7422434e-01
   4.9964366e-01   2.9332531e-01
   5.1315846e-01   2.8365356e-01
   5.2112193e-01   2.7821835e-01
   1.7114243e-01   5.8635932e-01
   4.7482188e-01   3.1129129e-01
   1.4676292e-01   6.1730671e-01
   1.6537920e-01   5.9347355e-01
   8.0144110e-01   1.0504527e-01
   1.8996892e-01   5.6422720e-01
   8.6667280e-01   6.9070121e-02
   8.4717897e-01   7.9691244e-02
   2.1238102e-01   5.4306499e-01
   1.7555220e-01   5.8108326e-01
   1.8408604e-01   5.7098504e-01
   5.3315586e-01   2.6986010e-01
   4.9758649e-01   2.9468577e-01
   8.1949455e-01   9.4855058e-02
   5.2513214e-01   2.7544672e-01
   1.5530968e-01   6.0601304e-01
   8.4116151e-01   8.3094544e-02
   4.8220586e-01   3.0570133e-01
   1.9146239e-01   5.6251360e-01
   5.4195312e-01   2.6452359e-01
   5.2715291e-01   2.7404483e-01
   1.3376249e-01   6.3507095e-01
   8.8844156e-01   6.4721649e-02
   8.7003235e-01   6.7479649e-02
   8.1638828e-01   9.6604543e-02
   8.3131584e-01   8.8277880e-02
   1.7841965e-01   5.7767190e-01
   8.6348511e-01   7.0927601e-02
   5.1514461e-01   2.8229200e-01
   4.6800363e-01   3.1614058e-01
   7.9242572e-01   1.1253598e-01
   4.9170719e-01   2.9882838e-01
   8.4457089e-01   8.1098976e-02
   5.1917093e-01   2.7950568e-01
   4.8977715e-01   3.0018267e-01
   5.4492214e-01   2.6396222e-01
   1.8716008e-01   5.6753129e-01
   8.3788798e-01   8.4856269e-02
   1.5962037e-01   6.0060941e-01
   5.2920645e-01   2.7257432e-01
   5.0935266e-01   2.8650877e-01
   4.8596219e-01   3.0293707e-01
   2.1071081e-01   5.4346114e-01
   1.4390592e-01   6.2078245e-01
   5.0537927e-01   2.8917673e-01
   5.0168188e-01   2.9191945e-01
   1.3088116e-01   6.3892089e-01
   8.5024232e-01   7.7965227e-02
   1.3524733e-01   6.3252411e-01
   5.1712015e-01   2.8090565e-01
   1.5238661e-01   6.0974557e-01
   1.3807554e-01   6.2896077e-01
   8.2567154e-01   9.1527891e-02
   2.0336817e-01   5.4909566e-01
   1.2940082e-01   6.4111241e-01
   5.0757644e-01   2.8778753e-01
   8.1414648e-01   9.8242009e-02
   1.4951820e-01   6.1345131e-01
   1.9735242e-01   5.5601922e-01
   4.8794577e-01   3.0160467e-01
   8.5992739e-01   7.2747958e-02
   5.3705490e-01   2.6719912e-01
   4.7683920e-01   3.0983234e-01
   8.7386924e-01   6.5590410e-02
   8.5370299e-01   7.6145952e-02
   8.2283880e-01   9.2974792e-02
   4.7853672e-01   3.0854037e-01
   1.5673444e-01   6.0417860e-01
   8.0719647e-01   1.0178685e-01
   5.2321556e-01   2.7675124e-01
   2.0763889e-01   5.4476845e-01
   2.0612601e-01   5.4632905e-01
   1.9586063e-01   5.5748938e-01
   4.6244212e-01   3.2035655e-01
   4.5850110e-01   3.2617662e-01
   2.0020512e-01   5.5262428e-01
   8.5706683e-01   7.4404015e-02
   1.4088209e-01   6.2478129e-01
   4.9382630e-01   2.9745128e-01
   4.6566114e-01   3.1825175e-01
   4.5992500e-01   3.2267490e-01
   1.7411662e-01   5.8284203e-01
   1.6837474e-01   5.8974321e-01
   5.3940977e-01   2.6589614e-01
   1.9442185e-01   5.5956108e-01
   7.9936031e-01   1.0650570e-01
   1.2584903e-01   6.4717413e-01
   7.9249383e-01   1.1214857e-01
   7.9522406e-01   1.1042348e-01
   8.2868903e-01   8.9796730e-02
   8.9378807e-01   6.4712173e-02
