   6.3327476e-02   7.4853131e-01
   1.0019450e-01   6.8364551e-01
   1.2311104e-01   6.4940341e-01
   7.8646786e-01   1.1326099e-01
   4.2888007e-01   3.4517976e-01
   1.0891963e-01   6.7015050e-01
   7.8923485e-01   1.1172055e-01
   7.2276470e-02   7.3128530e-01
   4.1641071e-01   3.5470993e-01
   7.6624230e-01   1.2472118e-01
   4.4321259e-01   3.3439001e-01
   7.5220974e-01   1.3271775e-01
   4.4790290e-01   3.3075993e-01
   6.9335316e-02   7.3680201e-01
   5.7110079e-02   7.6127013e-01
   7.8251887e-02   7.2031432e-01
   6.4832385e-02   7.4567505e-01
   8.4160279e-02   7.0994423e-01
   4.4147728e-01   3.3580691e-01
   7.4939216e-01   1.3432642e-01
   4.5306661e-01   3.2692869e-01
   8.2693216e-02   7.1243811e-01
   4.1998781e-01   3.5197896e-01
   1.1486555e-01   6.6130006e-01
   7.7210945e-01   1.2146474e-01
   7.6055610e-01   1.2793755e-01
   9.8758244e-02   6.8594627e-01
   4.0783386e-01   3.6152799e-01
   7.5781967e-01   1.2949115e-01
   9.5893823e-02   6.9043865e-01
   8.7023860e-02   7.0508275e-01
   6.0303538e-02   7.5478962e-01
   1.1921241e-01   6.5509452e-01
   4.1300215e-01   3.5736116e-01
   8.1184713e-02   7.1513744e-01
   5.4252079e-02   7.6795087e-01
   5.8702960e-02   7.5802794e-01
   1.0613581e-01   6.7445899e-01
   7.0808861e-02   7.3397448e-01
   6.1644888e-02   7.5184479e-01
   4.3951746e-01   3.3711226e-01
   4.0422120e-01   3.6425687e-01
   4.0096853e-01   3.6698136e-01
   7.3874725e-01   1.4064034e-01
   7.8330401e-01   1.1498352e-01
   1.2938725e-01   6.4131525e-01
   6.7677490e-02   7.4001353e-01
   3.8383394e-01   3.8382710e-01
   7.3412910e-01   1.4341950e-01
   7.4432706e-01   1.3747897e-01
   4.2458521e-01   3.4840850e-01
   4.3602125e-01   3.3969843e-01
   7.2801531e-01   1.4682187e-01
   5.5461611e-02   7.6477437e-01
   4.4503418e-01   3.3303858e-01
   7.6927531e-01   1.2294529e-01
   7.3058537e-01   1.4538815e-01
   6.6344261e-02   7.4285894e-01
   7.2538598e-01   1.4861941e-01
   1.1165268e-01   6.6613031e-01
   3.9246131e-01   3.7387375e-01
   4.5982157e-01   3.2237168e-01
   7.2070641e-01   1.5181445e-01
   7.1767614e-01   1.5554509e-01
   4.3235552e-01   3.4251324e-01
   9.4471488e-02   6.9289469e-01
   4.5013426e-01   3.2911569e-01
   1.0313706e-01   6.7908119e-01
   7.2376060e-01   1.4990990e-01
   7.9848474e-01   1.0708140e-01
   3.8901134e-01   3.7644047e-01
   3.9774230e-01   3.6936619e-01
   7.7763822e-01   1.1825472e-01
   7.1866982e-01   1.5305774e-01
   7.7494708e-01   1.1981055e-01
   4.0251979e-01   3.6564413e-01
   4.1123055e-01   3.5885823e-01
   4.5777035e-01   3.2376987e-01
   1.1783586e-01   6.5761038e-01
   4.2171268e-01   3.5063645e-01
   4.5604804e-01   3.2501715e-01
   7.9580507e-01   1.0832233e-01
   5.0763915e-02   7.8623005e-01
   3.8608804e-01   3.7897622e-01
   1.3749418e-01   6.3479571e-01
   4.6692511e-01   3.1825416e-01
   5.1189009e-02   7.7490221e-01
   9.1405775e-02   6.9776086e-01
   7.4176211e-01   1.3905755e-01
   1.2616292e-01   6.4572143e-01
   7.3765390e-02   7.2853104e-01
   7.5215484e-02   7.2578825e-01
   8.8558201e-02   7.0251001e-01
   1.3272464e-01   6.3746043e-01
   4.2703622e-01   3.4660107e-01
   3.8472831e-01   3.8144533e-01
   1.2066596e-01   6.5301846e-01
   3.9425192e-01   3.7224309e-01
   4.6330385e-01   3.1982519e-01
   5.2694220e-02   7.7144022e-01
