   2.1024080e-02   8.5513631e-01
   1.4307710e-02   8.8046020e-01
   1.8115849e-01   5.7442536e-01
   2.4152087e-01   5.0866179e-01
   2.2224839e-01   5.2873323e-01
   1.1628716e-01   6.5910851e-01
   7.2083317e-01   1.5144850e-01
   1.2787531e-01   6.4243349e-01
   2.2802659e-01   5.2263155e-01
   5.7256382e-02   7.6078550e-01
   7.6552961e-01   1.2640147e-01
   5.1325053e-01   2.8719234e-01
   6.7815878e-02   7.3965893e-01
   4.8208507e-01   3.0604290e-01
   1.0029867e-01   6.8337354e-01
   7.3103990e-01   1.4582597e-01
   6.3658346e-01   2.0236021e-01
   1.9431230e-01   5.5926691e-01
   1.0874573e-02   8.9577508e-01
   3.0749120e-01   4.4572795e-01
   9.0057723e-02   6.9994418e-01
   3.8722945e-02   8.0331735e-01
   2.4754720e-01   5.0258390e-01
   5.0069395e-01   2.9285715e-01
   5.2687984e-02   7.7051752e-01
   3.4947659e-01   4.0924837e-01
   1.8723794e-01   5.6738134e-01
   6.1807803e-02   7.5148015e-01
   1.2209981e-01   6.5067809e-01
   5.3935427e-01   2.7201049e-01
   3.5574153e-01   4.0373556e-01
   2.9221973e-01   4.5972378e-01
   1.7688160e-02   8.6706628e-01
   2.8419736e-01   4.6708746e-01
   3.6959759e-01   3.9225332e-01
   4.8925114e-01   3.0097117e-01
   2.7731402e-01   4.7368273e-01
   5.6260772e-01   2.5058967e-01
   4.4758433e-01   3.3141242e-01
   3.7656986e-03   9.3872703e-01
   7.5801325e-01   1.2965908e-01
   4.7283800e-01   3.1272033e-01
   5.4341088e-01   2.6344572e-01
   4.3409051e-02   7.9172216e-01
   3.3213877e-01   4.2378545e-01
   1.5681472e-01   6.0406454e-01
   7.3715752e-03   9.1423445e-01
   1.1049194e-01   6.6764913e-01
   1.6934933e-01   5.8855946e-01
   2.4310959e-02   8.4419040e-01
   1.4663597e-01   6.1712251e-01
   3.2465706e-01   4.3036588e-01
   5.8593021e-01   2.3614903e-01
   8.1205133e-02   7.1507917e-01
   3.6223739e-01   3.9838046e-01
   1.0467611e-01   6.7653600e-01
   2.7564126e-02   8.3414356e-01
   3.3974983e-02   8.1583338e-01
   6.2263943e-01   2.1172873e-01
   3.3977622e-01   4.1727977e-01
   3.8639895e-01   3.7870622e-01
   4.8073740e-02   7.8080433e-01
   2.1632194e-01   5.3494092e-01
   2.6101720e-01   4.8932109e-01
   7.2297303e-02   7.3114693e-01
   1.6395080e-01   5.9520070e-01
   4.6388485e-01   3.1941507e-01
   4.0562525e-01   3.6355877e-01
   7.6766508e-02   7.2295412e-01
   1.9141442e-03   9.5645093e-01
   8.5650600e-02   7.0742202e-01
   9.4453742e-02   6.9275090e-01
   3.1667424e-01   4.3760759e-01
   6.4795097e-01   1.9600213e-01
   3.9541257e-01   3.7141998e-01
   1.7541320e-01   5.8128786e-01
   3.7881772e-01   3.8482284e-01
   9.0021115e-05   9.9134984e-01
   5.9267713e-01   2.3043763e-01
   7.1462821e-01   1.6026839e-01
   3.0789572e-02   8.2467188e-01
   7.5340148e-01   1.3299749e-01
   1.3490216e-01   6.3286087e-01
   9.3579367e-01   3.6709750e-02
   5.5348155e-01   2.5655754e-01
   2.5374554e-01   4.9641477e-01
   1.5241757e-01   6.0967408e-01
   9.4060207e-01   3.1086854e-02
   2.6876248e-01   4.8178849e-01
   2.0962384e-01   5.4231284e-01
   2.3410471e-01   5.1625185e-01
   4.3759419e-01   3.3882418e-01
   6.0161808e-01   2.2472060e-01
   4.1815844e-01   3.5416378e-01
   9.7376031e-01   1.3743560e-02
   6.5788960e-01   1.9284835e-01
   2.0157998e-01   5.5128862e-01
   1.4106851e-01   6.2456711e-01
   2.9948920e-01   4.5298311e-01
   4.2659836e-01   3.4719859e-01
