   2.8213831e-01   4.6911135e-01
   2.4895173e-01   5.0119936e-01
   1.0904057e-01   6.6982151e-01
   2.9178227e-02   8.2921701e-01
   1.9359958e-02   8.6097642e-01
   8.2690440e-02   7.1246951e-01
   9.5921328e-02   6.9033355e-01
   3.1342184e-01   4.4046609e-01
   8.7110620e-02   7.0491382e-01
   5.1150527e-02   7.7386932e-01
   1.8560260e-01   5.6929074e-01
   2.4147920e-01   5.0881943e-01
   1.3942136e-01   6.2673671e-01
   1.9087862e-03   9.5652753e-01
   3.7350231e-01   3.8916515e-01
   2.7328723e-01   4.7736236e-01
   4.5831703e-01   3.2317059e-01
   5.1172354e-01   2.8609257e-01
   1.2786998e-01   6.4245929e-01
   6.4812669e-02   7.4550029e-01
   4.2365612e-01   3.4942636e-01
   1.1339744e-01   6.6331870e-01
   3.9474396e-01   3.7179149e-01
   1.7969107e-01   5.7627071e-01
   5.5896062e-01   2.5503565e-01
   1.9716374e-01   5.5603886e-01
   2.3561181e-01   5.1476540e-01
   7.2069853e-01   1.5169025e-01
   5.4988288e-01   2.5873516e-01
   2.1489655e-01   5.3652606e-01
   6.2438624e-01   2.0996665e-01
   4.0425955e-01   3.6483023e-01
   6.0630854e-01   2.2163635e-01
   7.2823312e-01   1.4699935e-01
   9.0600550e-05   9.9161548e-01
   8.5548630e-01   7.5956016e-02
   4.8873312e-01   3.0213761e-01
   7.1368015e-01   1.5730435e-01
   2.0894123e-01   5.4298520e-01
   2.9791376e-01   4.5441478e-01
   4.7630320e-01   3.1006918e-01
   1.6000416e-02   8.7359776e-01
   1.2016944e-01   6.5351413e-01
   3.0613089e-01   4.4688370e-01
   4.1868632e-02   7.9550877e-01
   2.2674696e-02   8.4950424e-01
   7.3794828e-02   7.2846628e-01
   3.8726393e-01   3.7807126e-01
   3.3764692e-01   4.1919929e-01
   1.6145446e-01   5.9823769e-01
   3.2293687e-01   4.3200543e-01
   2.9139744e-01   4.6048001e-01
   4.3228738e-01   3.4264989e-01
   6.1389764e-01   2.1670871e-01
   5.5849992e-03   9.2535123e-01
   9.1528206e-02   6.9756312e-01
   9.1325524e-03   9.0451420e-01
   1.6818593e-01   5.8998101e-01
   3.7158359e-02   8.0736317e-01
   1.7407236e-01   5.8286860e-01
   8.7616339e-01   6.8941577e-02
   1.0032125e-01   6.8330671e-01
   5.2004615e-01   2.7916918e-01
   2.6562049e-01   4.8487343e-01
   6.9315939e-02   7.3681210e-01
   5.5731125e-02   7.6398131e-01
   1.9128756e-01   5.6271932e-01
   1.4377865e-01   6.2087756e-01
   4.6520543e-02   7.8440421e-01
   3.2392510e-02   8.2007374e-01
   2.0307815e-01   5.4943114e-01
   2.2813073e-01   5.2250076e-01
   1.4960354e-01   6.1331412e-01
   7.5618560e-01   1.3342860e-01
   5.4002296e-01   2.6551006e-01
   4.1588794e-01   3.5572565e-01
   8.6377735e-01   7.1104943e-02
   2.5651768e-01   4.9375964e-01
   1.5633915e-01   6.0467262e-01
   2.2211067e-01   5.2885961e-01
   3.6409167e-01   3.9715665e-01
   4.4128859e-01   3.3617739e-01
   3.8058123e-01   3.8328663e-01
   7.7714780e-01   1.1989281e-01
   5.9278570e-01   2.4243994e-01
   6.3658938e-01   2.0379146e-01
   4.5235540e-01   3.2753004e-01
   5.9630012e-01   2.3080439e-01
   2.5945653e-02   8.3897443e-01
   3.3052565e-01   4.2530191e-01
   1.2599808e-02   8.8782929e-01
   6.0293035e-02   7.5451692e-01
   1.0468467e-01   6.7652447e-01
   5.2938393e-01   2.7296314e-01
   7.6393003e-01   1.2640584e-01
   3.5346219e-01   4.0599225e-01
   3.4440903e-01   4.1323216e-01
   7.8249064e-02   7.2033600e-01
   1.3373157e-01   6.3436666e-01
   4.6784327e-01   3.1711977e-01
