   3.9386147e-01   3.7278009e-01
   1.9353413e-02   8.6093441e-01
   1.6670067e-01   5.9180090e-01
   4.0234897e-01   3.6594100e-01
   6.0138739e-01   2.2496960e-01
   1.2931633e-01   6.4045463e-01
   3.8727155e-01   3.7781676e-01
   2.8886522e-01   4.6276101e-01
   3.3928415e-01   4.1766342e-01
   1.8423111e-01   5.7091433e-01
   1.4376272e-01   6.2093558e-01
   4.6577097e-01   3.1858115e-01
   1.7262638e-01   5.8459735e-01
   1.8986015e-01   5.6444477e-01
   2.7322050e-01   4.7763260e-01
   5.2675642e-02   7.7052477e-01
   4.3981727e-01   3.3724363e-01
   9.0907407e-05   9.9090885e-01
   2.0744746e-01   5.4461440e-01
   6.1809248e-02   7.5150540e-01
   7.5568869e-01   1.3199299e-01
   3.2325550e-01   4.3181561e-01
   4.3427177e-02   7.9171113e-01
   2.8130085e-01   4.6987329e-01
   1.9163445e-03   9.5632987e-01
   2.2674602e-02   8.4948672e-01
   8.4162570e-02   7.0995365e-01
   2.4722362e-01   5.0293138e-01
   1.2598032e-02   8.8792460e-01
   9.1171875e-03   9.0460152e-01
   2.9630933e-01   4.5578486e-01
   2.2523955e-01   5.2554469e-01
   5.9511273e-01   2.2911870e-01
   4.8059121e-02   7.8081553e-01
   1.5385813e-01   6.0779340e-01
   2.5955185e-01   4.9067432e-01
   5.0398314e-01   2.9028247e-01
   1.3814969e-01   6.2840960e-01
   3.1656295e-01   4.3747933e-01
   3.7027593e-01   3.9202219e-01
   4.1797483e-01   3.5372629e-01
   5.0990603e-01   2.8618813e-01
   2.1342074e-01   5.3813987e-01
   7.0805715e-02   7.3392692e-01
   4.1152193e-01   3.5885830e-01
   3.0949034e-01   4.4385006e-01
   6.1076884e-01   2.1886357e-01
   1.4824611e-01   6.1503837e-01
   5.1885054e-01   2.8003623e-01
   3.8717832e-02   8.0329739e-01
   2.6710783e-01   4.8338874e-01
   3.5197878e-01   4.0696551e-01
   1.5972141e-01   6.0047512e-01
   2.1922626e-01   5.3195372e-01
   1.1919650e-01   6.5480763e-01
   4.8736632e-01   3.0312789e-01
   8.8882639e-01   6.3854327e-02
   7.5280144e-02   7.2564868e-01
   2.0171577e-01   5.5098235e-01
   5.7467976e-01   2.4323470e-01
   2.5349999e-01   4.9667671e-01
   7.9764311e-02   7.1764740e-01
   2.5944903e-02   8.3897308e-01
   2.3279834e-01   5.1775706e-01
   1.1484706e-01   6.6115814e-01
   4.3428115e-01   3.4112297e-01
   1.2498654e-01   6.4655238e-01
   3.6203362e-01   3.9865051e-01
   1.0467736e-01   6.7652686e-01
   2.4007770e-01   5.1016009e-01
   5.5015698e-01   2.5885774e-01
   8.7831942e-01   6.4021705e-02
   3.4544729e-01   4.1241618e-01
   5.4319779e-01   2.6311729e-01
   6.1865836e-01   2.1440543e-01
   4.2605593e-01   3.4764787e-01
   4.9407987e-01   2.9751701e-01
   2.9175811e-02   8.2924899e-01
   4.5596038e-01   3.2493569e-01
   8.6762391e-01   7.1677115e-02
   7.3686564e-01   1.4715990e-01
   5.7257169e-02   7.6077792e-01
   3.3984603e-02   8.1570541e-01
   4.4758006e-01   3.3140581e-01
   5.3347264e-01   2.7015697e-01
   9.5910348e-02   6.9036665e-01
   1.1050162e-01   6.6769896e-01
   1.0029605e-01   6.8334823e-01
   3.7930090e-01   3.8465369e-01
   5.5775958e-03   9.2540753e-01
   3.3226970e-01   4.2395288e-01
   1.6008349e-02   8.7362193e-01
   7.4713163e-01   1.3611432e-01
   3.0244105e-01   4.5025178e-01
   1.7840883e-01   5.7768083e-01
   1.9580711e-01   5.5756631e-01
   6.6299625e-02   7.4272451e-01
   1.3366832e-01   6.3451161e-01
   5.8145191e-01   2.3862166e-01
   9.0057170e-02   6.9996529e-01
