   1.7405266e-01   5.8290446e-01
   3.4711862e-01   4.1102981e-01
   8.2695369e-02   7.1245691e-01
   1.9147440e-01   5.6253090e-01
   9.1538582e-02   6.9760872e-01
   3.4062897e-01   4.1651091e-01
   3.1682203e-01   4.3730458e-01
   6.0286005e-02   7.5453101e-01
   5.5827318e-03   9.2544163e-01
   1.5253108e-01   6.0948830e-01
   5.0420986e-01   2.9031240e-01
   1.9362087e-02   8.6094668e-01
   2.9172339e-02   8.2930594e-01
   2.8239398e-01   4.6869833e-01
   1.2499554e-01   6.4667522e-01
   5.1245027e-01   2.8571487e-01
   1.8556366e-01   5.6929959e-01
   9.6615019e-01   1.7372570e-02
   5.9810677e-01   2.2737407e-01
   1.4090961e-01   6.2473364e-01
   9.1363299e-03   9.0457767e-01
   6.4818428e-02   7.4550125e-01
   5.3219025e-01   2.7125120e-01
   2.4891308e-01   5.0120893e-01
   1.0757851e-01   6.7206390e-01
   2.0460443e-01   5.4780780e-01
   5.3812318e-01   2.6693573e-01
   9.7379781e-02   6.8807780e-01
   1.6009119e-02   8.7355271e-01
   3.0401383e-01   4.4878972e-01
   4.9207772e-01   2.9888775e-01
   5.8764121e-01   2.3464534e-01
   2.9688120e-01   4.5526126e-01
   6.9324411e-02   7.3682124e-01
   1.4673699e-01   6.1703450e-01
   2.1039299e-01   5.4137522e-01
   2.5504555e-01   4.9513660e-01
   4.1533934e-01   3.5617513e-01
   2.2370513e-01   5.2722395e-01
   7.6119602e-01   1.2799479e-01
   5.6301235e-01   2.5020055e-01
   2.6867452e-01   4.8183413e-01
   3.7024932e-01   3.9169422e-01
   6.2016945e-01   2.1356220e-01
   2.6265582e-01   4.8765879e-01
   2.4285858e-02   8.4438356e-01
   2.3552316e-01   5.1488696e-01
   7.8248318e-02   7.2030417e-01
   3.7145814e-02   8.0732869e-01
   1.1921782e-01   6.5499744e-01
   2.4289745e-01   5.0736209e-01
   6.3659625e-01   2.0312136e-01
   4.3385439e-01   3.4175988e-01
   9.6048979e-01   2.5868454e-02
   2.8837168e-01   4.6311397e-01
   5.1149238e-02   7.7399097e-01
   4.5713339e-01   3.2407050e-01
   1.1358759e-01   6.6305755e-01
   1.5957828e-01   6.0061958e-01
   4.1863736e-02   7.9545514e-01
   1.6685975e-01   5.9165375e-01
   7.8313348e-01   1.1692090e-01
   9.8087826e-01   1.5141974e-02
   3.3404332e-01   4.2238205e-01
   4.6821134e-01   3.1630086e-01
   4.4776323e-01   3.3165023e-01
   3.6208664e-01   3.9844649e-01
   4.0373933e-01   3.6487126e-01
   6.5456259e-01   1.9920542e-01
   1.3512744e-01   6.3247801e-01
   7.6816368e-01   1.2371886e-01
   3.9558058e-01   3.7136751e-01
   1.9732147e-01   5.5593947e-01
   8.7116114e-02   7.0489302e-01
   1.2593018e-02   8.8789993e-01
   9.7140983e-05   9.9113682e-01
   7.3778290e-02   7.2844670e-01
   1.7963225e-01   5.7624335e-01
   3.2461846e-01   4.3047462e-01
   6.2675276e-01   2.0853298e-01
   5.7063967e-01   2.4516856e-01
   7.5456215e-01   1.3521793e-01
   4.6547141e-02   7.8434083e-01
   1.9088103e-03   9.5647564e-01
   3.5516479e-01   4.0444196e-01
   3.8702408e-01   3.7838179e-01
   4.7723709e-01   3.0988568e-01
   4.2299843e-01   3.4981402e-01
   8.9202658e-01   6.5160809e-02
   3.3979685e-02   8.1571877e-01
   3.7733552e-01   3.8623492e-01
   1.0178313e-01   6.8099776e-01
   2.2961085e-01   5.2090846e-01
   5.5033337e-01   2.5872368e-01
   1.2931853e-01   6.4043135e-01
   2.7635304e-01   4.7456409e-01
   5.5733672e-02   7.6404235e-01
   3.1010817e-01   4.4321547e-01
   2.1635794e-01   5.3496287e-01
   8.8229063e-01   6.7539647e-02
