   5.0735237e-01   3.1087262e-01
   7.9115342e-01   2.2905080e-01
   5.0937800e-01   3.0941221e-01
   5.9540077e-01   2.2925908e-01
   5.0492667e-01   3.1209216e-01
   5.0241583e-01   3.1578468e-01
   5.1515822e-01   3.0519370e-01
   5.1811800e-01   3.0434980e-01
   5.0133515e-01   3.1765260e-01
   5.9064442e-01   2.3391467e-01
   5.0127749e-01   3.1948326e-01
   5.9282139e-01   2.3051705e-01
   5.1053721e-01   3.0762057e-01
   5.9743279e-01   2.2905131e-01
   5.0330678e-01   3.1373694e-01
   5.0127689e-01   3.2127508e-01
   5.1250947e-01   3.0620927e-01
   5.2068807e-01   3.0411816e-01
   5.9133355e-01   2.3222628e-01
   6.8812875e-01   2.2905129e-01
   5.1146137e-01   3.0682166e-01
   5.1145287e-01   3.0682790e-01
   5.1146137e-01   3.0682166e-01
   5.1146013e-01   3.0682252e-01
   5.1144857e-01   3.0683123e-01
   5.1146931e-01   3.0681584e-01
   5.1147114e-01   3.0681454e-01
   5.1147020e-01   3.0681521e-01
   5.1146615e-01   3.0681813e-01
   5.1146966e-01   3.0681561e-01
   5.1153655e-01   3.0677116e-01
   5.1159653e-01   3.0673879e-01
   5.1149602e-01   3.0679714e-01
   5.0419738e-01   3.1295328e-01
   5.1146014e-01   3.0682252e-01
   5.1147762e-01   3.0681007e-01
   5.1154404e-01   3.0676668e-01
   5.1167781e-01   3.0670066e-01
   5.1173386e-01   3.0668114e-01
   5.1169651e-01   3.0669528e-01
   5.1146972e-01   3.0681557e-01
   5.1146206e-01   3.0682115e-01
   5.1147123e-01   3.0681447e-01
   5.1152433e-01   3.0677880e-01
   5.1147044e-01   3.0681507e-01
   5.1146278e-01   3.0682058e-01
   5.1146137e-01   3.0682166e-01
   5.1149605e-01   3.0679714e-01
   5.1147020e-01   3.0681521e-01
   5.1144343e-01   3.0683693e-01
   5.1147432e-01   3.0681229e-01
   5.1145418e-01   3.0682719e-01
   5.1147573e-01   3.0681124e-01
   5.1146925e-01   3.0681589e-01
   5.1152887e-01   3.0677615e-01
   5.1139413e-01   3.0688003e-01
   5.1146296e-01   3.0682045e-01
   5.1148397e-01   3.0680549e-01
   5.1173257e-01   3.0668292e-01
   5.1173256e-01   3.0668292e-01
   5.1146818e-01   3.0681671e-01
   5.1151096e-01   3.0678767e-01
   5.1158155e-01   3.0674701e-01
   5.1171810e-01   3.0668586e-01
   5.1147285e-01   3.0681357e-01
   5.1146615e-01   3.0681813e-01
   5.1158483e-01   3.0674397e-01
   5.1167689e-01   3.0670164e-01
   5.1146976e-01   3.0681553e-01
   5.1146615e-01   3.0681813e-01
   5.1147856e-01   3.0680929e-01
   5.1144667e-01   3.0683286e-01
   5.1511389e-01   3.0584095e-01
   5.1157834e-01   3.0674713e-01
   5.1168815e-01   3.0669910e-01
   5.1146970e-01   3.0681559e-01
   5.1146970e-01   3.0681559e-01
   5.1146218e-01   3.0682103e-01
   5.1147019e-01   3.0681522e-01
   5.1152305e-01   3.0677934e-01
   5.1153811e-01   3.0676995e-01
   5.1146416e-01   3.0681964e-01
   5.1151157e-01   3.0678713e-01
   5.1148397e-01   3.0680553e-01
   5.1147019e-01   3.0681521e-01
   5.1146222e-01   3.0682100e-01
   5.1146773e-01   3.0681707e-01
   5.1146216e-01   3.0682103e-01
   5.1149610e-01   3.0679714e-01
   5.1147092e-01   3.0681469e-01
   5.1152533e-01   3.0677825e-01
   5.1173227e-01   3.0668304e-01
   5.1141008e-01   3.0686237e-01
   5.1153918e-01   3.0676947e-01
   5.1148897e-01   3.0680197e-01
   5.1160287e-01   3.0673638e-01
   5.1141310e-01   3.0685978e-01
   5.1145766e-01   3.0682435e-01
   5.1146041e-01   3.0682232e-01
   5.1146221e-01   3.0682101e-01
