   6.0499045e-01   2.8996360e-01
   6.1563995e-01   2.8179008e-01
   6.0368643e-01   2.9171974e-01
   6.0705295e-01   2.8818638e-01
   6.1110606e-01   2.8485784e-01
   6.0973164e-01   2.8677086e-01
   6.0224761e-01   2.9651960e-01
   6.0243890e-01   2.9376996e-01
   6.1292145e-01   2.8315342e-01
   6.1291326e-01   2.8315876e-01
   6.1292022e-01   2.8315419e-01
   6.1291833e-01   2.8315542e-01
   6.1291391e-01   2.8315833e-01
   6.1948981e-01   2.8104722e-01
   6.1288461e-01   2.8317863e-01
   6.1293350e-01   2.8314575e-01
   6.1293093e-01   2.8314735e-01
   6.1291239e-01   2.8315935e-01
   6.1293327e-01   2.8314587e-01
   6.1290957e-01   2.8316123e-01
   6.1291105e-01   2.8316023e-01
   6.1291161e-01   2.8315987e-01
   6.1288078e-01   2.8318137e-01
   6.1293622e-01   2.8314408e-01
   6.1291637e-01   2.8315671e-01
   6.2301559e-01   2.8054549e-01
   6.1288445e-01   2.8317881e-01
   6.1294357e-01   2.8313959e-01
   6.1291161e-01   2.8315987e-01
   6.1291455e-01   2.8315791e-01
   6.1293093e-01   2.8314735e-01
   6.1292135e-01   2.8315345e-01
   6.1291330e-01   2.8315873e-01
   6.1291070e-01   2.8316047e-01
   6.1293425e-01   2.8314528e-01
   6.1288967e-01   2.8317506e-01
   6.1292378e-01   2.8315190e-01
   6.1291621e-01   2.8315681e-01
   6.1291565e-01   2.8315718e-01
   6.1291088e-01   2.8316035e-01
   6.1290409e-01   2.8316495e-01
   6.1168769e-01   2.8482956e-01
   6.1291318e-01   2.8315881e-01
   6.1291738e-01   2.8315604e-01
   6.1292172e-01   2.8315322e-01
   6.1291088e-01   2.8316034e-01
   6.1288637e-01   2.8317738e-01
   6.1293664e-01   2.8314378e-01
   6.1293107e-01   2.8314725e-01
   6.1291051e-01   2.8316059e-01
   6.1291162e-01   2.8315985e-01
   6.1291027e-01   2.8316076e-01
   6.1291105e-01   2.8316023e-01
   6.1292403e-01   2.8315174e-01
   6.1293814e-01   2.8314286e-01
   6.1291268e-01   2.8315915e-01
   6.1291572e-01   2.8315713e-01
   6.1291878e-01   2.8315512e-01
   6.1291067e-01   2.8316049e-01
   6.1290239e-01   2.8316609e-01
   6.1291709e-01   2.8315624e-01
   6.1288778e-01   2.8317640e-01
   6.1291122e-01   2.8316012e-01
   6.1291541e-01   2.8315735e-01
   6.2551638e-01   2.8021864e-01
   6.1291309e-01   2.8315891e-01
   6.1290871e-01   2.8316182e-01
   6.1288795e-01   2.8317621e-01
   6.1291041e-01   2.8316066e-01
   6.1291807e-01   2.8315560e-01
   6.1291048e-01   2.8316062e-01
   6.1291084e-01   2.8316037e-01
   6.1291622e-01   2.8315681e-01
   6.1290921e-01   2.8316146e-01
   6.1291783e-01   2.8315575e-01
   6.1292172e-01   2.8315322e-01
   6.1293244e-01   2.8314640e-01
   6.1289094e-01   2.8317422e-01
   6.1290186e-01   2.8316647e-01
   6.1290246e-01   2.8316604e-01
   6.1291326e-01   2.8315876e-01
   6.1290961e-01   2.8316119e-01
   6.1288699e-01   2.8317693e-01
   6.1288075e-01   2.8318137e-01
   6.1292050e-01   2.8315400e-01
   6.1291268e-01   2.8315915e-01
   6.1291083e-01   2.8316038e-01
   6.1291348e-01   2.8315862e-01
   6.1292908e-01   2.8314854e-01
   6.1290034e-01   2.8316756e-01
   6.1291894e-01   2.8315511e-01
   6.2367704e-01   2.8030534e-01
   6.1559097e-01   2.8226832e-01
   6.1291383e-01   2.8315839e-01
   6.1289042e-01   2.8317442e-01
   6.1294050e-01   2.8314141e-01
   6.1293447e-01   2.8314511e-01
   6.1291064e-01   2.8316051e-01
   6.1291797e-01   2.8315566e-01
   6.1292612e-01   2.8315040e-01
