   8.8928104e-01   2.6546668e-01
   1.8579564e-01   9.9250929e-01
   4.7430569e-01   8.1485258e-01
   7.4649507e-01   4.9588650e-01
   5.3517359e-01   7.5467910e-01
   5.9835910e-01   6.9006988e-01
   8.8583116e-01   2.7525852e-01
   1.5462277e-01   1.0027773e+00
   2.7746803e-01   9.5215577e-01
   7.9079634e-01   4.5528074e-01
   9.5803105e-01   1.4206617e-01
   6.6229220e-01   6.0158158e-01
   8.3664163e-01   3.5499980e-01
   7.3817692e-01   5.0597611e-01
   3.7311898e-01   8.9218406e-01
   2.6857940e-01   9.6202362e-01
   5.5618451e-01   7.3365687e-01
   5.9020315e-01   6.9990452e-01
   9.4651587e-01   1.5942324e-01
   1.0124702e+00   2.0392511e-02
   1.2304954e-02   1.0194145e+00
   2.8165699e-02   1.0166536e+00
   1.4341133e-01   1.0065125e+00
   1.0288778e+00   1.5729739e-02
   7.9921305e-01   4.5033172e-01
   2.9870166e-01   9.3914127e-01
   2.2276178e-01   9.8084042e-01
   4.3476020e-01   8.5726596e-01
   2.4362122e-01   9.7593608e-01
   3.0250274e-01   9.3748073e-01
   6.0393341e-01   6.7850198e-01
   8.6144249e-01   3.1143032e-01
   7.3297973e-01   5.1396752e-01
   3.1100757e-01   9.3226313e-01
   7.8653320e-01   4.6189695e-01
   6.1227810e-01   6.7301183e-01
   6.2603823e-01   6.5430179e-01
   1.9947037e-01   9.8841157e-01
   6.1588597e-01   6.6541976e-01
   3.5532938e-01   9.0301646e-01
   7.6085193e-01   4.8117354e-01
   9.9673704e-01   5.5870345e-02
   3.9911271e-01   8.7888249e-01
   3.4602410e-01   9.0769548e-01
   7.2753914e-01   5.2067797e-01
   9.7163189e-01   1.0836728e-01
   6.8804350e-01   5.6529466e-01
   6.7914790e-01   5.7440609e-01
   2.2928612e-01   9.7752211e-01
   8.9460963e-01   2.5585906e-01
   9.3869926e-01   1.7628282e-01
   2.9311966e-01   9.4527262e-01
   9.3718366e-01   1.7731760e-01
   8.6601789e-01   3.0100392e-01
   6.3831777e-01   6.3371069e-01
   9.3063079e-01   1.8890637e-01
   5.1556902e-01   7.6986411e-01
   7.8128825e-01   4.6645917e-01
   5.0111582e-01   7.8709085e-01
   9.1074762e-01   2.2490362e-01
   4.1516077e-01   8.6624973e-01
   6.5523038e-01   6.1429003e-01
   7.0368335e-01   5.4679801e-01
   7.1981604e-01   5.3243531e-01
   9.9400551e-03   1.0279512e+00
   4.1924630e-01   8.6350402e-01
   8.4886411e-01   3.2507297e-01
   1.0065484e+00   4.1672665e-02
   6.4573890e-01   6.2256416e-01
   8.2041427e-01   3.7784169e-01
   3.4002714e-01   9.1706303e-01
   4.8707377e-01   8.0101739e-01
   4.2725866e-01   8.5932802e-01
   4.4721906e-01   8.5219535e-01
   3.3009223e-01   9.2411663e-01
   1.4289347e-01   1.0074148e+00
   9.7796086e-01   8.9416293e-02
   5.6310516e-01   7.2673683e-01
   1.7877116e-01   9.9628692e-01
   8.3897078e-01   3.4730817e-01
   5.8579612e-01   7.0501240e-01
   9.2144016e-01   2.0686529e-01
   7.5330994e-01   4.8825140e-01
   2.7557560e-01   9.5441538e-01
   9.6520690e-01   1.2151474e-01
   8.0787555e-01   3.9987571e-01
   5.7710157e-01   7.1195310e-01
   4.6061582e-01   8.4795520e-01
   1.0267108e+00   1.6151344e-02
   3.9394111e-01   8.8280555e-01
   9.9473611e-03   1.0215887e+00
   6.3188743e-01   6.4120483e-01
   4.0486819e-01   8.7202045e-01
   2.5399546e-01   9.7002951e-01
   6.7226522e-01   5.9248876e-01
   7.6805330e-01   4.7493006e-01
   7.7568682e-01   4.7141018e-01
   8.2888084e-01   3.6566928e-01
   9.8742287e-01   7.5971431e-02
   3.7148780e-01   8.9318282e-01
