   5.2024964e-01   7.7236019e-01
   2.9251748e-01   9.4759361e-01
   4.5113117e-01   8.4297199e-01
   1.0034990e+00   4.1723274e-02
   1.0111159e+00   1.7856670e-02
   3.9786262e-01   8.7876407e-01
   2.2313687e-01   9.7852973e-01
   1.2297132e-02   1.0175193e+00
   8.3886002e-01   3.5621881e-01
   4.2315028e-01   8.6498122e-01
   9.5811101e-01   1.3792784e-01
   7.6218306e-01   4.8501289e-01
   5.6233380e-01   7.2450416e-01
   4.9821473e-01   7.9979005e-01
   8.5454566e-01   3.2593692e-01
   9.1282352e-01   2.2685420e-01
   9.3516371e-01   1.9451652e-01
   7.3026256e-01   5.1589067e-01
   6.5236267e-01   6.0775543e-01
   3.8739207e-01   8.8762384e-01
   8.3072073e-01   3.6439949e-01
   9.9881688e-01   5.7852775e-02
   9.3935215e-01   1.8387545e-01
   8.0862907e-01   3.9346449e-01
   8.6456836e-01   3.0276231e-01
   9.8737148e-01   6.9149739e-02
   9.2043538e-01   2.2153001e-01
   9.6993919e-01   1.1490196e-01
   7.8358372e-01   4.4955724e-01
   7.8817473e-01   4.3904907e-01
   7.2014166e-01   5.3079777e-01
   5.1272917e-01   7.8258723e-01
   2.6963868e-01   9.6414157e-01
   5.2532678e-01   7.6695745e-01
   1.1069747e-02   1.0388463e+00
   4.5696467e-01   8.3392478e-01
   4.6736662e-01   8.2288286e-01
   7.7226327e-01   4.6615058e-01
   5.3221559e-01   7.5764287e-01
   3.4937080e-01   9.0913460e-01
   7.5586572e-01   4.8848579e-01
   7.8981984e-01   4.2919121e-01
   6.6771176e-01   5.8989992e-01
   1.0714971e+00   1.7455782e-02
   4.5920423e-01   8.3106155e-01
   7.3582826e-01   5.0865039e-01
   1.5301917e-01   1.0073858e+00
   6.1403474e-01   6.7050868e-01
   3.4126695e-01   9.1390367e-01
   1.8956473e-01   9.9587471e-01
   6.1871267e-01   6.6345868e-01
   7.9942392e-01   4.1060321e-01
   9.5206215e-01   1.5128397e-01
   8.4641476e-01   3.4071915e-01
   7.1511673e-01   5.4082091e-01
   8.8899217e-01   2.5912989e-01
   5.7932765e-01   7.0977802e-01
   9.8300443e-01   9.3069487e-02
   6.6511333e-01   6.0037993e-01
   1.3428238e-01   1.0109746e+00
   1.3238934e-01   1.0135660e+00
   7.0716667e-01   5.5209464e-01
   4.0367592e-01   8.7513129e-01
   6.7778303e-01   5.7354027e-01
   5.7072986e-01   7.1883009e-01
   7.4811608e-01   4.9536362e-01
   9.6006561e-01   1.3313459e-01
   8.7246808e-01   2.9076849e-01
   9.6893244e-01   1.1650827e-01
   1.7147298e-01   1.0058012e+00
   2.8368675e-01   9.5183902e-01
   2.0731883e-01   9.8301259e-01
   6.2461753e-01   6.5386019e-01
   2.3728335e-01   9.7340582e-01
   5.0419566e-01   7.9252250e-01
   9.0414576e-01   2.4049668e-01
   8.5888248e-01   3.1734772e-01
   9.8551972e-01   7.1223139e-02
   4.3919045e-01   8.5301895e-01
   4.1357829e-01   8.6954373e-01
   6.0172403e-01   6.9434415e-01
   3.6202494e-01   9.0530054e-01
   1.9726885e-01   9.9227828e-01
   6.2932991e-01   6.4997729e-01
   3.1954099e-01   9.2060240e-01
   9.0052958e-01   2.4518512e-01
   4.8466252e-01   8.0365687e-01
   6.9602296e-01   5.6480434e-01
   1.0023947e+00   4.9433974e-02
   5.4071202e-01   7.4269029e-01
   6.4003165e-01   6.3258687e-01
   6.0460913e-01   6.8484976e-01
   3.7375829e-01   8.9764008e-01
   7.2282594e-01   5.2780196e-01
   3.0787105e-01   9.3573893e-01
   9.7332866e-01   1.0647498e-01
   8.1795025e-01   3.7801540e-01
   9.4911608e-01   1.6436204e-01
   4.7533466e-01   8.1043504e-01
   8.7439817e-01   2.8032831e-01
