   4.8965252e-01   7.9798118e-01
   4.6397095e-01   8.3280376e-01
   2.7529295e-01   9.5438236e-01
   8.9836716e-01   2.4779748e-01
   2.4781979e-01   9.6480892e-01
   2.9086216e-01   9.4588053e-01
   7.3526724e-01   5.2170967e-01
   7.3552438e-01   5.2064171e-01
   2.2597754e-01   9.7497765e-01
   1.0115949e+00   1.3173423e-02
   7.0305870e-01   5.4639491e-01
   4.6947096e-01   8.2830126e-01
   8.2984032e-01   3.5822595e-01
   9.5729580e-01   1.4238655e-01
   8.7381280e-01   3.0358319e-01
   3.1628250e-01   9.3486569e-01
   9.2719485e-01   1.9450598e-01
   9.4374609e-01   1.6828376e-01
   6.1697946e-01   6.6304941e-01
   8.5677953e-01   3.1639736e-01
   2.1517413e-01   9.8034889e-01
   5.4823836e-01   7.4073040e-01
   6.4979751e-01   6.2460057e-01
   8.4801161e-01   3.3046309e-01
   3.9610578e-01   8.8423906e-01
   7.6805418e-01   4.7517900e-01
   8.0595661e-01   4.1234264e-01
   8.5128892e-01   3.2458024e-01
   5.5757462e-01   7.3076138e-01
   6.0566690e-01   6.7554115e-01
   7.8107357e-01   4.6285008e-01
   2.3997156e-01   9.7220276e-01
   9.7017162e-01   1.2929750e-01
   7.4904977e-01   5.0224774e-01
   9.8299124e-01   9.2645511e-02
   8.9685314e-01   2.5413542e-01
   5.4296784e-01   7.4623605e-01
   5.9624578e-01   6.8608660e-01
   3.2633227e-01   9.2140209e-01
   9.4891547e-01   1.5958366e-01
   7.1533142e-01   5.3706232e-01
   3.3494633e-01   9.1161441e-01
   1.0015556e+00   3.9187904e-02
   9.9398652e-01   6.0587275e-02
   8.1870925e-01   3.9402358e-01
   9.5250160e-01   1.5287058e-01
   2.6387867e-01   9.5813882e-01
   4.2707606e-01   8.6435041e-01
   5.1427966e-01   7.7182393e-01
   4.3973984e-01   8.5503978e-01
   5.6460058e-01   7.2270853e-01
   8.7589907e-01   2.8857818e-01
   8.8026975e-01   2.8065755e-01
   7.7456364e-01   4.6858221e-01
   3.4547829e-01   9.0478921e-01
   7.9730944e-01   4.2870013e-01
   2.8644646e-01   9.4956221e-01
   1.9404191e-01   9.8821600e-01
   8.4001386e-01   3.3871611e-01
   5.0464614e-01   7.7739712e-01
   3.8789624e-01   8.8827780e-01
   8.8435084e-01   2.7700551e-01
   4.7501154e-01   8.2237888e-01
   3.7580255e-01   8.9107847e-01
   6.9145927e-01   5.6091812e-01
   8.0275863e-01   4.2109470e-01
   1.6317817e-01   9.9555740e-01
   6.7794468e-01   5.6999920e-01
   5.2576011e-01   7.6085967e-01
   9.3826683e-01   1.7390294e-01
   1.4182471e-01   1.0112098e+00
   9.8820431e-01   8.9611999e-02
   5.8184397e-01   6.9811738e-01
   4.3603768e-01   8.5952712e-01
   7.2525772e-01   5.2806836e-01
   1.1858174e-02   1.0144475e+00
   6.5965369e-01   6.0239024e-01
   4.5805756e-01   8.4009491e-01
   4.5630740e-01   8.4585449e-01
   7.8531516e-01   4.4758118e-01
   9.6539995e-01   1.3648124e-01
   4.1576792e-01   8.7226800e-01
   9.0480925e-01   2.3281262e-01
   1.7219679e-01   9.9130896e-01
   8.6722483e-01   3.0762811e-01
   8.5884604e-01   3.1261966e-01
   8.2156962e-01   3.7761613e-01
   1.1195492e-02   1.0552353e+00
   5.7167758e-01   7.1280045e-01
   3.5806435e-01   8.9937748e-01
   9.1560548e-01   2.1169423e-01
   5.3796371e-01   7.5656840e-01
   7.5762021e-01   4.8846998e-01
   6.3682907e-01   6.4833434e-01
   6.2419149e-01   6.5512579e-01
   7.5941483e-01   4.8627411e-01
   8.8966183e-01   2.6276834e-01
   7.9140996e-01   4.4027968e-01
   6.6856095e-01   5.8611075e-01
   1.0113023e+00   1.3188121e-02
