   1.2876234e+00   2.6501645e-01
   1.2876234e+00   2.6501645e-01
   5.5000000e-01   5.8003290e-01
   1.2876234e+00   2.6501645e-01
   5.5000000e-01   5.8003290e-01
   5.5000000e-01   5.8003290e-01
   2.6147544e-01   9.8343095e-01
   9.8746159e-01   3.4015889e-01
   9.8735482e-01   3.4367775e-01
   2.6147656e-01   9.7947546e-01
   2.8549186e-01   9.7946701e-01
   9.9678001e-01   3.4013907e-01
   2.7550156e-01   9.7946869e-01
   2.6163155e-01   9.7946802e-01
   9.8734474e-01   3.4021436e-01
   2.6160307e-01   9.7946999e-01
   9.8734753e-01   3.4347440e-01
   2.6148148e-01   9.7947052e-01
   9.8735740e-01   3.4016894e-01
   2.6147751e-01   9.7947067e-01
   2.6147545e-01   9.8343102e-01
   3.1149273e-01   9.7946656e-01
   9.8735735e-01   3.4017053e-01
   2.6147556e-01   9.7947556e-01
   9.8735720e-01   3.4022409e-01
   2.6159843e-01   9.7947056e-01
   9.8731642e-01   3.5681564e-01
   9.8735853e-01   3.4016902e-01
   2.6171956e-01   9.7946928e-01
   2.6147541e-01   9.8343283e-01
   2.6147736e-01   9.7947088e-01
   2.6147760e-01   9.7947080e-01
   2.6147513e-01   1.0086290e+00
   9.8734886e-01   3.4019927e-01
   2.6147690e-01   9.7947183e-01
   2.6147411e-01   1.1384093e+00
   9.8735599e-01   3.4022439e-01
   2.6147513e-01   1.0086290e+00
   9.8734863e-01   3.4328428e-01
   9.8852600e-01   3.4015112e-01
   2.6217762e-01   9.7946824e-01
   9.8735099e-01   3.4019272e-01
   9.9177975e-01   3.4013055e-01
   2.6147780e-01   9.7947078e-01
   9.8731144e-01   4.2321688e-01
   2.6189190e-01   9.7946827e-01
   2.6147533e-01   9.7973357e-01
   2.6147520e-01   9.8661783e-01
   2.8325724e-01   9.7946617e-01
   9.8823636e-01   3.4015023e-01
   9.8730606e-01   3.5576015e-01
   2.6147540e-01   9.8583746e-01
   1.0070666e+00   3.4013824e-01
   2.8390680e-01   9.7946756e-01
   2.6147536e-01   9.7947180e-01
   2.6172751e-01   9.7946839e-01
   2.6147524e-01   9.9072048e-01
   2.6148332e-01   9.7951400e-01
   2.6147694e-01   9.7947174e-01
   9.9573122e-01   3.4009782e-01
   9.8735080e-01   3.4019321e-01
   2.6205520e-01   9.7946827e-01
   2.6147656e-01   9.7947546e-01
   1.0046716e+00   3.4013459e-01
   2.6160260e-01   9.7946990e-01
   2.6159967e-01   9.7947043e-01
   9.8730920e-01   4.2324416e-01
   2.6147726e-01   9.7947183e-01
   9.9430280e-01   3.4014902e-01
   9.8732055e-01   4.2020765e-01
   9.8735271e-01   3.5546520e-01
   2.6758088e-01   9.7946811e-01
   9.8735163e-01   3.4022903e-01
   9.8735636e-01   3.4021513e-01
   2.6147524e-01   9.8343288e-01
   2.9725672e-01   9.7946676e-01
   9.8795939e-01   3.4015205e-01
   9.8754831e-01   3.4014977e-01
   2.6160925e-01   9.7947005e-01
   2.6147556e-01   9.7947760e-01
   9.8771432e-01   3.4014924e-01
   2.8549186e-01   9.7946701e-01
   9.8791202e-01   3.4016821e-01
   2.9954124e-01   9.7946111e-01
   3.0754891e-01   9.7946112e-01
   2.6159843e-01   9.7947056e-01
   2.6147515e-01   9.8680974e-01
   2.6198221e-01   9.7946691e-01
   2.6147656e-01   9.7947601e-01
   2.6147782e-01   9.7947072e-01
   9.8735455e-01   3.4017052e-01
   9.8735731e-01   3.4020205e-01
   9.8731031e-01   4.3983038e-01
   9.8735852e-01   3.4017177e-01
   9.8730403e-01   4.6398292e-01
   2.6147512e-01   9.8281819e-01
   9.8736262e-01   3.4017171e-01
   9.8732631e-01   3.6157985e-01
   2.6160747e-01   9.7946969e-01
   2.6203124e-01   9.7946932e-01
