   1.0696605e+00   3.6739404e-16
   1.0696605e+00   3.6739404e-16
   1.0696605e+00   3.6739404e-16
   4.1968601e-01   6.5003159e-01
   1.0696605e+00   3.6739404e-16
   4.1968601e-01   6.5003159e-01
   1.0696605e+00   3.6739404e-16
   1.0696605e+00   3.6739404e-16
   4.1968601e-01   6.5003159e-01
   4.1968601e-01   6.5003159e-01
   7.1966048e-01   3.5000000e-01
   1.0696605e+00   3.6739404e-16
   4.1968601e-01   6.5003159e-01
   7.1966048e-01   3.5000000e-01
   6.9660483e-02   1.0000000e+00
   1.0696605e+00   3.6739404e-16
   1.0696605e+00   3.6739404e-16
   1.0696605e+00   3.6739404e-16
   4.1968601e-01   6.5003159e-01
   4.1968601e-01   6.5003159e-01
   1.0696605e+00   3.6739404e-16
   7.1966048e-01   3.5000000e-01
   1.0696605e+00   3.6739404e-16
   1.0696605e+00   3.6739404e-16
   4.1968601e-01   6.5003159e-01
   4.1968601e-01   6.5003159e-01
   1.0696605e+00   3.6739404e-16
   4.1968601e-01   6.5003159e-01
   4.1968601e-01   6.5003159e-01
   4.1968601e-01   6.5003159e-01
   4.1968601e-01   6.5003159e-01
   1.0696605e+00   3.6739404e-16
   6.9660483e-02   1.0000000e+00
   1.0696605e+00   3.6739404e-16
   4.1968601e-01   6.5003159e-01
   6.9660483e-02   1.0000000e+00
   4.1968601e-01   6.5003159e-01
   6.9660483e-02   1.0000000e+00
   4.1968601e-01   6.5003159e-01
   1.0696605e+00   3.6739404e-16
   4.1968601e-01   6.5003159e-01
   6.9660483e-02   1.0000000e+00
   1.0696605e+00   3.6739404e-16
   4.1968601e-01   6.5003159e-01
   7.1966048e-01   3.5000000e-01
   4.1968601e-01   6.5003159e-01
   1.0696605e+00   3.6739404e-16
   4.1968601e-01   6.5003159e-01
   1.0696605e+00   3.6739404e-16
   1.0696605e+00   3.6739404e-16
   1.0696605e+00   3.6739404e-16
   1.0696605e+00   3.6739404e-16
   1.0696605e+00   3.6739404e-16
   4.1968601e-01   6.5003159e-01
   6.9660483e-02   1.0000000e+00
   1.0696605e+00   3.6739404e-16
   4.1968601e-01   6.5003159e-01
   4.1968601e-01   6.5003159e-01
   4.1968601e-01   6.5003159e-01
   6.9660483e-02   1.0000000e+00
   7.1966048e-01   3.5000000e-01
   7.1966048e-01   3.5000000e-01
   7.1966048e-01   3.5000000e-01
   7.1966048e-01   3.5000000e-01
   7.1966048e-01   3.5000000e-01
   7.1966048e-01   3.5000000e-01
   7.1966048e-01   3.5000000e-01
   7.1966048e-01   3.5000000e-01
   7.1966048e-01   3.5000000e-01
   7.1966048e-01   3.5000000e-01
   7.1966048e-01   3.5000000e-01
   7.1966048e-01   3.5000000e-01
   7.1966048e-01   3.5000000e-01
   7.1966048e-01   3.5000000e-01
   7.1966048e-01   3.5000000e-01
   7.1966048e-01   3.5000000e-01
   7.1966048e-01   3.5000000e-01
   7.1966048e-01   3.5000000e-01
   7.1966048e-01   3.5000000e-01
   7.1966048e-01   3.5000000e-01
   4.1968601e-01   6.5003159e-01
   6.9660483e-02   1.0000000e+00
   6.9660483e-02   1.0000000e+00
   7.1966048e-01   3.5000000e-01
   6.9660483e-02   1.0000000e+00
   6.9660483e-02   1.0000000e+00
   6.9660483e-02   1.0000000e+00
   6.9660483e-02   1.0000000e+00
   6.9660483e-02   1.0000000e+00
   6.9660483e-02   1.0000000e+00
   6.9660483e-02   1.0000000e+00
   6.9660483e-02   1.0000000e+00
   6.9660483e-02   1.0000000e+00
   6.9660483e-02   1.0000000e+00
   6.9660483e-02   1.0000000e+00
   6.9660483e-02   1.0000000e+00
   6.9660483e-02   1.0000000e+00
   6.9660483e-02   1.0000000e+00
   6.9660483e-02   1.0000000e+00
   6.9660483e-02   1.0000000e+00
