   1.5000452e-01   9.1502203e-01
   6.0406794e-01   6.9356819e-01
   9.2734037e-01   3.6500406e-01
   2.0339089e-01   9.9908903e-01
   9.2745884e-01   3.6500231e-01
   9.2722798e-01   3.6500648e-01
   6.0084139e-01   7.3562850e-01
   1.5000451e-01   9.1502203e-01
   1.5000452e-01   9.1502203e-01
   6.0084170e-01   6.9356821e-01
   6.0084156e-01   6.9894344e-01
   9.2731489e-01   3.6500400e-01
   6.0084145e-01   6.9431501e-01
   9.2744647e-01   3.6516625e-01
   6.0084155e-01   6.9357441e-01
   6.0084154e-01   6.9357441e-01
   1.5000452e-01   9.1502203e-01
   1.5000451e-01   9.1502203e-01
   6.0136940e-01   6.9356820e-01
   1.5000451e-01   9.1502203e-01
   1.8186861e-01   9.1502203e-01
   6.0084170e-01   6.9356821e-01
   1.5000452e-01   9.1502203e-01
   6.0084166e-01   6.9356822e-01
   6.0084203e-01   6.9356821e-01
   6.0189278e-01   6.9356819e-01
   1.5000451e-01   9.1502203e-01
   9.2765160e-01   3.6500225e-01
   6.0433717e-01   6.9356819e-01
   1.5000452e-01   9.1502203e-01
   6.0087399e-01   6.9356819e-01
   1.5000451e-01   9.1502203e-01
   9.3960513e-01   3.6500215e-01
   1.7227074e-01   9.1502203e-01
   6.0084180e-01   6.9356821e-01
   6.0084156e-01   6.9400055e-01
   6.0084140e-01   7.2268597e-01
   1.9919552e-01   9.1502203e-01
   9.2724304e-01   4.0521879e-01
   6.0138284e-01   6.9356819e-01
   6.0084160e-01   6.9356818e-01
   6.0084163e-01   6.9356830e-01
   9.2727067e-01   3.6733017e-01
   6.0084267e-01   6.9356820e-01
   6.0134342e-01   6.9356820e-01
   9.3322503e-01   3.6500215e-01
   1.6980624e-01   9.1502203e-01
   9.2725306e-01   3.6500811e-01
   6.0084155e-01   6.9357441e-01
   9.2745921e-01   3.6500224e-01
   6.0084169e-01   6.9356821e-01
   1.5000451e-01   9.1502203e-01
   1.5000451e-01   9.1502203e-01
   1.5000452e-01   9.1502203e-01
   2.9828316e-01   9.1502203e-01
   6.0357653e-01   6.9356819e-01
   6.0084161e-01   6.9356821e-01
   1.5993664e-01   9.1502203e-01
   1.0639529e+00   3.6500419e-01
   1.5674230e-01   9.1502203e-01
   1.5000451e-01   9.1502203e-01
   9.2724332e-01   4.0375666e-01
   1.5000451e-01   9.1502203e-01
   6.0084163e-01   6.9356821e-01
   1.5000451e-01   9.1502203e-01
   6.0084206e-01   6.9356820e-01
   9.3322503e-01   3.6500215e-01
   6.0134361e-01   6.9356820e-01
   1.9096882e-01   9.1502203e-01
   9.8022075e-01   4.0378070e-01
   6.0084270e-01   6.9356820e-01
   6.0087399e-01   6.9356819e-01
   6.0084157e-01   6.9356821e-01
   1.5000451e-01   9.1502203e-01
   1.5259475e-01   9.1502203e-01
   6.0084169e-01   6.9356821e-01
   1.5775684e-01   9.1502203e-01
   6.0084203e-01   6.9356821e-01
   6.0357653e-01   6.9356819e-01
   6.0084445e-01   6.9356819e-01
   6.0084163e-01   6.9356830e-01
   9.2722798e-01   3.6534276e-01
   9.2730358e-01   3.6500236e-01
   6.0138242e-01   6.9356819e-01
   1.5000452e-01   9.1502203e-01
   9.2724346e-01   3.6500263e-01
   6.0084201e-01   6.9356820e-01
   9.2745039e-01   3.6500224e-01
   6.0084180e-01   6.9356821e-01
   1.7542894e-01   9.1502203e-01
   9.2744845e-01   3.6500256e-01
   6.0084170e-01   6.9356821e-01
   1.8245610e-01   9.1502203e-01
   6.0084171e-01   6.9356821e-01
   9.2724311e-01   3.6536427e-01
   9.3033699e-01   3.6500648e-01
   1.6884045e-01   9.1502203e-01
   6.0084172e-01   6.9356820e-01
   1.5775684e-01   9.1502203e-01
   9.3621953e-01   3.6500222e-01
