   2.8802987e-01   7.1237382e-01
   2.9067097e-01   7.1237381e-01
   2.8756027e-01   7.1585244e-01
   2.8760107e-01   7.1239893e-01
   2.8760116e-01   7.1239885e-01
   2.8760110e-01   7.1239890e-01
   2.8760112e-01   7.1239888e-01
   2.8760105e-01   7.1239895e-01
   2.8760110e-01   7.1239890e-01
   2.8760108e-01   7.1239892e-01
   2.8760102e-01   7.1239898e-01
   2.8760111e-01   7.1239889e-01
   2.8789080e-01   7.1237909e-01
   2.8760103e-01   7.1239897e-01
   2.8760110e-01   7.1239890e-01
   2.8760105e-01   7.1239895e-01
   2.8798471e-01   7.1237671e-01
   2.8760103e-01   7.1239897e-01
   2.8760111e-01   7.1239889e-01
   2.8760103e-01   7.1239897e-01
   2.8760107e-01   7.1239893e-01
   2.8760113e-01   7.1239887e-01
   2.8760110e-01   7.1239890e-01
   2.8760107e-01   7.1239893e-01
   2.8760108e-01   7.1239892e-01
   2.8760107e-01   7.1239893e-01
   2.8760111e-01   7.1239889e-01
   2.8760110e-01   7.1239890e-01
   2.8760110e-01   7.1239890e-01
   2.8760107e-01   7.1239893e-01
   2.8760112e-01   7.1239888e-01
   2.8760108e-01   7.1239892e-01
   2.8760103e-01   7.1239897e-01
   2.8760107e-01   7.1239893e-01
   2.8760106e-01   7.1239894e-01
   2.8760102e-01   7.1239898e-01
   2.8760097e-01   7.1239903e-01
   2.8760103e-01   7.1239897e-01
   2.8760107e-01   7.1239893e-01
   2.8760109e-01   7.1239891e-01
   2.8760106e-01   7.1239894e-01
   2.8760112e-01   7.1239888e-01
   2.8760112e-01   7.1239888e-01
   2.8760111e-01   7.1239889e-01
   2.8760105e-01   7.1239895e-01
   2.8760111e-01   7.1239889e-01
   2.8760103e-01   7.1239897e-01
   2.8760110e-01   7.1239890e-01
   2.8760108e-01   7.1239892e-01
   2.8760108e-01   7.1239892e-01
   2.8760107e-01   7.1239893e-01
   2.8760106e-01   7.1239894e-01
   2.8760109e-01   7.1239891e-01
   2.8760108e-01   7.1239892e-01
   2.8760111e-01   7.1239889e-01
   2.8760105e-01   7.1239895e-01
   2.8760096e-01   7.1239904e-01
   2.8760110e-01   7.1239890e-01
   2.8760104e-01   7.1239896e-01
   2.8760110e-01   7.1239890e-01
   2.8760110e-01   7.1239890e-01
   2.8760111e-01   7.1239889e-01
   2.8760107e-01   7.1239893e-01
   2.8760114e-01   7.1239887e-01
   2.8760108e-01   7.1239892e-01
   2.8760107e-01   7.1239893e-01
   2.8760105e-01   7.1239895e-01
   2.8760111e-01   7.1239889e-01
   2.8760111e-01   7.1239889e-01
   2.8760112e-01   7.1239888e-01
   2.8760111e-01   7.1239889e-01
   2.8760111e-01   7.1239889e-01
   2.8760111e-01   7.1239889e-01
   2.8760110e-01   7.1239890e-01
   2.8760098e-01   7.1239903e-01
   2.8760108e-01   7.1239892e-01
   2.8760108e-01   7.1239892e-01
   2.8760104e-01   7.1239896e-01
   2.8760103e-01   7.1239897e-01
   2.8760105e-01   7.1239895e-01
   2.8760108e-01   7.1239892e-01
   2.8760104e-01   7.1239896e-01
   2.8760107e-01   7.1239893e-01
   2.8760109e-01   7.1239891e-01
   2.8760108e-01   7.1239892e-01
   2.8760107e-01   7.1239893e-01
   2.8760107e-01   7.1239893e-01
   2.8760098e-01   7.1239902e-01
   2.8760103e-01   7.1239897e-01
   2.8760097e-01   7.1239903e-01
   2.8760108e-01   7.1239892e-01
   2.8760104e-01   7.1239896e-01
   2.8760104e-01   7.1239896e-01
   2.8760104e-01   7.1239896e-01
   2.8760109e-01   7.1239891e-01
   2.8760106e-01   7.1239894e-01
   2.8760098e-01   7.1239902e-01
   2.8760111e-01   7.1239889e-01
   2.8760109e-01   7.1239891e-01
   2.8760111e-01   7.1239889e-01
