   4.1426930e-01   5.8635675e-01
   6.1576115e-01   5.8635673e-01
   7.7272280e-01   2.7960352e-01
   7.7639329e-01   2.7856555e-01
   4.1353217e-01   5.8716616e-01
   4.1359248e-01   5.8640752e-01
   4.1359272e-01   5.8640728e-01
   4.1359265e-01   5.8640736e-01
   4.1359251e-01   5.8640749e-01
   4.1359253e-01   5.8640747e-01
   4.1359265e-01   5.8640736e-01
   4.1359272e-01   5.8640729e-01
   4.1359254e-01   5.8640746e-01
   4.1359280e-01   5.8640721e-01
   7.7517594e-01   2.7868710e-01
   4.1359263e-01   5.8640738e-01
   4.1359223e-01   5.8640778e-01
   4.1359281e-01   5.8640720e-01
   4.1359229e-01   5.8640771e-01
   4.1359251e-01   5.8640749e-01
   4.1359264e-01   5.8640736e-01
   4.1359265e-01   5.8640736e-01
   4.1359250e-01   5.8640750e-01
   4.1359266e-01   5.8640734e-01
   4.1359216e-01   5.8640788e-01
   4.1359256e-01   5.8640744e-01
   4.1359245e-01   5.8640755e-01
   4.1359280e-01   5.8640721e-01
   4.1359252e-01   5.8640748e-01
   4.1359249e-01   5.8640751e-01
   4.1359250e-01   5.8640750e-01
   4.1359293e-01   5.8640710e-01
   4.1359262e-01   5.8640739e-01
   4.1356738e-01   5.8684306e-01
   4.1359261e-01   5.8640739e-01
   4.1359266e-01   5.8640734e-01
   4.1359257e-01   5.8640743e-01
   4.1359250e-01   5.8640750e-01
   4.1359250e-01   5.8640750e-01
   4.1359230e-01   5.8640771e-01
   4.1359251e-01   5.8640749e-01
   4.1359249e-01   5.8640751e-01
   4.1359254e-01   5.8640746e-01
   4.1359253e-01   5.8640747e-01
   4.1359260e-01   5.8640740e-01
   4.1359265e-01   5.8640735e-01
   4.1359254e-01   5.8640746e-01
   4.1359267e-01   5.8640734e-01
   4.1359249e-01   5.8640751e-01
   4.1359273e-01   5.8640728e-01
   4.1359256e-01   5.8640744e-01
   4.1359229e-01   5.8640771e-01
   4.1359258e-01   5.8640742e-01
   4.1359259e-01   5.8640741e-01
   4.1359288e-01   5.8640713e-01
   4.1359270e-01   5.8640731e-01
   4.1359202e-01   5.8640805e-01
   4.1359253e-01   5.8640747e-01
   4.1359256e-01   5.8640744e-01
   4.1359259e-01   5.8640741e-01
   4.1359249e-01   5.8640751e-01
   4.1359260e-01   5.8640740e-01
   4.1359253e-01   5.8640747e-01
   4.1359250e-01   5.8640750e-01
   4.1359259e-01   5.8640741e-01
   4.1359264e-01   5.8640736e-01
   4.1359249e-01   5.8640751e-01
   4.1359288e-01   5.8640713e-01
   4.1359272e-01   5.8640728e-01
   4.1359286e-01   5.8640716e-01
   4.1359253e-01   5.8640747e-01
   4.1359248e-01   5.8640752e-01
   4.1359274e-01   5.8640727e-01
   4.1359250e-01   5.8640750e-01
   4.1359265e-01   5.8640735e-01
   4.1359252e-01   5.8640748e-01
   4.1359250e-01   5.8640750e-01
   4.1359253e-01   5.8640747e-01
   4.1359275e-01   5.8640726e-01
   4.1359286e-01   5.8640716e-01
   4.1359247e-01   5.8640753e-01
   4.1359271e-01   5.8640730e-01
   4.1359252e-01   5.8640748e-01
   4.1359274e-01   5.8640726e-01
   4.1359246e-01   5.8640754e-01
   4.1359245e-01   5.8640755e-01
   4.1359254e-01   5.8640746e-01
   4.1359246e-01   5.8640754e-01
   4.1359297e-01   5.8640707e-01
   4.1424299e-01   5.8635712e-01
   4.1356868e-01   5.8684151e-01
   4.1359287e-01   5.8640715e-01
   4.1359252e-01   5.8640748e-01
   4.1359260e-01   5.8640740e-01
   4.1359255e-01   5.8640745e-01
   4.1359220e-01   5.8640783e-01
   4.1359281e-01   5.8640721e-01
   4.1359283e-01   5.8640718e-01
   4.1359266e-01   5.8640734e-01
   4.1359253e-01   5.8640747e-01
