   3.8127121e-01   6.2121427e-01
   3.8135655e-01   6.1864345e-01
   3.8135698e-01   6.1864304e-01
   3.8135629e-01   6.1864372e-01
   3.8217987e-01   6.1857921e-01
   3.8135659e-01   6.1864341e-01
   3.8135693e-01   6.1864309e-01
   3.8135659e-01   6.1864341e-01
   3.8135671e-01   6.1864329e-01
   3.8135697e-01   6.1864305e-01
   3.8135558e-01   6.1864459e-01
   3.8135759e-01   6.1864253e-01
   3.8135633e-01   6.1864368e-01
   3.8135644e-01   6.1864357e-01
   3.8135646e-01   6.1864354e-01
   3.8135584e-01   6.1864425e-01
   3.8135642e-01   6.1864359e-01
   3.8135659e-01   6.1864341e-01
   3.8135663e-01   6.1864337e-01
   3.8135673e-01   6.1864327e-01
   3.8135666e-01   6.1864334e-01
   3.8135641e-01   6.1864359e-01
   3.8135651e-01   6.1864350e-01
   3.8135577e-01   6.1864434e-01
   3.8135670e-01   6.1864330e-01
   3.8135644e-01   6.1864356e-01
   3.8135652e-01   6.1864348e-01
   3.8135764e-01   6.1864251e-01
   3.8135639e-01   6.1864361e-01
   3.8135662e-01   6.1864339e-01
   3.8135646e-01   6.1864354e-01
   3.8135657e-01   6.1864343e-01
   3.8135585e-01   6.1864423e-01
   3.8135700e-01   6.1864303e-01
   3.8135642e-01   6.1864358e-01
   3.8135643e-01   6.1864358e-01
   3.8135649e-01   6.1864351e-01
   3.8135653e-01   6.1864347e-01
   3.8135683e-01   6.1864318e-01
   3.8135669e-01   6.1864331e-01
   3.8135575e-01   6.1864435e-01
   3.8135652e-01   6.1864348e-01
   3.8135655e-01   6.1864346e-01
   3.8135642e-01   6.1864358e-01
   3.8135711e-01   6.1864294e-01
   3.8135642e-01   6.1864358e-01
   3.8135642e-01   6.1864359e-01
   3.8135695e-01   6.1864306e-01
   3.8135688e-01   6.1864314e-01
   3.8135669e-01   6.1864331e-01
   3.8135668e-01   6.1864332e-01
   3.8135685e-01   6.1864316e-01
   3.8135712e-01   6.1864292e-01
   3.8135631e-01   6.1864370e-01
   3.8135674e-01   6.1864326e-01
   3.8135657e-01   6.1864343e-01
   3.8135675e-01   6.1864326e-01
   3.8135654e-01   6.1864346e-01
   3.8135651e-01   6.1864349e-01
   3.8135577e-01   6.1864434e-01
   3.8135629e-01   6.1864372e-01
   3.8135666e-01   6.1864334e-01
   3.8135656e-01   6.1864344e-01
   3.8135664e-01   6.1864337e-01
   3.8135653e-01   6.1864347e-01
   3.8135656e-01   6.1864344e-01
   3.8135644e-01   6.1864356e-01
   3.8135706e-01   6.1864296e-01
   3.8135641e-01   6.1864359e-01
   3.8135656e-01   6.1864345e-01
   3.8135649e-01   6.1864352e-01
   3.8135636e-01   6.1864365e-01
   3.8135645e-01   6.1864355e-01
   3.8135671e-01   6.1864330e-01
   3.8135642e-01   6.1864359e-01
   3.8135641e-01   6.1864360e-01
   3.8135750e-01   6.1864261e-01
   3.8135667e-01   6.1864333e-01
   3.8135657e-01   6.1864344e-01
   3.8135651e-01   6.1864349e-01
   3.8135656e-01   6.1864344e-01
   3.8135695e-01   6.1864306e-01
   3.8135640e-01   6.1864360e-01
   3.8135671e-01   6.1864329e-01
   3.8135671e-01   6.1864329e-01
   3.8135652e-01   6.1864349e-01
   3.8135706e-01   6.1864296e-01
   3.8135578e-01   6.1864433e-01
   3.8135642e-01   6.1864358e-01
   3.8135651e-01   6.1864349e-01
   3.8135667e-01   6.1864333e-01
   3.8135657e-01   6.1864343e-01
   3.8135688e-01   6.1864312e-01
   3.8135652e-01   6.1864348e-01
   3.8135643e-01   6.1864357e-01
   3.8135695e-01   6.1864306e-01
   3.8135627e-01   6.1864375e-01
   3.8135635e-01   6.1864365e-01
   3.8135455e-01   6.1864642e-01
   3.8135652e-01   6.1864348e-01
