   5.2763576e-01   6.1676410e-01
   4.4146965e-01   6.1740965e-01
   4.4153235e-01   6.1680085e-01
   4.4153194e-01   6.1680133e-01
   4.4153244e-01   6.1680076e-01
   4.4153243e-01   6.1680077e-01
   4.4153264e-01   6.1680057e-01
   4.4153244e-01   6.1680076e-01
   4.4192823e-01   6.1676500e-01
   4.4153242e-01   6.1680078e-01
   4.4153240e-01   6.1680080e-01
   4.4153256e-01   6.1680064e-01
   4.4187845e-01   6.1676545e-01
   4.4153255e-01   6.1680065e-01
   4.4153241e-01   6.1680079e-01
   4.4153227e-01   6.1680094e-01
   4.4153249e-01   6.1680071e-01
   4.4153249e-01   6.1680071e-01
   4.4153238e-01   6.1680082e-01
   4.4153218e-01   6.1680103e-01
   4.4153241e-01   6.1680079e-01
   4.4153227e-01   6.1680093e-01
   4.4153249e-01   6.1680071e-01
   4.4153238e-01   6.1680082e-01
   4.4153241e-01   6.1680079e-01
   4.4153221e-01   6.1680100e-01
   4.4153335e-01   6.1680004e-01
   4.4153232e-01   6.1680088e-01
   4.4153225e-01   6.1680095e-01
   4.4153236e-01   6.1680084e-01
   4.4153246e-01   6.1680074e-01
   4.4153231e-01   6.1680089e-01
   4.4153233e-01   6.1680087e-01
   4.4153235e-01   6.1680085e-01
   4.4153254e-01   6.1680066e-01
   4.4153241e-01   6.1680079e-01
   4.4153245e-01   6.1680075e-01
   4.4153240e-01   6.1680080e-01
   4.4153236e-01   6.1680084e-01
   4.4153257e-01   6.1680063e-01
   4.4153261e-01   6.1680059e-01
   4.4153239e-01   6.1680081e-01
   4.4153194e-01   6.1680134e-01
   4.4153329e-01   6.1680008e-01
   4.4153216e-01   6.1680105e-01
   4.4153253e-01   6.1680067e-01
   4.4153255e-01   6.1680066e-01
   4.4153254e-01   6.1680066e-01
   4.4153238e-01   6.1680082e-01
   4.4153304e-01   6.1680025e-01
   4.4153239e-01   6.1680081e-01
   4.4153247e-01   6.1680073e-01
   4.4153241e-01   6.1680078e-01
   4.4153245e-01   6.1680075e-01
   4.4153243e-01   6.1680077e-01
   4.4153239e-01   6.1680081e-01
   4.4153236e-01   6.1680084e-01
   4.4153241e-01   6.1680078e-01
   4.4153238e-01   6.1680082e-01
   4.4153245e-01   6.1680075e-01
   4.4153236e-01   6.1680084e-01
   4.4153234e-01   6.1680086e-01
   4.4153243e-01   6.1680077e-01
   4.4153257e-01   6.1680063e-01
   4.4153239e-01   6.1680081e-01
   4.4153243e-01   6.1680077e-01
   4.4153235e-01   6.1680085e-01
   4.4153340e-01   6.1680001e-01
   4.4153235e-01   6.1680085e-01
   4.4153289e-01   6.1680036e-01
   4.4153238e-01   6.1680082e-01
   4.4153325e-01   6.1680010e-01
   4.4153226e-01   6.1680094e-01
   4.4153241e-01   6.1680079e-01
   4.4153249e-01   6.1680071e-01
   4.4153289e-01   6.1680036e-01
   4.4153193e-01   6.1680134e-01
   4.4153238e-01   6.1680082e-01
   4.4153246e-01   6.1680074e-01
   4.4153233e-01   6.1680087e-01
   4.4153308e-01   6.1680022e-01
   4.4153243e-01   6.1680077e-01
   4.4153329e-01   6.1680008e-01
   4.4153237e-01   6.1680083e-01
   4.4153248e-01   6.1680072e-01
   4.4153234e-01   6.1680086e-01
   4.4153196e-01   6.1680131e-01
   4.4153241e-01   6.1680079e-01
   4.4153236e-01   6.1680084e-01
   4.4153239e-01   6.1680081e-01
   4.4153238e-01   6.1680082e-01
   4.4153226e-01   6.1680094e-01
   4.4153227e-01   6.1680093e-01
   4.4153236e-01   6.1680084e-01
   4.4153329e-01   6.1680008e-01
   4.4153240e-01   6.1680080e-01
   4.4153243e-01   6.1680077e-01
   4.4153233e-01   6.1680087e-01
   4.4153239e-01   6.1680081e-01
   4.4153325e-01   6.1680010e-01
