   3.0653655e-01   9.1461908e-01
   3.0661940e-01   7.0666074e-01
   3.0653659e-01   7.5523575e-01
   3.0653659e-01   7.1969316e-01
   3.0653748e-01   7.0712486e-01
   9.7324563e-01   4.3679505e-02
   3.0659842e-01   7.0666511e-01
   3.0653658e-01   8.9067502e-01
   3.0660104e-01   7.0666313e-01
   3.0659933e-01   7.0666420e-01
   3.0659871e-01   7.0666480e-01
   3.0660142e-01   7.0666299e-01
   3.0659818e-01   7.0666538e-01
   3.0659836e-01   7.0666518e-01
   3.0659826e-01   7.0666526e-01
   3.0659759e-01   7.0666611e-01
   3.0659841e-01   7.0666512e-01
   3.0659823e-01   7.0666531e-01
   3.0659845e-01   7.0666505e-01
   3.0660215e-01   7.0666267e-01
   3.0659873e-01   7.0666477e-01
   3.0659829e-01   7.0666525e-01
   3.0659780e-01   7.0666578e-01
   3.0659871e-01   7.0666480e-01
   3.0659831e-01   7.0666521e-01
   3.0659882e-01   7.0666467e-01
   3.0659983e-01   7.0666387e-01
   3.0659778e-01   7.0666589e-01
   3.0659852e-01   7.0666501e-01
   3.0659742e-01   7.0666642e-01
   3.0659718e-01   7.0666705e-01
   3.0660106e-01   7.0666311e-01
   3.0659964e-01   7.0666403e-01
   3.0659882e-01   7.0666467e-01
   3.0659894e-01   7.0666457e-01
   3.0659839e-01   7.0666514e-01
   3.0659876e-01   7.0666475e-01
   3.0659887e-01   7.0666465e-01
   3.0659888e-01   7.0666465e-01
   3.0659921e-01   7.0666433e-01
   3.0660269e-01   7.0666252e-01
   3.0659879e-01   7.0666472e-01
   3.0659868e-01   7.0666485e-01
   3.0660273e-01   7.0666252e-01
   3.0659849e-01   7.0666504e-01
   3.0659889e-01   7.0666464e-01
   3.0659709e-01   7.0666776e-01
   9.7325843e-01   4.0011094e-02
   3.0659728e-01   7.0666668e-01
   3.0659780e-01   7.0666579e-01
   3.0659920e-01   7.0666434e-01
   3.0659887e-01   7.0666465e-01
   3.0659818e-01   7.0666540e-01
   3.0659865e-01   7.0666490e-01
   3.0659882e-01   7.0666467e-01
   3.0659819e-01   7.0666535e-01
   3.0659953e-01   7.0666407e-01
   3.0659918e-01   7.0666434e-01
   3.0659803e-01   7.0666552e-01
   3.0659743e-01   7.0666636e-01
   3.0659844e-01   7.0666511e-01
   3.0659898e-01   7.0666456e-01
   3.0659858e-01   7.0666494e-01
   3.0659870e-01   7.0666480e-01
   3.0659878e-01   7.0666473e-01
   9.7325172e-01   4.0015395e-02
   9.7324638e-01   4.0034237e-02
   3.0660318e-01   7.0666242e-01
   3.0659765e-01   7.0666609e-01
   3.0659789e-01   7.0666569e-01
   3.0659856e-01   7.0666497e-01
   3.0659801e-01   7.0666554e-01
   3.0659670e-01   7.0666995e-01
   3.0659800e-01   7.0666559e-01
   3.0659740e-01   7.0666642e-01
   3.0659926e-01   7.0666426e-01
   3.0659845e-01   7.0666505e-01
   3.0659848e-01   7.0666504e-01
   3.0659900e-01   7.0666452e-01
   3.0659770e-01   7.0666596e-01
   3.0659841e-01   7.0666512e-01
   3.0659979e-01   7.0666394e-01
   3.0653658e-01   8.9347165e-01
   3.0659793e-01   7.0666562e-01
   3.0659846e-01   7.0666505e-01
   3.0659870e-01   7.0666480e-01
   3.0659867e-01   7.0666485e-01
   3.0659871e-01   7.0666480e-01
   3.0659845e-01   7.0666505e-01
   3.0659852e-01   7.0666501e-01
   3.0659922e-01   7.0666433e-01
   3.0659818e-01   7.0666540e-01
   3.0659792e-01   7.0666563e-01
   3.0659760e-01   7.0666609e-01
   9.7324584e-01   4.0240579e-02
   3.0659953e-01   7.0666412e-01
   3.0659691e-01   7.0666862e-01
   3.0659830e-01   7.0666522e-01
   3.0659697e-01   7.0666793e-01
   3.0659728e-01   7.0666668e-01
