   9.1521143e-01   1.0331322e-01
   9.1515586e-01   1.0334327e-01
   3.8377397e-01   6.2868260e-01
   3.7147742e-01   6.2868331e-01
   3.7127145e-01   6.2883404e-01
   3.8645910e-01   6.2868257e-01
   3.8933662e-01   6.2868242e-01
   3.9553558e-01   6.2868191e-01
   3.7127868e-01   6.2872134e-01
   3.7127870e-01   6.2872132e-01
   3.7127880e-01   6.2872121e-01
   3.7127912e-01   6.2872089e-01
   3.7127783e-01   6.2872242e-01
   3.7142571e-01   6.2868514e-01
   3.7127912e-01   6.2872089e-01
   3.7127929e-01   6.2872073e-01
   3.7127893e-01   6.2872107e-01
   3.7127911e-01   6.2872089e-01
   3.7127931e-01   6.2872070e-01
   3.7128070e-01   6.2871950e-01
   3.7127912e-01   6.2872089e-01
   3.7127701e-01   6.2872390e-01
   3.7128462e-01   6.2871763e-01
   3.7127872e-01   6.2872130e-01
   3.7128045e-01   6.2871974e-01
   3.7127909e-01   6.2872092e-01
   3.7127937e-01   6.2872065e-01
   3.7128131e-01   6.2871898e-01
   3.7127937e-01   6.2872065e-01
   3.7127888e-01   6.2872113e-01
   3.7127723e-01   6.2872330e-01
   3.7127904e-01   6.2872097e-01
   3.7127914e-01   6.2872087e-01
   3.7127941e-01   6.2872062e-01
   3.7127976e-01   6.2872032e-01
   3.7128031e-01   6.2871983e-01
   3.7127930e-01   6.2872071e-01
   3.7128047e-01   6.2871962e-01
   3.7128069e-01   6.2871951e-01
   3.7127916e-01   6.2872085e-01
   3.7127893e-01   6.2872107e-01
   3.7127997e-01   6.2872010e-01
   3.7127688e-01   6.2872413e-01
   3.7127933e-01   6.2872069e-01
   3.7128077e-01   6.2871938e-01
   3.7127955e-01   6.2872049e-01
   3.7127929e-01   6.2872072e-01
   3.7127790e-01   6.2872234e-01
   3.7127855e-01   6.2872148e-01
   3.7127890e-01   6.2872110e-01
   3.7127915e-01   6.2872086e-01
   3.7127907e-01   6.2872094e-01
   3.7127909e-01   6.2872092e-01
   3.7127754e-01   6.2872275e-01
   3.7127927e-01   6.2872075e-01
   3.7127928e-01   6.2872073e-01
   3.7127828e-01   6.2872180e-01
   3.7127930e-01   6.2872072e-01
   3.7541229e-01   6.2868279e-01
   3.7128210e-01   6.2871888e-01
   3.7127911e-01   6.2872090e-01
   3.7127867e-01   6.2872135e-01
   3.7127897e-01   6.2872103e-01
   3.7127929e-01   6.2872072e-01
   3.7127740e-01   6.2872301e-01
   3.7127350e-01   6.2876915e-01
   3.7128083e-01   6.2871933e-01
   3.7127870e-01   6.2872132e-01
   3.7127784e-01   6.2872242e-01
   3.7127862e-01   6.2872140e-01
   3.7128004e-01   6.2872003e-01
   3.7127763e-01   6.2872268e-01
   3.7127897e-01   6.2872103e-01
   3.7127883e-01   6.2872118e-01
   3.7127895e-01   6.2872105e-01
   3.7128073e-01   6.2871946e-01
   3.7127888e-01   6.2872113e-01
   3.7127838e-01   6.2872180e-01
   3.7127875e-01   6.2872127e-01
   3.7128057e-01   6.2871955e-01
   3.7128019e-01   6.2871992e-01
   3.7127971e-01   6.2872036e-01
   3.7127855e-01   6.2872148e-01
   3.7127871e-01   6.2872131e-01
   3.7127856e-01   6.2872148e-01
   3.7127955e-01   6.2872049e-01
   3.7127911e-01   6.2872089e-01
   3.7127716e-01   6.2872347e-01
   3.7127916e-01   6.2872086e-01
   3.7144401e-01   6.2868511e-01
   3.7352912e-01   6.2868310e-01
   3.7127934e-01   6.2872067e-01
   3.7144904e-01   6.2868507e-01
   3.7128073e-01   6.2871941e-01
   3.7127929e-01   6.2872072e-01
   3.7128131e-01   6.2871897e-01
   3.7128036e-01   6.2871977e-01
   3.7127828e-01   6.2872181e-01
   3.7127738e-01   6.2872301e-01
   3.7127998e-01   6.2872010e-01
