   4.1595166e-01   5.8566933e-01
   4.1595071e-01   6.2492186e-01
   7.5726696e-01   2.5241817e-01
   4.1595071e-01   6.2075922e-01
   4.1660758e-01   5.8397142e-01
   9.9834419e-01   2.5238290e-01
   4.1600452e-01   5.8400635e-01
   4.1595074e-01   6.0121798e-01
   4.1595125e-01   5.9292320e-01
   1.0168536e+00   2.5238013e-01
   7.5924830e-01   2.5238333e-01
   4.1601211e-01   5.8398789e-01
   4.1601239e-01   5.8398762e-01
   4.1601147e-01   5.8398861e-01
   4.1601155e-01   5.8398852e-01
   4.1600468e-01   5.8400635e-01
   4.1601222e-01   5.8398778e-01
   4.1601257e-01   5.8398745e-01
   4.1601209e-01   5.8398791e-01
   4.1601208e-01   5.8398792e-01
   4.1601254e-01   5.8398748e-01
   4.1601196e-01   5.8398805e-01
   4.1601202e-01   5.8398799e-01
   4.1601154e-01   5.8398853e-01
   4.1601158e-01   5.8398849e-01
   4.1601116e-01   5.8398905e-01
   4.1601208e-01   5.8398793e-01
   4.1601234e-01   5.8398767e-01
   4.1601171e-01   5.8398834e-01
   4.1601936e-01   5.8398626e-01
   4.1601225e-01   5.8398776e-01
   4.1601147e-01   5.8398861e-01
   4.1601223e-01   5.8398778e-01
   4.1601210e-01   5.8398791e-01
   4.1601216e-01   5.8398785e-01
   4.1601242e-01   5.8398759e-01
   4.1601126e-01   5.8398890e-01
   4.1601122e-01   5.8398895e-01
   4.1601116e-01   5.8398908e-01
   4.1601220e-01   5.8398781e-01
   4.1601251e-01   5.8398751e-01
   4.1601195e-01   5.8398805e-01
   4.1601092e-01   5.8398948e-01
   4.1601214e-01   5.8398786e-01
   4.1601236e-01   5.8398765e-01
   4.1601244e-01   5.8398758e-01
   4.1601237e-01   5.8398763e-01
   4.1601212e-01   5.8398789e-01
   4.1601238e-01   5.8398762e-01
   4.1601218e-01   5.8398782e-01
   4.1600572e-01   5.8400626e-01
   4.1601202e-01   5.8398799e-01
   4.1601209e-01   5.8398792e-01
   4.1601159e-01   5.8398849e-01
   4.1601218e-01   5.8398782e-01
   4.1601237e-01   5.8398763e-01
   4.1601207e-01   5.8398794e-01
   4.1601224e-01   5.8398777e-01
   4.1601202e-01   5.8398799e-01
   4.1601220e-01   5.8398780e-01
   4.1601121e-01   5.8398903e-01
   4.1601255e-01   5.8398747e-01
   4.1601208e-01   5.8398792e-01
   4.1601208e-01   5.8398792e-01
   4.1601296e-01   5.8398715e-01
   4.1601291e-01   5.8398719e-01
   4.1601155e-01   5.8398852e-01
   4.1601219e-01   5.8398781e-01
   7.5225159e-01   2.5331693e-01
   4.1601261e-01   5.8398742e-01
   4.1601167e-01   5.8398841e-01
   4.1601210e-01   5.8398790e-01
   4.1601243e-01   5.8398758e-01
   4.1601095e-01   5.8398939e-01
   4.1601074e-01   5.8398981e-01
   4.1601244e-01   5.8398757e-01
   4.1601152e-01   5.8398858e-01
   4.1601219e-01   5.8398781e-01
   4.1601210e-01   5.8398790e-01
   4.1601212e-01   5.8398788e-01
   4.1601199e-01   5.8398802e-01
   4.1601085e-01   5.8398960e-01
   4.1601149e-01   5.8398859e-01
   4.1601218e-01   5.8398782e-01
   4.1601217e-01   5.8398783e-01
   4.1601169e-01   5.8398835e-01
   4.1601257e-01   5.8398745e-01
   4.1601139e-01   5.8398871e-01
   4.1601230e-01   5.8398773e-01
   4.1601118e-01   5.8398905e-01
   4.1601221e-01   5.8398779e-01
   4.1601141e-01   5.8398871e-01
   4.1601243e-01   5.8398758e-01
   4.1601226e-01   5.8398774e-01
   7.5229810e-01   2.5287965e-01
   4.1601218e-01   5.8398782e-01
   4.1601251e-01   5.8398751e-01
   4.1601221e-01   5.8398779e-01
   4.1601194e-01   5.8398807e-01
   4.1601222e-01   5.8398779e-01
