   9.0706157e-01   9.2938557e-02
   3.0741588e-01   8.2216841e-01
   9.1114681e-01   9.0806170e-02
   9.0917778e-01   9.0822226e-02
   9.0917774e-01   9.0822258e-02
   9.0916467e-01   9.1384661e-02
   9.0917774e-01   9.0822261e-02
   9.0917785e-01   9.0822148e-02
   9.0917792e-01   9.0822083e-02
   9.0917777e-01   9.0822229e-02
   9.0917773e-01   9.0822272e-02
   9.0917791e-01   9.0822094e-02
   9.0917782e-01   9.0822177e-02
   9.0917775e-01   9.0822255e-02
   9.0917782e-01   9.0822184e-02
   9.0917824e-01   9.0821788e-02
   9.0917788e-01   9.0822121e-02
   9.0917792e-01   9.0822080e-02
   9.0917766e-01   9.0822345e-02
   9.0917795e-01   9.0822050e-02
   9.0917816e-01   9.0821859e-02
   9.0917772e-01   9.0822283e-02
   9.0917777e-01   9.0822228e-02
   9.0917778e-01   9.0822219e-02
   9.0917775e-01   9.0822251e-02
   9.0917805e-01   9.0821954e-02
   9.0917777e-01   9.0822232e-02
   9.0917778e-01   9.0822217e-02
   9.0917845e-01   9.0821625e-02
   9.0917771e-01   9.0822293e-02
   9.0917778e-01   9.0822220e-02
   9.0917781e-01   9.0822187e-02
   9.0917743e-01   9.0822604e-02
   9.0917783e-01   9.0822167e-02
   9.0917776e-01   9.0822246e-02
   9.0917787e-01   9.0822133e-02
   9.0917774e-01   9.0822261e-02
   9.0917787e-01   9.0822133e-02
   9.0917783e-01   9.0822171e-02
   9.0917772e-01   9.0822284e-02
   9.0917746e-01   9.0822570e-02
   9.0917776e-01   9.0822245e-02
   9.0917782e-01   9.0822180e-02
   9.0917777e-01   9.0822228e-02
   9.0917779e-01   9.0822213e-02
   9.0917783e-01   9.0822171e-02
   9.0923947e-01   9.0815556e-02
   9.0917779e-01   9.0822212e-02
   9.0917751e-01   9.0822513e-02
   9.0917781e-01   9.0822191e-02
   9.0917746e-01   9.0822570e-02
   9.0917774e-01   9.0822266e-02
   9.0917579e-01   9.0889549e-02
   9.0917773e-01   9.0822272e-02
   9.0917743e-01   9.0822604e-02
   9.0917766e-01   9.0822348e-02
   9.0917771e-01   9.0822294e-02
   9.0917782e-01   9.0822185e-02
   9.0917772e-01   9.0822284e-02
   9.0917771e-01   9.0822298e-02
   9.0917770e-01   9.0822302e-02
   9.0917755e-01   9.0822472e-02
   9.0917768e-01   9.0822325e-02
   9.0917783e-01   9.0822173e-02
   9.0917791e-01   9.0822094e-02
   9.0917743e-01   9.0822603e-02
   9.0917751e-01   9.0822503e-02
   9.0917782e-01   9.0822180e-02
   9.0917812e-01   9.0821894e-02
   9.0917772e-01   9.0822279e-02
   9.0917820e-01   9.0821821e-02
   9.0917777e-01   9.0822228e-02
   9.0917796e-01   9.0822045e-02
   9.0917761e-01   9.0822397e-02
   9.0917783e-01   9.0822168e-02
   9.0917770e-01   9.0822307e-02
   9.0917743e-01   9.0822594e-02
   9.0917777e-01   9.0822236e-02
   9.0917776e-01   9.0822244e-02
   9.0917808e-01   9.0821928e-02
   9.0917778e-01   9.0822225e-02
   9.0917767e-01   9.0822336e-02
   9.0917765e-01   9.0822352e-02
   9.0917755e-01   9.0822462e-02
   9.0917784e-01   9.0822157e-02
   9.0917295e-01   9.0905151e-02
   9.0917788e-01   9.0822119e-02
   9.0917783e-01   9.0822172e-02
   9.0917777e-01   9.0822231e-02
   9.0917770e-01   9.0822303e-02
   9.0917783e-01   9.0822169e-02
   9.0917780e-01   9.0822198e-02
   9.0917775e-01   9.0822251e-02
   9.0917769e-01   9.0822309e-02
   9.0917771e-01   9.0822295e-02
   9.0917767e-01   9.0822337e-02
   9.0917778e-01   9.0822224e-02
   9.0917791e-01   9.0822095e-02
   9.0917761e-01   9.0822397e-02
   9.0917789e-01   9.0822108e-02
