   4.0089178e-01   6.1870149e-01
   9.6927141e-01   5.2165650e-01
   9.7104893e-01   5.2039857e-01
   3.7817442e-01   1.3084566e+00
   4.0055363e-01   6.1981925e-01
   4.0061203e-01   6.1874069e-01
   4.0060995e-01   6.1874305e-01
   4.0061084e-01   6.1874187e-01
   4.0061156e-01   6.1874111e-01
   4.0061170e-01   6.1874097e-01
   4.0059704e-01   6.1907053e-01
   4.0061109e-01   6.1874158e-01
   4.0061104e-01   6.1874162e-01
   4.0061155e-01   6.1874112e-01
   4.0061124e-01   6.1874142e-01
   4.0061133e-01   6.1874133e-01
   4.0061128e-01   6.1874137e-01
   4.0061142e-01   6.1874125e-01
   4.0061157e-01   6.1874110e-01
   4.0061132e-01   6.1874134e-01
   9.6975557e-01   5.2139276e-01
   4.0061137e-01   6.1874129e-01
   4.0061128e-01   6.1874138e-01
   4.0061137e-01   6.1874129e-01
   4.0061089e-01   6.1874179e-01
   4.0061128e-01   6.1874138e-01
   4.0061131e-01   6.1874135e-01
   4.0061183e-01   6.1874086e-01
   9.7102770e-01   5.2085985e-01
   4.0061073e-01   6.1874198e-01
   4.0061141e-01   6.1874125e-01
   4.0061106e-01   6.1874161e-01
   4.0061166e-01   6.1874100e-01
   4.0061165e-01   6.1874102e-01
   4.0061100e-01   6.1874166e-01
   4.0061117e-01   6.1874149e-01
   4.0061164e-01   6.1874103e-01
   4.0061202e-01   6.1874069e-01
   4.0061118e-01   6.1874148e-01
   4.0061120e-01   6.1874146e-01
   4.0061128e-01   6.1874138e-01
   4.0061126e-01   6.1874140e-01
   4.0061128e-01   6.1874138e-01
   4.0061137e-01   6.1874129e-01
   4.0061135e-01   6.1874132e-01
   4.0061180e-01   6.1874090e-01
   4.0061182e-01   6.1874087e-01
   4.0061202e-01   6.1874070e-01
   4.0061082e-01   6.1874187e-01
   4.0061103e-01   6.1874164e-01
   4.0061189e-01   6.1874080e-01
   4.0061157e-01   6.1874109e-01
   4.0061095e-01   6.1874172e-01
   4.0061170e-01   6.1874097e-01
   4.0061115e-01   6.1874151e-01
   4.0061170e-01   6.1874097e-01
   4.0061155e-01   6.1874111e-01
   4.0061060e-01   6.1874214e-01
   4.0061163e-01   6.1874105e-01
   4.0061064e-01   6.1874207e-01
   4.0061072e-01   6.1874201e-01
   4.0061054e-01   6.1874221e-01
   4.0061168e-01   6.1874099e-01
   4.0061163e-01   6.1874103e-01
   4.0061077e-01   6.1874192e-01
   4.0061003e-01   6.1874290e-01
   4.0060991e-01   6.1874322e-01
   4.0061105e-01   6.1874161e-01
   4.0061181e-01   6.1874088e-01
   4.0061126e-01   6.1874140e-01
   4.0061170e-01   6.1874097e-01
   4.0059534e-01   6.1917900e-01
   4.0057436e-01   6.1976031e-01
   4.0061185e-01   6.1874083e-01
   4.0061089e-01   6.1874179e-01
   4.0061157e-01   6.1874109e-01
   4.0061068e-01   6.1874203e-01
   4.0061132e-01   6.1874134e-01
   4.0061123e-01   6.1874143e-01
   4.0061121e-01   6.1874145e-01
   4.0061165e-01   6.1874102e-01
   4.0061101e-01   6.1874166e-01
   4.0061086e-01   6.1874182e-01
   4.0061122e-01   6.1874144e-01
   4.0061126e-01   6.1874140e-01
   4.0061125e-01   6.1874140e-01
   4.0061096e-01   6.1874171e-01
   4.0061086e-01   6.1874182e-01
   4.0061095e-01   6.1874172e-01
   4.0061127e-01   6.1874139e-01
   4.0061054e-01   6.1874221e-01
   4.0061126e-01   6.1874140e-01
   4.0061189e-01   6.1874080e-01
   4.0061170e-01   6.1874097e-01
   4.0061124e-01   6.1874142e-01
   4.0061124e-01   6.1874142e-01
   4.0061113e-01   6.1874154e-01
   4.0061133e-01   6.1874133e-01
   4.0061114e-01   6.1874153e-01
   4.0061176e-01   6.1874092e-01
