   6.2800004e-01   3.7200000e-01
   8.3040697e-01   1.6983669e-01
   2.0200010e-01   7.9800637e-01
   6.1214530e-01   3.8799315e-01
   9.3935626e-01   6.0867043e-02
   9.4804396e-01   5.1972474e-02
   1.9000266e-01   8.1001128e-01
   3.8775912e-01   6.1259642e-01
   8.1566254e-01   1.8462770e-01
   6.4414646e-01   3.5594246e-01
   3.7996592e-01   6.2012444e-01
   4.0283727e-01   5.9779218e-01
   9.9997064e-01   4.1508423e-05
   1.9600011e-01   8.0400506e-01
   1.0600089e-01   8.9399938e-01
   2.3401619e-01   7.6599572e-01
   2.5993921e-02   9.7401831e-01
   2.8800929e-01   7.1204307e-01
   1.3398703e-01   8.6601826e-01
   2.5580287e-01   7.4422472e-01
   2.0799989e-01   7.9200395e-01
   4.9525842e-01   5.0585560e-01
   5.8208302e-01   4.1803054e-01
   1.1398965e-01   8.8601222e-01
   1.0000094e-01   8.9999937e-01
   9.5314837e-01   4.7010576e-02
   5.9613691e-01   4.0403279e-01
   5.9008440e-01   4.1006040e-01
   3.6602101e-01   6.3416686e-01
   2.7201255e-01   7.2803402e-01
   1.4799962e-01   8.5200362e-01
   5.4620311e-01   4.5403602e-01
   3.5793123e-01   6.4229539e-01
   1.6999838e-01   8.3000644e-01
   3.3994729e-01   6.6019309e-01
   4.7999938e-02   9.5200360e-01
   5.5607325e-01   4.4405632e-01
   3.9423980e-01   6.0638741e-01
   8.4806317e-01   1.5202589e-01
   8.0242398e-01   1.9780251e-01
   8.5530405e-01   1.4528005e-01
   1.4200042e-01   8.5800032e-01
   5.1374991e-04   9.9948827e-01
   1.2599844e-01   8.7400577e-01
   3.7403913e-01   6.2609082e-01
   7.9999714e-02   9.2000595e-01
   3.1991417e-02   9.6801228e-01
   1.1999792e-01   8.8000547e-01
   3.4804949e-01   6.5209730e-01
   6.3612725e-01   3.6403809e-01
   5.5999637e-02   9.4401612e-01
   6.0406094e-01   3.9603181e-01
   2.6387609e-01   7.3615805e-01
   2.7994557e-01   7.2009497e-01
   2.4200967e-01   7.5800436e-01
   5.7410440e-01   4.2601499e-01
   4.6437522e-01   5.3619941e-01
   1.7800387e-01   8.2199981e-01
   1.5599570e-01   8.4400876e-01
   5.3030927e-01   4.7001093e-01
   6.1807525e-01   3.8208420e-01
   4.7073278e-01   5.3018635e-01
   5.6421816e-01   4.3608277e-01
   3.0379897e-01   6.9626999e-01
   3.9993114e-02   9.6001846e-01
   5.2239029e-01   4.7803329e-01
   8.3839628e-01   1.6192471e-01
   4.5786644e-01   5.4263765e-01
   6.5385680e-01   3.4619323e-01
   5.0421178e-01   4.9631529e-01
   4.4826260e-01   5.5231972e-01
   3.2607152e-01   6.7408895e-01
   5.3633838e-01   4.6393530e-01
   7.1997905e-02   9.2800668e-01
   2.1600110e-01   7.8400753e-01
   5.1031593e-01   4.9026302e-01
   1.8399508e-01   8.1601031e-01
   9.3385241e-01   6.6887513e-02
   4.1047412e-01   5.9005892e-01
   4.8618901e-01   5.1409824e-01
   4.1854074e-01   5.8219675e-01
   4.7866805e-01   5.2219400e-01
   3.3220939e-01   6.6789243e-01
   2.2800552e-01   7.7201880e-01
   2.2201570e-01   7.7800013e-01
   9.3999468e-02   9.0600503e-01
   2.9598278e-01   7.0406963e-01
   6.3996476e-02   9.3601309e-01
   1.6399953e-01   8.3600599e-01
   1.7977047e-02   9.8203441e-01
   4.2844251e-01   5.7244717e-01
   9.9849108e-03   9.9002370e-01
   2.4800479e-01   7.5201215e-01
   4.4040785e-01   5.6058480e-01
   6.6159762e-01   3.4087400e-01
   3.1848044e-01   6.8167265e-01
   9.2203990e-01   7.8001535e-02
   8.2287969e-01   1.7814394e-01
   8.7994943e-02   9.1200834e-01
   3.1205049e-01   6.8803927e-01
