   1.1800001e-01   8.8200062e-01
   5.8400389e-01   4.1600233e-01
   2.5200168e-01   7.4800640e-01
   9.4003817e-01   5.9976841e-02
   2.9396499e-01   7.0605700e-01
   3.0610756e-01   6.9393155e-01
   4.1994861e-02   9.5800715e-01
   6.0808920e-01   3.9222640e-01
   4.3013377e-01   5.7003176e-01
   1.0000009e-01   9.0000088e-01
   1.4600134e-01   8.5399886e-01
   5.2420505e-01   4.7596772e-01
   4.6210367e-01   5.3849080e-01
   8.2636756e-01   1.7387704e-01
   1.2400007e-01   8.7600108e-01
   3.5604046e-01   6.4399268e-01
   8.3222761e-01   1.6786771e-01
   3.8998505e-01   6.1008618e-01
   9.4515514e-01   5.5039772e-02
   2.1997969e-02   9.7800744e-01
   6.2566395e-01   3.7975624e-01
   9.9994033e-01   9.8492104e-05
   5.7213614e-01   4.2801639e-01
   5.5017152e-01   4.5016998e-01
   3.1401024e-01   6.8602992e-01
   3.4191038e-01   6.5814454e-01
   5.3450321e-01   4.6595801e-01
   1.1199790e-01   8.8800349e-01
   4.3803289e-01   5.6218944e-01
   1.9400137e-01   8.0599963e-01
   1.5199941e-01   8.4800153e-01
   3.2819671e-01   6.7185802e-01
   2.2400194e-01   7.7600187e-01
   9.2919300e-01   7.1316070e-02
   1.7600134e-01   8.2399927e-01
   4.2397269e-01   5.7612788e-01
   8.4136413e-01   1.5880690e-01
   2.6402244e-01   7.3599240e-01
   3.0002193e-01   7.0000222e-01
   2.4600154e-01   7.5400977e-01
   7.9942702e-03   9.9200734e-01
   4.4416098e-01   5.5617089e-01
   8.1817885e-01   1.8201218e-01
   5.9196371e-01   4.0812433e-01
   1.4000012e-02   9.8600043e-01
   2.3999673e-01   7.6001226e-01
   1.6999982e-01   8.3000077e-01
   8.7995892e-02   9.1200500e-01
   3.7402321e-01   6.2615428e-01
   8.0138826e-01   2.0030253e-01
   3.6400056e-01   6.3610324e-01
   1.3800246e-01   8.6199772e-01
   4.7998002e-02   9.5200450e-01
   1.8199746e-01   8.1800401e-01
   3.8204380e-01   6.1814373e-01
   4.7124337e-01   5.2900875e-01
   1.0599975e-01   8.9400141e-01
   2.2800711e-01   7.7199661e-01
   8.0526133e-01   1.9480331e-01
   2.0600091e-01   7.9400397e-01
   5.6413718e-01   4.3598972e-01
   9.3995135e-02   9.0600589e-01
   4.9636301e-01   5.0394188e-01
   7.9999830e-02   9.2000109e-01
   3.9602083e-01   6.0414722e-01
   7.3996641e-02   9.2600498e-01
   6.1481393e-01   3.8528772e-01
   4.8010177e-01   5.2005399e-01
   4.1011338e-01   5.9006663e-01
   5.1734315e-01   4.8288173e-01
   3.2200844e-01   6.7800647e-01
   3.4977139e-01   6.5028759e-01
   4.5410585e-01   5.4609897e-01
   3.3405183e-01   6.6599749e-01
   1.5799886e-01   8.4200201e-01
   6.1998002e-02   9.3800649e-01
   2.6715650e-04   9.9973332e-01
   5.0592806e-01   4.9416374e-01
   5.4000064e-02   9.4600370e-01
   2.7798061e-01   7.2203972e-01
   4.0407589e-01   5.9608936e-01
   2.1200017e-01   7.8801281e-01
   2.5800067e-01   7.4201013e-01
   1.9999235e-01   8.0000970e-01
   3.3999534e-02   9.6600301e-01
   9.2145331e-01   7.9479456e-02
   2.1800092e-01   7.8200648e-01
   2.8601636e-01   7.1400372e-01
   1.8800375e-01   8.1199691e-01
   5.4229154e-01   4.5789838e-01
   2.3400063e-01   7.6600380e-01
   4.8633174e-01   5.1384324e-01
   1.3199608e-01   8.6800518e-01
   1.6399892e-01   8.3600324e-01
   5.9998371e-01   4.0009865e-01
   6.7999524e-02   9.3200137e-01
   4.1810287e-01   5.8210178e-01
   2.7985115e-02   9.7201728e-01
   5.5816926e-01   4.4197691e-01
   2.7200180e-01   7.2800805e-01
