   1.1799992e-01   8.8200018e-01
   4.0790578e-01   5.9231420e-01
   4.6822177e-01   5.3206025e-01
   5.5782242e-04   9.9944219e-01
   2.7600416e-01   7.2402873e-01
   9.9996708e-02   9.0000346e-01
   1.0599989e-01   8.9400032e-01
   1.3000140e-01   8.6999866e-01
   3.7588152e-01   6.2424437e-01
   4.4000002e-02   9.5600014e-01
   1.6199958e-01   8.3800111e-01
   2.2000190e-01   7.8000850e-01
   7.4000765e-02   9.2599924e-01
   7.9948141e-03   9.9200775e-01
   8.2275501e-01   1.7781656e-01
   3.3793771e-01   6.6211119e-01
   2.3600129e-01   7.6400308e-01
   9.3284857e-01   6.7319410e-02
   2.3000264e-01   7.6999999e-01
   2.9599796e-01   7.0402081e-01
   4.9814530e-01   5.0194529e-01
   3.5802837e-01   6.4203775e-01
   1.1199787e-01   8.8800356e-01
   3.8201922e-01   6.1810891e-01
   2.0800076e-01   7.9200026e-01
   9.3554235e-01   6.4591494e-02
   4.3602340e-01   5.6418568e-01
   3.1810122e-01   6.8192917e-01
   2.0399872e-01   7.9600435e-01
   5.3585879e-01   4.6420095e-01
   3.1198975e-01   6.8802485e-01
   1.4399961e-01   8.5600206e-01
   4.3007511e-01   5.7000079e-01
   4.4831363e-01   5.5196243e-01
   1.6800623e-01   8.3199410e-01
   1.5600081e-01   8.4399961e-01
   4.5609663e-01   5.4414619e-01
   5.4777223e-01   4.5228362e-01
   2.5423002e-01   7.4578478e-01
   3.9998665e-01   6.0003974e-01
   1.3799579e-01   8.6200733e-01
   5.0603034e-01   4.9404007e-01
   2.1400571e-01   7.8599585e-01
   3.6397343e-01   6.3606288e-01
   5.5999248e-02   9.4400144e-01
   8.7997701e-02   9.1200252e-01
   5.2000643e-01   4.8004517e-01
   3.5200013e-01   6.4803161e-01
   4.4209671e-01   5.5807293e-01
   5.6138975e-01   4.3875952e-01
   5.2595850e-01   4.7409750e-01
   4.6208700e-01   5.3803685e-01
   2.4200118e-01   7.5800681e-01
   4.9999218e-02   9.5000241e-01
   2.8801078e-01   7.1201100e-01
   1.7399914e-01   8.2600217e-01
   8.0771842e-01   1.9230688e-01
   4.2207261e-01   5.7803932e-01
   3.0397994e-01   6.9606338e-01
   3.8809722e-01   6.1208117e-01
   5.7411145e-01   4.2807935e-01
   2.2599834e-01   7.7400528e-01
   1.9800109e-01   8.0200691e-01
   4.8404307e-01   5.1604919e-01
   5.4215732e-01   4.5810380e-01
   4.7766813e-01   5.2254068e-01
   2.6800870e-01   7.3203901e-01
   1.8599711e-01   8.1400618e-01
   3.1995747e-02   9.6800881e-01
   9.2199393e-01   7.8046441e-02
   1.5997582e-02   9.8400760e-01
   4.9138600e-01   5.0875120e-01
   3.6997959e-01   6.3009994e-01
   1.4999920e-01   8.5000287e-01
   2.3986456e-02   9.7601638e-01
   3.3020150e-01   6.6982692e-01
   9.4000229e-02   9.0599979e-01
   5.1201757e-01   4.8805320e-01
   2.6000960e-01   7.4002265e-01
   1.2399893e-01   8.7600196e-01
   6.7997200e-02   9.3200311e-01
   8.2838258e-01   1.7188304e-01
   5.6770538e-01   4.3371267e-01
   8.1649046e-01   1.8387364e-01
   3.2412031e-01   6.7593317e-01
   2.4801007e-01   7.5204009e-01
   6.1999576e-02   9.3800059e-01
   1.9199847e-01   8.0800649e-01
   8.0159388e-01   2.0012622e-01
   5.8208547e-01   4.2321398e-01
   4.1600718e-01   5.8412208e-01
   5.9714599e-01   4.2015783e-01
   3.4600181e-01   6.5404562e-01
   3.9398563e-01   6.0610743e-01
   2.8201054e-01   7.1800133e-01
   9.9995638e-01   7.2276303e-05
   3.7993614e-02   9.6200779e-01
   5.5419554e-01   4.4606684e-01
   1.8000025e-01   8.2000100e-01
   8.1999417e-02   9.1800089e-01
