   5.4205768e-01   4.5800656e-01
   3.8806629e-01   6.1202892e-01
   3.8196891e-01   6.1814574e-01
   3.2601136e-01   6.7400412e-01
   5.6330107e-01   4.3694959e-01
   2.1600128e-01   7.8400194e-01
   4.0205775e-01   5.9808557e-01
   9.2198668e-01   7.8068057e-02
   3.6802484e-01   6.3205523e-01
   4.2398574e-01   5.7610487e-01
   4.3026783e-01   5.6985530e-01
   2.2800167e-01   7.7200151e-01
   2.2200273e-01   7.7801020e-01
   4.8919680e-01   5.1110679e-01
   2.3399979e-01   7.6600545e-01
   5.7817867e-01   4.2253536e-01
   5.2021074e-01   4.8007365e-01
   4.6024462e-01   5.3999540e-01
   4.3828058e-01   5.6190848e-01
   3.3999083e-01   6.6006003e-01
   5.3998400e-02   9.4600347e-01
   2.7601805e-01   7.2400356e-01
   2.5996406e-02   9.7400523e-01
   2.8398632e-01   7.1603454e-01
   8.3032445e-01   1.6985153e-01
   4.6820620e-01   5.3206766e-01
   2.5800139e-01   7.4200441e-01
   9.9994112e-01   8.2840872e-05
   5.1412229e-01   4.8613587e-01
   4.5998751e-02   9.5400283e-01
   2.1000040e-01   7.9000570e-01
   1.6199861e-01   8.3800467e-01
   4.1007299e-01   5.9008787e-01
   5.5610131e-01   4.4399323e-01
   8.5999810e-02   9.1400098e-01
   5.4993820e-01   4.5009363e-01
   7.4001444e-02   9.2599862e-01
   4.9605680e-01   5.0411399e-01
   4.4715734e-01   5.5305250e-01
   5.2597024e-01   4.7411649e-01
   3.9581143e-01   6.0429175e-01
   1.3799974e-01   8.6200210e-01
   7.9999921e-02   9.2000085e-01
   1.2401639e-01   8.7598414e-01
   8.1831936e-01   1.8183288e-01
   3.4592409e-01   6.5410542e-01
   9.3716430e-01   6.3003743e-02
   1.9199396e-01   8.0800836e-01
   6.7999995e-02   9.3200006e-01
   4.7402221e-01   5.2612744e-01
   3.1790641e-01   6.8215261e-01
   5.0821736e-01   4.9184589e-01
   8.0160202e-01   2.0002815e-01
   1.4999994e-01   8.5000139e-01
   1.8000009e-01   8.2000247e-01
   3.5994391e-01   6.4012574e-01
   5.0220736e-01   4.9813158e-01
   4.1807142e-01   5.8208827e-01
   1.1599561e-01   8.8400807e-01
   2.0399839e-01   7.9600672e-01
   2.4600620e-01   7.5401935e-01
   1.8599910e-01   8.1400403e-01
   1.7399884e-01   8.2600526e-01
   1.4399920e-01   8.5600197e-01
   3.3202725e-01   6.6800046e-01
   6.1999836e-02   9.3800041e-01
   3.5201374e-01   6.4804185e-01
   6.0177837e-01   4.1235508e-01
   1.9353557e-06   1.0000000e+00
   1.5600008e-01   8.4400020e-01
   4.5391829e-01   5.4622063e-01
   2.6400139e-01   7.3600529e-01
   2.3999840e-01   7.6001077e-01
   9.1999915e-02   9.0800089e-01
   2.9003123e-01   7.0997817e-01
   1.0999982e-01   8.9000067e-01
   1.3999935e-02   9.8600218e-01
   2.5198888e-01   7.4802203e-01
   7.9977357e-03   9.9200440e-01
   1.3197449e-01   8.6802681e-01
   1.9800574e-01   8.0199665e-01
   2.7001514e-01   7.2999709e-01
   2.9601997e-01   7.0399732e-01
   4.8217959e-01   5.1816238e-01
   3.7408284e-01   6.2606558e-01
   1.9997504e-02   9.8000404e-01
   5.9564881e-01   4.1396504e-01
   1.0400005e-01   8.9600064e-01
   1.6799987e-01   8.3200205e-01
   3.0402654e-01   6.9599421e-01
   9.8000280e-02   9.0199974e-01
   9.3119569e-01   6.9289185e-02
   5.3401749e-01   4.6603946e-01
   8.2572511e-01   1.7431969e-01
   8.0679953e-01   1.9384566e-01
   3.1002424e-01   6.9000873e-01
   5.7098560e-01   4.2925999e-01
   3.3998990e-02   9.6600243e-01
   3.9994476e-02   9.6000726e-01
   5.8558285e-01   4.1776560e-01
