   2.6201479e-01   7.3799484e-01
   3.1200580e-01   6.8802770e-01
   3.4201784e-01   6.5802944e-01
   3.1809540e-01   6.8194232e-01
   3.7799917e-01   6.2209911e-01
   1.3200004e-01   8.6800048e-01
   8.2168484e-01   1.7834256e-01
   8.3382605e-01   1.6634235e-01
   4.9787299e-01   5.0236622e-01
   5.1999343e-01   4.8016700e-01
   8.3998382e-02   9.1600340e-01
   3.5002428e-01   6.5007161e-01
   5.9997358e-02   9.4000498e-01
   2.1600170e-01   7.8400608e-01
   4.0400277e-01   5.9609379e-01
   1.6200093e-01   8.3799920e-01
   9.5996081e-02   9.0400583e-01
   8.1593029e-01   1.8411227e-01
   4.2801761e-01   5.7213234e-01
   7.2000146e-02   9.2800334e-01
   4.3600328e-01   5.6418738e-01
   5.5205837e-01   4.4804198e-01
   5.3811733e-01   4.6196933e-01
   1.8600181e-01   8.1399889e-01
   4.4204986e-01   5.5815028e-01
   2.7400449e-01   7.2601305e-01
   2.5001346e-01   7.4999103e-01
   3.5996879e-02   9.6401070e-01
   1.9799896e-01   8.0200310e-01
   9.9994658e-01   9.6510837e-05
   4.2017358e-01   5.8008524e-01
   5.4408349e-01   4.5599120e-01
   1.3800191e-01   8.6199818e-01
   5.7996005e-01   4.2030505e-01
   3.7182216e-01   6.2823166e-01
   4.1213139e-01   5.8817575e-01
   3.2602184e-01   6.7402102e-01
   1.7400027e-01   8.2600073e-01
   4.1999131e-02   9.5800234e-01
   2.0400089e-01   7.9600049e-01
   3.9796125e-01   6.0216638e-01
   5.6601881e-01   4.3400434e-01
   5.8618519e-01   4.1386782e-01
   3.6601766e-01   6.3407802e-01
   1.0799952e-01   8.9200161e-01
   1.0199977e-01   8.9800100e-01
   4.7997660e-02   9.5200395e-01
   5.0450051e-01   4.9558366e-01
   3.3402096e-01   6.6604533e-01
   2.6801032e-01   7.3199852e-01
   5.2816930e-01   4.7185259e-01
   1.7997569e-02   9.8200861e-01
   3.0402548e-01   6.9599883e-01
   4.4806852e-01   5.5207835e-01
   2.4400915e-01   7.5599489e-01
   6.5996212e-02   9.3400520e-01
   3.8392227e-01   6.1620449e-01
   1.6800142e-01   8.3199889e-01
   5.3999547e-02   9.4600194e-01
   4.7994187e-01   5.2032296e-01
   5.7394555e-01   4.2610238e-01
   2.3200256e-01   7.6801736e-01
   1.1999997e-01   8.8000026e-01
   4.8618418e-01   5.1425524e-01
   5.5809897e-01   4.4193696e-01
   2.2201181e-01   7.7799670e-01
   6.3344566e-06   1.0000000e+00
   1.5000231e-01   8.4999795e-01
   4.7404135e-01   5.2625104e-01
   9.2199471e-01   7.8049027e-02
   1.5600038e-01   8.4399988e-01
   4.5400428e-01   5.4608243e-01
   3.9182463e-01   6.0824232e-01
   3.5798596e-01   6.4207784e-01
   4.9212498e-01   5.0802393e-01
   5.9536695e-01   4.0660387e-01
   1.1400051e-01   8.8599953e-01
   2.3993993e-02   9.7601051e-01
   7.7999612e-02   9.2200113e-01
   9.9940301e-03   9.9001277e-01
   2.8000176e-01   7.2000381e-01
   2.9593307e-01   7.0410764e-01
   9.4042150e-01   5.9650847e-02
   1.8000293e-01   8.1999847e-01
   2.8799102e-01   7.1203563e-01
   1.9200013e-01   8.0800065e-01
   2.5599229e-01   7.4402459e-01
   1.2599923e-01   8.7400178e-01
   4.5991906e-01   5.4031966e-01
   4.6833559e-01   5.3195217e-01
   8.0223379e-01   1.9799117e-01
   6.0364840e-01   4.0210884e-01
   8.9995844e-02   9.1000616e-01
   2.2600020e-01   7.7402585e-01
   2.3800285e-01   7.6200579e-01
   2.1000114e-01   7.9000449e-01
   1.4400145e-01   8.5599914e-01
   2.9992949e-02   9.7001741e-01
   9.3310051e-01   6.7619492e-02
   5.1015617e-01   4.8995666e-01
