   3.2630773e-01   6.7372834e-01
   2.0599309e-01   7.9401017e-01
   1.8200289e-01   8.1799833e-01
   3.7402195e-01   6.2603048e-01
   4.6270266e-01   5.3750234e-01
   4.5606199e-01   5.4406104e-01
   4.9476393e-01   5.0566045e-01
   3.8208288e-01   6.1809677e-01
   9.2202652e-01   7.7998932e-02
   9.9995124e-01   6.9408360e-05
   3.9596105e-01   6.0414197e-01
   2.3600136e-01   7.6400453e-01
   7.5689896e-01   2.4415963e-01
   1.0999922e-01   8.9000260e-01
   4.3378023e-01   5.6639683e-01
   3.5200139e-01   6.4807824e-01
   2.8606775e-01   7.1394643e-01
   4.1399213e-01   5.8613241e-01
   2.7401875e-01   7.2599743e-01
   2.8001591e-01   7.1999509e-01
   1.9400619e-01   8.0599427e-01
   4.1998468e-01   5.8014487e-01
   5.3830321e-01   4.6210721e-01
   5.6229352e-01   4.3841702e-01
   8.5999213e-02   9.1400151e-01
   5.3012591e-01   4.7027792e-01
   5.0725332e-01   4.9344696e-01
   5.5634124e-01   4.4414474e-01
   3.8997494e-01   6.1012044e-01
   3.7999353e-02   9.6200263e-01
   9.7998648e-02   9.0200328e-01
   2.1800376e-01   7.8199943e-01
   8.2805702e-01   1.7230086e-01
   2.0000160e-01   7.9999952e-01
   2.5001793e-01   7.4998954e-01
   5.4734078e-01   4.5302029e-01
   5.2412532e-01   4.7605611e-01
   2.9800494e-01   7.0203426e-01
   1.2199657e-01   8.7800496e-01
   4.7034923e-01   5.2996588e-01
   3.6596131e-01   6.3407912e-01
   1.4599959e-01   8.5400189e-01
   6.7996473e-02   9.3200545e-01
   2.1200329e-01   7.8799994e-01
   1.7599970e-01   8.2400393e-01
   8.0218965e-01   1.9798147e-01
   4.0206365e-01   5.9805945e-01
   2.5600183e-01   7.4400334e-01
   5.7224130e-01   4.3310813e-01
   1.4000070e-01   8.5999984e-01
   4.9998089e-02   9.5000374e-01
   8.9521072e-01   1.0610496e-01
   2.4399651e-01   7.5601418e-01
   8.0609683e-01   1.9397090e-01
   1.1599560e-01   8.8400607e-01
   1.5199962e-01   8.4800203e-01
   2.3000683e-01   7.7000027e-01
   3.3223676e-01   6.6778052e-01
   3.0601263e-01   6.9402211e-01
   4.4028726e-01   5.5993072e-01
   4.3998988e-02   9.5600291e-01
   6.1999309e-02   9.3800316e-01
   1.2800019e-01   8.7200198e-01
   1.5800012e-01   8.4200018e-01
   1.3399992e-01   8.6600213e-01
   1.3997737e-02   9.8600343e-01
   2.6800264e-01   7.3200478e-01
   9.2000992e-02   9.0799902e-01
   9.8150319e-01   1.9478302e-02
   7.5239303e-01   2.4803180e-01
   8.0000304e-02   9.1999971e-01
   8.9671724e-01   1.0347557e-01
   4.4839246e-01   5.5173842e-01
   1.0399928e-01   8.9600158e-01
   4.8611313e-01   5.1420006e-01
   8.2486395e-01   1.7563513e-01
   4.7929773e-01   5.2077232e-01
   2.6201150e-01   7.3799349e-01
   7.3998448e-02   9.2600258e-01
   2.9203169e-01   7.0798317e-01
   4.2604474e-01   5.7401994e-01
   2.5993972e-02   9.7401263e-01
   3.1999009e-01   6.8003905e-01
   9.2897811e-01   7.1310816e-02
   3.3988098e-01   6.6015724e-01
   3.4599772e-01   6.5402565e-01
   1.8800127e-01   8.1199987e-01
   1.6399713e-01   8.3600386e-01
   1.9999980e-02   9.8000115e-01
   3.1201078e-01   6.8800268e-01
   1.7000196e-01   8.2999862e-01
   8.1460518e-01   1.8546120e-01
   2.2401877e-01   7.7598605e-01
   5.1607109e-01   4.8417323e-01
   4.0795225e-01   5.9211291e-01
   3.9995386e-04   9.9960011e-01
   3.5997029e-01   6.4011873e-01
   5.5998839e-02   9.4400384e-01
   3.1994244e-02   9.6800733e-01
   7.9849509e-03   9.9201666e-01
