   2.7470923e-01   1.2678926e-17   9.6152735e-01
   2.4253607e-01   2.1786804e-28   9.7014239e-01
   4.6788546e-01   4.3390027e-18   8.8378911e-01
   8.5749011e-01   2.8712289e-18   5.1450045e-01
   4.1906076e-01   3.5270848e-28   9.0795819e-01
   9.2467730e-01   2.3590228e-28   3.8075176e-01
   5.9999874e-01   3.2788127e-28   8.0000094e-01
   8.2219314e-01   2.6872766e-28   5.6920861e-01
   5.0386793e-01   3.0854322e-28   8.6378071e-01
   3.7138983e-01   8.2508023e-18   9.2847703e-01
   9.8639568e-01   3.5689382e-28   1.6438845e-01
   1.5595857e-01   7.1981099e-18   9.8776360e-01
   5.2145716e-01   2.6501344e-28   8.5327747e-01
   8.9442657e-01   3.1140284e-28   4.4721485e-01
   9.7513423e-01   3.8818530e-28   2.2161504e-01
   6.3060105e-01   3.2788127e-28   7.7610715e-01
   4.8564293e-01   2.2414357e-17   8.7415728e-01
   4.1076759e-01   9.1379067e-01   4.0870861e-02
   6.7827553e-01   1.4463546e-28   7.3480766e-01
   9.5358372e-01   3.3788446e-28   3.0112803e-01
   8.3957025e-01   7.7858747e-18   5.4325114e-01
   7.6821779e-01   2.7656149e-28   6.4018858e-01
   9.6476417e-01   1.1377127e-28   2.6311613e-01
   3.9391667e-01   1.9007165e-28   9.1914616e-01
   5.6920599e-01   4.4734987e-28   8.2219496e-01
   7.0710969e-01   3.6724762e-28   7.0710387e-01
   7.8087085e-01   2.3590228e-28   6.2469250e-01
   1.9611463e-01   3.3788446e-28   9.8058098e-01
   3.3034688e-01   1.5246826e-17   9.4385960e-01
   9.3979334e-01   1.0956401e-28   3.4174328e-01
   9.1381601e-01   3.2476965e-28   4.0612843e-01
   2.9827537e-01   1.3766598e-17   9.5447986e-01
   8.7415245e-01   2.6501344e-28   4.8565161e-01
   5.5470165e-01   3.6724762e-28   8.3204932e-01
   8.8491667e-01   1.1377127e-28   4.6574937e-01
   7.3480323e-01   3.2788127e-28   6.7828033e-01
   6.5079221e-01   6.5190420e-18   7.5925588e-01
   4.4719761e-01   3.4155486e-28   8.9443518e-01
   7.5668974e-01   6.3840214e-01   1.8972580e-01
   8.2120418e-01   5.5115218e-01   1.5329389e-01
   1.1043046e-01   5.0968059e-18   9.9388385e-01
   8.3869850e-01   5.2417844e-01   1.7132152e-01
   5.4075637e-01   3.6724762e-28   8.4117926e-01
   3.5112492e-01   1.6205815e-17   9.3632862e-01
   7.7586143e-01   6.3143948e-01   3.1423703e-02
   9.3588814e-01   3.2803205e-01   1.3754001e-01
   7.5569278e-01   2.0614952e-16   6.5492627e-01
   3.0203642e-01   9.5342905e-01   4.2684839e-02
   6.7139568e-01   7.2971661e-01   1.4759950e-01
   9.1636433e-05   9.1793033e-22   1.0000000e+00
   4.4356478e-01   8.8757632e-01   1.4751056e-01
   9.5450292e-01   3.0127017e-01   2.7361388e-02
   8.9482165e-01   4.4710707e-01   2.5506666e-02
   5.8243204e-01   8.0168953e-01   1.4793953e-01
   7.8043760e-01   6.0929530e-01   1.5034318e-01
   9.6913015e-01   2.5163291e-01   3.9888207e-02
   5.5029552e-01   8.2541238e-01   1.4172123e-01
   2.5184390e-01   9.5919856e-01   1.3381755e-01
   8.0465670e-01   5.7475774e-01   1.6733190e-01
   1.0000000e+00   2.4601504e-28   6.9099180e-05
   9.1185975e-01   4.1024983e-01   2.9582762e-02
   5.1985640e-01   8.4483843e-01   1.5116599e-01
   3.7764131e-01   9.1769210e-01   1.3246767e-01
   2.2881004e-02   9.9112125e-01   1.3946976e-01
   3.2748494e-01   9.3670563e-01   1.3512161e-01
   2.9118959e-01   9.4849282e-01   1.4499056e-01
   1.8009856e-02   9.9949419e-01   3.5552005e-02
   4.8558174e-01   8.6978872e-01   9.4069100e-02
   1.1143763e-01   9.9312650e-01   6.6779586e-02
   8.0000519e-01   1.0328391e-07   5.9999307e-01
   6.4963623e-01   7.5557014e-01   9.9648704e-02
   8.6019630e-01   4.8329687e-01   1.9907829e-01
   5.3924326e-01   8.3869762e-01   9.8162543e-02
   5.7653133e-01   8.1988407e-01   4.8138042e-02
   8.5456261e-01   5.2167451e-01   2.6479585e-02
   6.1246843e-01   7.7968347e-01   1.4252488e-01
   2.0306013e-01   9.7270909e-01   1.2248617e-01
   7.3031862e-01   6.7068940e-01   1.3867532e-01
   8.1843733e-01   5.7760314e-01   2.2177730e-02
   9.4623927e-01   2.8326829e-01   1.7307563e-01
   4.9987863e-01   8.5719666e-01   1.5008614e-01
   2.5642320e-02   1.0065846e+00   2.7618145e-02
   6.3462692e-01   7.6181724e-01   1.4802186e-01
   8.5369809e-01   5.0201009e-01   1.4778570e-01
   9.1742612e-01   3.7560594e-01   1.4230211e-01
   4.1570522e-01   9.0132355e-01   1.5186471e-01
   4.6406346e-01   8.7680539e-01   1.4399048e-01
   5.9770687e-01   7.9844800e-01   9.8187559e-02
   3.5546385e-01   9.2643175e-01   1.4344133e-01
   3.5650753e-01   9.3427515e-01   4.1889952e-02
   8.7267526e-01   4.6104930e-01   1.9916557e-01
   7.3212569e-01   6.8395925e-01   3.2572275e-02
   2.2697989e-01   9.6589045e-01   1.4169408e-01
   7.0536009e-01   7.0537567e-01   9.7740641e-02
   1.7182237e-01   9.7721544e-01   1.5726224e-01
   6.8877709e-01   7.3748779e-01   4.3865269e-02
   5.2458200e-01   8.5766082e-01   4.5584136e-02
   1.1404602e-01   9.8569694e-01   1.3278934e-01
   7.0102249e-01   7.0099715e-01   1.5931587e-01
   9.9388393e-01   2.8638107e-07   1.1042979e-01
