   9.8639404e-01   3.9471532e-28   1.6439832e-01
   3.4174323e-01   2.7284727e-28   9.3979336e-01
   5.5470060e-01   3.5947887e-17   8.3205002e-01
   4.7409898e-01   2.8241265e-18   8.8047155e-01
   8.1923186e-01   4.7512435e-28   5.7346243e-01
   8.6542525e-01   5.2012503e-17   5.0103805e-01
   7.5925732e-01   1.3028858e-17   6.5079054e-01
   3.3035052e-01   1.4976305e-28   9.4385832e-01
   2.1693049e-01   2.7566306e-28   9.7618705e-01
   5.7346258e-01   4.6472527e-17   8.1923176e-01
   5.0387115e-01   3.2238116e-28   8.6377883e-01
   2.4253542e-01   2.7990319e-28   9.7014255e-01
   7.3279403e-01   4.2439621e-28   6.8045052e-01
   8.2404119e-01   3.0154208e-28   5.6652989e-01
   8.4799851e-01   7.3012266e-17   5.2999860e-01
   2.7472008e-01   2.1608215e-28   9.6152425e-01
   9.4385831e-01   3.1448944e-17   3.3035054e-01
   3.7139054e-01   2.4715693e-17   9.2847675e-01
   6.0745274e-01   2.5035377e-28   7.9435582e-01
   5.6652925e-01   3.3678882e-28   8.2404163e-01
   9.9745931e-01   1.9713853e-28   7.1238527e-02
   9.2467797e-01   2.4856788e-28   3.8075011e-01
   3.9391747e-01   3.4348319e-28   9.1914581e-01
   6.1394061e-01   1.1065965e-28   7.8935222e-01
   9.8995070e-01   1.6987557e-17   1.4141289e-01
   7.7611305e-01   1.3318102e-17   6.3059380e-01
   9.7014353e-01   7.4358418e-17   2.4253149e-01
   9.1914560e-01   6.9197515e-17   3.9391797e-01
   1.7888236e-01   1.1278176e-17   9.8387047e-01
   3.5112331e-01   4.7313583e-19   9.3632923e-01
   4.1905708e-01   4.3228482e-28   9.0795989e-01
   5.8123796e-01   5.8451715e-18   8.1373364e-01
   7.4740870e-01   2.1611502e-28   6.6436453e-01
   1.2403401e-01   7.8200971e-18   9.9227797e-01
   9.5447994e-01   7.1171072e-17   2.9827512e-01
   6.7267361e-01   4.7727180e-28   7.3993933e-01
   5.2144983e-01   2.0837980e-28   8.5328195e-01
   5.2999931e-01   2.0837980e-28   8.4799807e-01
   7.5257779e-01   1.2914237e-17   6.5850336e-01
   9.9503809e-01   6.7315435e-17   9.9494696e-02
   9.0795944e-01   2.1173246e-28   4.1905806e-01
   1.4141643e-01   2.7990319e-28   9.8995020e-01
   4.0613723e-01   3.5206554e-17   9.1381210e-01
   3.1622737e-01   3.2307348e-18   9.4868343e-01
   7.6822088e-01   1.8968818e-28   6.4018488e-01
   6.8045110e-01   9.1690238e-19   7.3279349e-01
   6.0000113e-01   2.6105818e-28   7.9999915e-01
   5.8715173e-02   3.1419672e-28   9.9827478e-01
   7.9435711e-01   5.9231468e-17   6.0745105e-01
   1.1042534e-01   4.0440078e-28   9.9388442e-01
   8.5328171e-01   7.2747207e-17   5.2145022e-01
   8.0873603e-01   4.2053785e-17   5.8817178e-01
   2.6311772e-01   2.2137013e-18   9.6476374e-01
   2.9827326e-01   3.3678882e-28   9.5448052e-01
   8.4366127e-01   2.0757538e-16   5.3687584e-01
   7.8086853e-01   5.8787380e-17   6.2469540e-01
   8.6824331e-01   1.1193360e-03   4.9613902e-01
   7.3993975e-01   4.0561584e-02   6.7267315e-01
   4.8564233e-01   1.6824258e-04   8.7415761e-01
   7.8935229e-01   2.9901709e-17   6.1394052e-01
   3.8074921e-01   2.9559276e-28   9.2467834e-01
   5.3687679e-01   6.2086629e-17   8.4366066e-01
   6.4018447e-01   9.4301441e-04   7.6822122e-01
   8.0000020e-01   2.0411978e-03   5.9999974e-01
   2.8734795e-01   3.6314993e-28   9.5782626e-01
   9.9227789e-01   5.6242576e-17   1.2403461e-01
   8.8491828e-01   2.4503705e-03   4.6574646e-01
   8.1373336e-01   4.4679637e-16   5.8123834e-01
   6.6436554e-01   1.0548917e-02   7.4740780e-01
   8.3043899e-02   6.7361935e-04   9.9654589e-01
   9.1937169e-05   3.0293354e-28   1.0000000e+00
   9.2847671e-01   5.7931862e-03   3.7139064e-01
   9.5782676e-01   1.2319210e-04   2.8734629e-01
   6.5850582e-01   4.7905581e-13   7.5257563e-01
   9.9999999e-01   9.9587222e-05   6.7642535e-05
   8.7415732e-01   3.5763639e-04   4.8564295e-01
   9.7618705e-01   3.4114593e-04   2.1693046e-01
   9.6476369e-01   1.0023434e-03   2.6311734e-01
   8.5749308e-01   3.5797176e-15   5.1449549e-01
   9.4868329e-01   4.1713501e-04   3.1622776e-01
   1.6439713e-01   2.0025244e-05   9.8639423e-01
   8.9442791e-01   2.6023207e-05   4.4721216e-01
   9.8058178e-01   1.1658721e-04   1.9611060e-01
   9.1381156e-01   7.0241331e-06   4.0613845e-01
   8.3204953e-01   3.9876919e-28   5.5470134e-01
   6.3059319e-01   3.8198049e-08   7.7611354e-01
   9.6152333e-01   5.0408627e-03   2.7472092e-01
   5.1449596e-01   5.1196157e-03   8.5749280e-01
   4.9613895e-01   3.0081642e-07   8.6824314e-01
   6.2469449e-01   2.4976269e-08   7.8086926e-01
   5.8817228e-01   5.9238407e-03   8.0873566e-01
   9.3632930e-01   1.0491261e-04   3.5112312e-01
   4.4721299e-01   1.8031993e-06   8.9442749e-01
   4.6574595e-01   5.8877619e-03   8.8491848e-01
   1.9611523e-01   5.0745051e-08   9.8058086e-01
   8.8047120e-01   6.5237084e-03   4.7409989e-01
   6.5079146e-01   3.0369268e-04   7.5925653e-01
   9.3979563e-01   6.3105822e-05   3.4173701e-01
   7.0710686e-01   7.8506600e-07   7.0710670e-01
   9.8386948e-01   3.5030298e-02   1.7888520e-01
