   1.9611343e-01   6.7050405e-18   9.8058122e-01
   5.1449373e-01   2.9367509e-17   8.5749414e-01
   9.7618704e-01   3.2780458e-28   2.1693057e-01
   6.5079044e-01   3.8507369e-28   7.5925740e-01
   6.6896525e-01   1.1729587e-17   7.4329368e-01
   6.7828123e-01   2.3968224e-28   7.3480241e-01
   2.4253531e-01   1.7431238e-19   9.7014258e-01
   5.8817144e-01   1.9796402e-17   8.0873627e-01
   5.5469794e-01   3.9866657e-19   8.3205180e-01
   6.3059304e-01   2.0016977e-17   7.7611367e-01
   5.6653000e-01   1.3244994e-17   8.2404112e-01
   6.0745052e-01   4.3658033e-19   7.9435752e-01
   7.5925621e-01   2.7097372e-28   6.5079183e-01
   4.9613710e-01   2.8726111e-17   8.6824419e-01
   2.9827509e-01   1.3388416e-17   9.5447995e-01
   1.6439843e-01   5.3265876e-18   9.8639402e-01
   7.6822111e-01   5.5960178e-17   6.4018460e-01
   4.4721248e-01   1.9812461e-28   8.9442775e-01
   6.0000027e-01   6.2006658e-28   7.9999980e-01
   3.7139063e-01   4.2824191e-28   9.2847671e-01
   3.3035130e-01   4.9502380e-18   9.4385805e-01
   7.3480317e-01   5.3525886e-17   6.7828040e-01
   8.9442704e-01   3.9037726e-17   4.4721391e-01
   9.3632926e-01   2.3916729e-28   3.5112323e-01
   6.5850488e-01   4.7506644e-17   7.5257646e-01
   5.2145028e-01   3.6431627e-17   8.5328167e-01
   4.0613776e-01   2.8607164e-28   9.1381186e-01
   5.7346262e-01   4.6227434e-17   8.1923173e-01
   2.6311610e-01   1.6652009e-17   9.6476418e-01
   8.6377919e-01   5.8542420e-17   5.0387053e-01
   8.3205039e-01   3.7578266e-28   5.5470006e-01
   7.5257812e-01   5.4820682e-17   6.5850298e-01
   2.7471943e-01   2.3968224e-28   9.6152443e-01
   5.0387146e-01   3.1888859e-17   8.6377865e-01
   1.4141835e-01   4.7597933e-18   9.8994992e-01
   2.8734779e-01   2.2687421e-28   9.5782631e-01
   9.8639414e-01   2.1953361e-17   1.6439772e-01
   7.8935225e-01   5.6946391e-17   6.1394057e-01
   8.4365962e-01   1.7943328e-17   5.3687843e-01
   3.8074776e-01   2.9549415e-28   9.2467894e-01
   7.1246947e-02   3.1096095e-18   9.9745871e-01
   7.4740925e-01   2.0595843e-28   6.6436392e-01
   8.0000028e-01   2.9032273e-28   5.9999963e-01
   9.5782752e-01   6.4916523e-17   2.8734377e-01
   8.0873596e-01   5.6503118e-17   5.8817187e-01
   5.3687569e-01   2.6935217e-28   8.4366136e-01
   4.8564316e-01   2.4632182e-28   8.7415715e-01
   4.1905749e-01   3.0118052e-19   9.0795970e-01
   8.1923181e-01   4.1281529e-28   5.7346250e-01
   9.0795929e-01   6.5962647e-17   4.1905839e-01
   2.1692609e-01   9.7369743e-18   9.7618803e-01
   8.2404106e-01   2.6838801e-28   5.6653008e-01
   9.8058081e-01   3.2284133e-28   1.9611547e-01
   7.9435723e-01   2.7912070e-17   6.0745090e-01
   6.2469483e-01   3.4593577e-17   7.8086898e-01
   9.8995157e-01   7.1919333e-17   1.4140679e-01
   8.5749301e-01   3.2573382e-28   5.1449561e-01
   9.7014256e-01   6.5751172e-17   2.4253537e-01
   3.1622760e-01   3.5097736e-28   9.4868335e-01
   6.4018486e-01   3.7244095e-28   7.6822090e-01
   9.9227809e-01   6.2798984e-17   1.2403305e-01
   5.2999890e-01   2.1064777e-28   8.4799833e-01
   8.5328175e-01   3.1563201e-28   5.2145015e-01
   9.4385862e-01   2.5533894e-28   3.3034966e-01
   7.4329307e-01   5.4144324e-17   6.6896593e-01
   8.8047094e-01   5.9673700e-17   4.7410012e-01
   1.2403280e-01   1.3487330e-28   9.9227812e-01
   7.0710684e-01   2.4846272e-17   7.0710672e-01
   1.7888501e-01   7.5013968e-18   9.8386999e-01
   8.4799823e-01   5.7472870e-17   5.2999906e-01
   9.9488559e-02   8.0198790e-18   9.9503871e-01
   7.7611379e-01   3.3721612e-28   6.3059288e-01
   9.1381226e-01   4.1861722e-03   4.0613874e-01
   6.1394035e-01   2.2884693e-17   7.8935242e-01
   7.8086902e-01   5.6334384e-17   6.2469478e-01
   9.1914506e-01   1.9812461e-28   3.9391923e-01
   8.6824399e-01   1.4378086e-28   4.9613746e-01
   3.4174099e-01   3.7047976e-28   9.3979418e-01
   9.6152231e-01   2.7893278e-03   2.7472066e-01
   3.5112320e-01   2.3797288e-17   9.3632927e-01
   6.6436272e-01   3.7340332e-03   7.4741031e-01
   5.8123830e-01   7.7500645e-03   8.1373362e-01
   9.9827550e-01   3.1688358e-17   5.8702898e-02
   8.1373296e-01   6.3465798e-05   5.8123891e-01
   8.7415730e-01   6.4109806e-17   4.8564288e-01
   9.4868331e-01   3.8390834e-04   3.1622776e-01
   9.2467816e-01   5.2189323e-04   3.8074982e-01
   9.9654560e-01   6.7122032e-04   8.3045467e-02
   4.7409936e-01   9.9532878e-03   8.8047135e-01
   9.5447996e-01   3.3006478e-03   2.9827498e-01
   9.6476369e-01   1.5497961e-03   2.6311736e-01
   9.3979356e-01   8.2650263e-05   3.4174270e-01
   9.9388409e-01   1.0827357e-04   1.1042833e-01
   1.0000000e+00   2.2256176e-17   9.9216590e-05
   9.8463552e-05   1.2605003e-21   1.0000000e+00
   3.9391844e-01   2.0097027e-08   9.1914540e-01
   8.8491822e-01   8.8458551e-04   4.6574643e-01
   4.6574674e-01   1.8907529e-10   8.8491806e-01
   9.2847808e-01   1.5130226e-02   3.7138722e-01
   9.8386977e-01   9.9545570e-04   1.7888541e-01
