   5.5469988e-01   4.3337229e-17   8.3205051e-01
   2.9407779e-01   1.9197807e-28   9.5578149e-01
   1.9611123e-01   3.8125545e-18   9.8058166e-01
   3.5112379e-01   2.0468749e-28   9.3632905e-01
   2.7472165e-01   3.1486507e-28   9.6152380e-01
   5.0387033e-01   2.2468369e-18   8.6377931e-01
   3.3035289e-01   2.3973702e-28   9.4385749e-01
   1.5595666e-01   7.4124013e-18   9.8776390e-01
   8.2219222e-01   2.0733159e-17   5.6920994e-01
   1.1041441e-01   7.0009389e-18   9.9388564e-01
   8.5749268e-01   7.0798021e-17   5.1449617e-01
   4.8564525e-01   3.0675622e-17   8.7415599e-01
   7.5568816e-01   4.3709468e-28   6.5493161e-01
   7.9262270e-01   2.0594036e-17   6.0971244e-01
   5.6652897e-01   2.8431862e-28   8.2404182e-01
   7.3480349e-01   2.3020751e-04   6.7828005e-01
   6.5079577e-01   3.0557404e-28   7.5925284e-01
   9.5782602e-01   4.2710965e-18   2.8734876e-01
   7.6822137e-01   2.5525128e-28   6.4018429e-01
   5.8123437e-01   2.5486781e-28   8.1373620e-01
   8.7157537e-01   2.1431300e-16   4.9026153e-01
   3.9392472e-01   3.0776292e-17   9.1914271e-01
   5.4075838e-01   5.2663065e-18   8.4117797e-01
   6.7827932e-01   3.2885639e-28   7.3480417e-01
   9.4868925e-01   7.4118572e-17   3.1620989e-01
   8.4117794e-01   1.3546623e-17   5.4075842e-01
   6.6518643e-02   3.2297786e-18   9.9778518e-01
   9.8744657e-01   3.2885639e-28   1.5795338e-01
   9.9388379e-01   3.1240745e-15   1.1043101e-01
   9.9999999e-01   9.9799160e-05   9.0895080e-05
   3.1622741e-01   2.2204243e-28   9.4868342e-01
   8.8519340e-01   4.6639552e-01   4.0409492e-02
   6.7549240e-01   7.3684830e-01   4.3764908e-02
   1.2334915e-01   9.9049998e-01   1.0627963e-01
   7.9910858e-01   5.9905001e-01   7.3232526e-02
   9.2467853e-01   2.9384989e-08   3.8074876e-01
   7.8086613e-01   4.1217982e-28   6.2469839e-01
   2.4253571e-01   5.0858260e-16   9.7014248e-01
   5.0283617e-01   8.6202963e-01   9.0932524e-02
   3.7139047e-01   5.6882950e-06   9.2847677e-01
   9.3295090e-05   5.1131590e-08   1.0000000e+00
   4.4720977e-01   1.9185314e-06   8.9442910e-01
   4.1905766e-01   1.6443680e-03   9.0795963e-01
   1.7095293e-01   9.8355666e-01   8.7730618e-02
   6.4422658e-01   7.6314122e-01   8.4734038e-02
   3.1529831e-01   9.4708190e-01   7.4555551e-02
   4.6788267e-01   5.3622959e-06   8.8379059e-01
   2.0194558e-02   1.0487304e+00   2.9170634e-02
   5.5357521e-01   8.3036740e-01   7.8551435e-02
   2.0785764e-01   9.7631988e-01   7.3933210e-02
   8.4109673e-01   5.4086754e-01   4.2104618e-02
   7.6249692e-01   6.4510223e-01   7.2871554e-02
   9.6454401e-01   2.6304621e-01   4.3934873e-02
   3.0557013e-02   1.0021324e+00   3.5401533e-02
   3.1932284e-02   9.9809016e-01   6.6183980e-02
   4.6607052e-01   8.8602192e-01   4.4277371e-02
   9.8882395e-01   1.5440888e-01   3.3960267e-02
   7.0844363e-01   7.0852518e-01   7.4062196e-02
   3.7047004e-01   9.2662619e-01   7.4765949e-02
   4.4636896e-01   8.9304751e-01   9.8322777e-02
   7.8516674e-01   6.1692795e-01   9.5036568e-02
   1.0731913e-01   9.9476821e-01   3.6802070e-02
   7.7635439e-01   6.3085549e-01   4.3421661e-02
   9.3979586e-01   2.3186697e-06   3.4173635e-01
   5.3961203e-01   8.3953421e-01   9.5429754e-02
   6.0970218e-01   8.1091659e-05   7.9263059e-01
   6.3059782e-01   1.5982578e-04   7.7610978e-01
   9.5407398e-01   3.0114245e-01   3.0233356e-02
   8.8491828e-01   5.9765018e-04   4.6574633e-01
   5.2167045e-01   8.5587943e-01   4.7461181e-02
   2.7423102e-01   9.6002223e-01   8.1428392e-02
   8.2272968e-01   5.6837257e-01   4.0240228e-02
   9.3920612e-01   3.4389236e-01   3.2845562e-02
   5.9863371e-01   7.9835767e-01   9.6712581e-02
   9.7015457e-01   1.3524723e-05   2.4248735e-01
   5.8692768e-01   8.0694365e-01   8.8390164e-02
   5.6529972e-01   8.2236198e-01   9.6947362e-02
   6.3085148e-01   7.7575902e-01   4.0065830e-02
   9.0238908e-01   4.2608432e-01   7.9714140e-02
   9.7898376e-01   5.7145952e-16   2.0393821e-01
   9.1615751e-01   3.1723017e-03   4.0081845e-01
   8.0640500e-01   1.8382213e-03   5.9136366e-01
   5.9999896e-01   4.4018847e-04   8.0000079e-01
   8.3205162e-01   1.5003577e-05   5.5469821e-01
   5.7683098e-01   8.1794131e-01   4.4728683e-02
   2.5401609e-01   9.6530286e-01   7.9927403e-02
   4.1800520e-01   9.0614333e-01   8.9499434e-02
   9.2706858e-01   3.7015373e-01   8.0746683e-02
   3.5096648e-01   9.3873448e-01   4.1063655e-02
   7.0710547e-01   1.5433322e-07   7.0710810e-01
   4.0666522e-01   9.1471004e-01   4.5037617e-02
   7.3630051e-01   6.7780244e-01   4.2726348e-02
   8.7403645e-01   4.8582401e-01   3.2664703e-02
   6.1730027e-01   7.8547296e-01   1.2208146e-01
   3.9277977e-01   9.1717016e-01   7.6989458e-02
   5.2145055e-01   1.5065669e-05   8.5328150e-01
   8.9443408e-01   7.7641366e-05   4.4719982e-01
   4.8478013e-01   8.7208958e-01   7.5130800e-02
   9.0481986e-01   1.1753568e-04   4.2579460e-01
   8.5759721e-01   5.1420825e-01   3.3590306e-02
