   6.3059312e-01   2.0761285e-28   7.7611360e-01
   5.6921027e-01   1.1695959e-28   8.2219199e-01
   8.0640239e-01   3.4758088e-28   5.9136722e-01
   8.5749204e-01   6.2956805e-17   5.1449722e-01
   9.1380670e-01   3.9135170e-28   4.0614938e-01
   7.7611460e-01   5.0883116e-17   6.3059188e-01
   8.9442606e-01   5.1317548e-17   4.4721586e-01
   9.7014285e-01   3.6937946e-17   2.4253423e-01
   6.7827942e-01   2.6250442e-28   7.3480408e-01
   7.5925851e-01   1.3438089e-17   6.5078914e-01
   2.4253240e-01   4.6685227e-28   9.7014331e-01
   4.8564129e-01   3.1960763e-17   8.7415819e-01
   5.9999752e-01   2.3250580e-28   8.0000186e-01
   6.5079075e-01   4.7780859e-17   7.5925714e-01
   8.2219428e-01   3.4758088e-28   5.6920696e-01
   5.2145043e-01   3.4317415e-17   8.5328158e-01
   9.5782626e-01   2.4382230e-17   2.8734799e-01
   8.7415721e-01   2.8541998e-17   4.8564306e-01
   5.4075825e-01   1.3049328e-17   8.4117805e-01
   3.3035858e-01   1.2578320e-17   9.4385550e-01
   9.2467982e-01   7.5135397e-17   3.8074563e-01
   3.9392034e-01   1.8529300e-17   9.1914458e-01
   5.0386685e-01   3.3034188e-17   8.6378133e-01
   4.1905688e-01   2.6440364e-17   9.0795998e-01
   1.1041043e-01   6.4707212e-19   9.9388608e-01
   9.3979076e-01   3.4624420e-28   3.4175039e-01
   1.5595823e-01   1.5056287e-28   9.8776365e-01
   7.9262579e-01   2.5879926e-17   6.0970842e-01
   9.9388500e-01   1.8248982e-28   1.1042014e-01
   7.3481331e-01   3.4564289e-17   6.7826941e-01
   4.4720942e-01   1.8837341e-28   8.9442928e-01
   3.5112445e-01   1.3368975e-17   9.3632880e-01
   1.9608011e-01   2.5247932e-28   9.8058788e-01
   2.7472080e-01   3.2218394e-28   9.6152404e-01
   4.6788516e-01   2.2008472e-17   8.8378927e-01
   3.7138779e-01   2.5327913e-28   9.2847784e-01
   8.3957241e-01   1.4859562e-17   5.4324779e-01
   6.5859553e-01   7.2389578e-01   2.3380336e-01
   4.8387951e-01   8.5125851e-01   2.1246155e-01
   8.8563416e-01   4.6718466e-01   4.1595826e-02
   7.0711569e-01   1.5623204e-07   7.0709788e-01
   9.1426846e-01   4.0573064e-01   3.6271175e-02
   5.5470007e-01   2.4676007e-28   8.3205038e-01
   4.0621736e-01   9.1416322e-01   2.2259153e-02
   2.9827550e-01   3.2218394e-28   9.5447982e-01
   6.5527115e-01   7.5612812e-01   3.6738385e-02
   7.3234632e-01   6.8136494e-01   3.8532173e-02
   5.7624239e-01   7.9118010e-01   2.0949804e-01
   8.7032661e-01   4.5629285e-01   2.0442576e-01
   7.9429158e-01   5.5026117e-01   2.6941234e-01
   6.2682444e-01   7.5388818e-01   2.1148410e-01
   4.4613574e-01   8.9508291e-01   2.9249462e-02
   1.0000000e+00   3.5152781e-08   7.3736074e-05
   5.9672749e-01   7.7543335e-01   2.2553374e-01
   3.7046670e-01   9.3048811e-01   7.7018654e-02
   8.0621659e-01   5.9127669e-01   3.8058237e-02
   1.7859887e-01   9.6096411e-01   2.1463334e-01
   4.3696644e-01   8.7431135e-01   2.5373359e-01
   7.7782790e-01   6.2887179e-01   3.3922680e-02
   8.6246690e-01   5.0717801e-01   3.3740462e-02
   7.4767320e-01   6.3359651e-01   2.1181702e-01
   4.0915724e-01   8.8708948e-01   2.6059243e-01
   4.5852720e-01   8.6641926e-01   2.0226350e-01
   8.7925057e-01   4.0952979e-01   2.5734752e-01
   9.3553759e-01   3.5625478e-01   3.0484220e-02
   6.9225648e-01   6.9352215e-01   2.0332233e-01
   3.1532915e-01   9.4919137e-01   3.6254092e-02
   8.8877257e-01   3.6509657e-01   2.9702419e-01
   3.8482525e-01   8.9848572e-01   2.4586145e-01
   9.2487387e-01   3.3943613e-01   1.8757860e-01
   4.8559535e-01   8.7478416e-01   2.5531222e-02
   7.0758761e-01   7.0693271e-01   3.8112567e-02
   9.5495250e-01   3.0161257e-01   3.3170011e-02
   3.3202886e-02   9.7749372e-01   2.1031364e-01
   7.7377610e-01   5.7998542e-01   2.6493008e-01
   8.2437325e-01   5.6673734e-01   4.4387131e-02
   3.0859656e-01   9.2650109e-01   2.9915703e-01
   8.4458162e-01   4.7454479e-01   2.6072266e-01
   1.1558633e-01   9.7041024e-01   2.1986170e-01
   9.7072791e-01   2.1095813e-01   1.2793410e-01
   5.1359137e-01   8.3515543e-01   2.0686491e-01
   9.8266056e-01   2.0289752e-01   2.9133108e-02
   8.5308033e-01   5.2187163e-01   3.1550084e-02
   1.1383916e-01   9.9366843e-01   2.4573622e-02
   5.6760379e-01   8.2344671e-01   2.9734798e-02
   5.4241092e-01   8.1384455e-01   2.1425635e-01
   2.3321271e-01   9.4866552e-01   2.3013177e-01
   3.4301552e-01   9.1469748e-01   2.4258685e-01
   7.2275062e-01   6.6196403e-01   2.0890416e-01
   6.2480955e-01   7.8168217e-01   3.5657196e-02
   5.2197024e-01   8.5512531e-01   2.2708335e-02
   8.1318459e-01   5.2297321e-01   2.6789904e-01
   1.1535758e-02   1.0041837e+00   1.0589966e-02
   6.8090225e-01   7.3209852e-01   4.6043589e-02
   2.0298865e-01   9.7993881e-01   4.0557630e-02
   9.8059086e-01   7.4777411e-06   1.9606537e-01
   2.7472983e-01   9.6294810e-01   3.7905864e-02
   9.3132691e-01   2.9214759e-01   2.4007071e-01
   2.8643722e-01   9.3362351e-01   2.3114834e-01
   8.7485581e-05   3.2218394e-28   1.0000000e+00
