   8.2404226e-01   3.0745854e-28   5.6652833e-01
   6.7827792e-01   1.1499839e-28   7.3480546e-01
   5.5469699e-01   3.2425630e-17   8.3205243e-01
   2.9828443e-01   1.3249875e-18   9.5447703e-01
   9.5782630e-01   5.2040903e-17   2.8734785e-01
   9.3979528e-01   5.4937117e-17   3.4173795e-01
   8.9442712e-01   2.8339828e-28   4.4721374e-01
   1.1041339e-01   2.5430903e-28   9.9388575e-01
   9.7014661e-01   3.2136594e-17   2.4251919e-01
   2.7472116e-01   9.5354822e-18   9.6152394e-01
   7.9434616e-01   1.6202331e-17   6.0746538e-01
   8.1373956e-01   3.6826657e-28   5.8122967e-01
   5.6920709e-01   1.9756993e-17   8.2219419e-01
   5.4076032e-01   1.8769615e-17   8.4117672e-01
   4.6788092e-01   2.5467637e-17   8.8379152e-01
   5.2145918e-01   1.8099679e-17   8.5327623e-01
   8.3958037e-01   2.2930653e-28   5.4323550e-01
   5.9999924e-01   2.8355167e-28   8.0000057e-01
   2.4253307e-01   3.3080663e-28   9.7014314e-01
   3.3034515e-01   7.1144946e-18   9.4386020e-01
   8.7415156e-01   5.1099817e-17   4.8565323e-01
   7.5925626e-01   1.5486600e-17   6.5079178e-01
   3.7139025e-01   1.2890835e-17   9.2847686e-01
   9.2467963e-01   3.5963292e-28   3.8074608e-01
   9.8058058e-01   4.9169637e-17   1.9611660e-01
   7.7611385e-01   1.5830446e-17   6.3059282e-01
   3.9391755e-01   2.6289885e-28   9.1914578e-01
   9.1381143e-01   5.3418193e-17   4.0613873e-01
   3.5653283e-01   9.3627130e-01   4.3066815e-02
   7.3480422e-01   1.0821488e-04   6.7827926e-01
   8.7150370e-01   4.8495532e-01   9.4642765e-02
   6.5079141e-01   2.8355167e-28   7.5925657e-01
   4.1905787e-01   2.4496645e-17   9.0795953e-01
   8.8491975e-01   2.3204563e-28   4.6574352e-01
   9.9388484e-01   5.8099002e-17   1.1042160e-01
   3.5112372e-01   1.5597011e-18   9.3632907e-01
   8.8704352e-01   4.4328984e-01   1.4331946e-01
   5.0387097e-01   4.9924675e-16   8.6377893e-01
   3.1309524e-01   9.4106630e-01   1.3691318e-01
   7.0559353e-01   7.0598497e-01   8.4713630e-02
   8.5247379e-02   9.8731313e-01   1.5949496e-01
   9.4868387e-01   5.5456713e-17   3.1622604e-01
   7.3339377e-01   6.8478106e-01   3.8705914e-02
   5.2035945e-01   8.4560442e-01   1.3705572e-01
   9.8891202e-01   1.5014058e-01   2.4131532e-02
   7.0710573e-01   5.6969012e-07   7.0710783e-01
   1.9611418e-01   2.5430903e-28   9.8058107e-01
   7.3095064e-01   6.7057234e-01   1.3731612e-01
   5.8242685e-01   8.0108240e-01   1.4321090e-01
   9.1590046e-01   4.1126386e-01   4.0616656e-02
   4.9258630e-01   8.6176349e-01   1.2757934e-01
   4.8564347e-01   3.9238161e-28   8.7415698e-01
   2.2738758e-02   1.0138931e+00   2.4298525e-02
   3.8459037e-01   9.1389862e-01   1.4165637e-01
   6.7082461e-01   7.2896373e-01   1.4757594e-01
   8.0096217e-01   6.0067981e-01   4.5742218e-02
   3.9462898e-02   9.9017342e-01   1.4349498e-01
   2.1174103e-01   9.7488288e-01   8.4212443e-02
   7.8022648e-01   6.1333663e-01   1.4935706e-01
   8.3482230e-01   5.2427580e-01   1.9517084e-01
   6.5619790e-05   2.5844143e-08   1.0000000e+00
   4.4720511e-01   1.3216109e-07   8.9443143e-01
   6.0971260e-01   2.8355167e-28   7.9262258e-01
   9.3555774e-01   3.4292581e-01   9.0456797e-02
   8.5607634e-01   5.0319474e-01   1.4519876e-01
   1.7167471e-01   9.7799441e-01   1.4924501e-01
   2.5261436e-01   9.7814116e-01   3.7750748e-02
   8.1091558e-01   5.6051849e-01   2.8316653e-01
   2.2722294e-01   9.6532722e-01   1.7440804e-01
   5.7740810e-01   8.1699871e-01   4.7485786e-02
   9.1591653e-01   3.7684071e-01   1.4212414e-01
   9.5523709e-01   2.9852272e-01   4.1206062e-02
   4.6615314e-01   8.8624782e-01   4.5015357e-02
   1.5594324e-01   1.2228552e-03   9.8776602e-01
   9.5545041e-01   2.7221320e-01   1.2762865e-01
   8.2429407e-01   5.6667992e-01   4.5289516e-02
   9.0599834e-01   3.9575659e-01   1.6949040e-01
   8.5749222e-01   4.1506826e-04   5.1449693e-01
   7.6148184e-01   6.3522734e-01   1.8241395e-01
   5.5049711e-01   8.2569480e-01   1.4521709e-01
   4.0929735e-01   9.1297800e-01   4.4780789e-02
   4.6440806e-01   8.7743059e-01   1.3569938e-01
   4.4390588e-01   8.8782800e-01   1.2990342e-01
   5.2243593e-01   8.5611736e-01   4.2804575e-02
   4.1579506e-01   9.0081824e-01   1.4123220e-01
   1.0000000e+00   2.6846471e-28   7.6123124e-05
   2.6116509e-01   9.6257570e-01   8.3944189e-02
   6.3059320e-01   2.4132088e-05   7.7611353e-01
   8.5405349e-01   5.2018218e-01   4.3383115e-02
   3.4288124e-01   9.3042440e-01   1.3535393e-01
   6.1169929e-01   7.7880707e-01   1.5503039e-01
   6.3404611e-01   7.6062868e-01   1.6666829e-01
   7.8943972e-01   5.9171680e-01   2.0327597e-01
   6.3345464e-01   7.7940214e-01   4.7579686e-02
   6.8053808e-01   7.3292090e-01   4.2519517e-02
   6.5486188e-01   7.5476321e-01   8.7546639e-02
   7.5702515e-01   6.4934827e-01   8.5982888e-02
   3.0828080e-02   9.9996215e-01   3.5662052e-02
   7.0133130e-01   7.0111614e-01   1.5056350e-01
   2.7170901e-01   9.5337142e-01   1.4574388e-01
