   1.7572052e-02   2.1140436e-01   7.9454833e-01
   2.3998171e-01   8.0009201e-02   6.8045642e-01
   4.0015843e-01   1.3333523e-01   4.6682819e-01
   6.5266831e-01   2.1978207e-01   1.3035565e-01
   6.4329492e-01   2.2690723e-01   1.4286655e-01
   1.5961379e-02   2.7242065e-01   7.4620990e-01
   5.2167495e-01   1.4628642e-01   3.6705732e-01
   5.1739823e-01   2.0474679e-01   3.1044020e-01
   1.3647515e-01   4.5277562e-02   8.1894930e-01
   3.8724684e-01   1.3697293e-01   4.8405838e-01
   5.2522590e-01   1.7896630e-01   3.0001654e-01
   2.9675440e-03   2.0245779e-03   9.9647879e-01
   2.9240869e-01   8.9624959e-02   6.2727819e-01
   9.4744391e-02   5.1545286e-01   6.5189169e-01
   6.7779309e-01   2.2686176e-01   9.6691207e-02
   5.1984330e-01   1.6416219e-01   3.2819199e-01
   3.9967558e-01   1.0703918e-01   5.3645186e-01
   8.4686037e-01   7.0830697e-01   3.0038717e-04
   8.4846989e-02   8.9260693e-05   9.2507267e-01
   3.1356106e-01   1.2324493e-01   5.8258339e-01
   3.0035575e-01   1.0014369e-01   6.0074330e-01
   6.0037311e-01   2.0079125e-01   2.0004099e-01
   2.6113068e-01   8.6940953e-02   6.5287053e-01
   2.5008670e-01   8.3429647e-02   6.6753376e-01
   3.2436833e-01   1.2248200e-01   5.6767747e-01
   4.8860431e-01   1.8352630e-01   3.4862680e-01
   3.7512969e-01   1.3416635e-01   5.0015096e-01
   6.4207345e-01   2.0203856e-01   1.6186709e-01
   6.6362996e-01   2.0640273e-01   1.3711830e-01
   2.9598372e-02   1.3800016e-01   8.6420129e-01
   4.6184505e-01   1.2576430e-01   4.3848035e-01
   2.2096215e-01   7.0774715e-02   7.0985378e-01
   2.4409818e-01   1.1009932e-02   7.7340992e-01
   5.8552228e-01   2.1870244e-01   2.1950217e-01
   7.1519164e-01   2.3814390e-01   4.7054551e-02
   6.3208973e-01   2.1909463e-01   1.5774094e-01
   3.6576424e-01   1.3174190e-01   5.1256356e-01
   4.1145495e-01   1.3807906e-01   4.5224270e-01
   3.2496726e-02   3.1359478e-01   7.1203868e-01
   3.7222310e-02   3.4657721e-01   6.9404655e-01
   3.5310289e-01   1.3432265e-01   5.2967014e-01
   6.0225365e-01   1.7644154e-01   2.3571103e-01
   3.4026444e-02   3.3854539e-02   9.5966565e-01
   5.6786367e-01   1.9889181e-01   2.4324960e-01
   5.6409789e-02   4.2881387e-01   6.6374340e-01
   1.9528700e-01   1.8959663e-04   8.2307428e-01
   7.2516895e-01   2.4171480e-01   3.4363380e-02
   4.8033023e-01   1.6013381e-01   3.6000208e-01
   6.9813704e-01   2.6206121e-01   6.9708280e-02
   4.6171261e-01   1.5743330e-01   3.8475464e-01
   7.0671503e-01   2.3546304e-01   5.8813388e-02
   6.1795217e-01   2.1527455e-01   1.7646024e-01
   7.9547310e-02   4.8987186e-01   6.6061873e-01
   6.6705058e-01   2.2933005e-01   1.1114837e-01
   9.6814502e-02   3.3227518e-02   8.7159734e-01
   2.7274175e-01   9.1817028e-02   6.3659507e-01
   5.4580357e-01   1.8685479e-01   2.7281518e-01
   4.5030062e-01   1.5688409e-01   3.9985188e-01
   1.6967974e-01   5.8139378e-02   7.7495810e-01
   3.2419855e-01   3.1192318e-02   7.2419493e-01
   6.8178417e-02   2.9042777e-02   9.1118587e-01
   3.3344730e-01   1.1401744e-01   5.5573568e-01
   4.2874066e-01   1.4673428e-01   4.2871615e-01
   5.1075081e-01   2.0238638e-01   3.1912982e-01
   5.8409498e-01   1.7251148e-01   2.5795911e-01
   3.7330403e-01   1.0136173e-01   5.5839969e-01
   4.8921120e-01   1.3662857e-01   4.0912026e-01
   5.0041341e-01   1.6693636e-01   3.3365365e-01
   3.7046792e-01   3.8384104e-02   7.0600685e-01
   2.6487933e-02   1.7250968e-01   8.2727136e-01
   5.7716854e-01   1.9311565e-01   2.3081938e-01
   1.7020320e-02   2.4393070e-01   7.6406569e-01
   5.0964709e-01   1.4226406e-01   3.8013273e-01
   1.9945973e-01   4.3347303e-04   8.1946834e-01
   6.8612970e-01   2.6306540e-01   8.5646691e-02
   1.8743841e-01   9.4647336e-02   7.5043949e-01
   6.1118403e-05   3.8331860e-05   1.0000600e+00
   2.1756512e-01   2.2342355e-03   8.0491806e-01
   4.0212646e-01   1.1313140e-01   5.0968948e-01
   4.6892188e-01   1.5671996e-01   3.7493075e-01
   2.8797078e-01   9.4782170e-02   6.1802121e-01
   2.0014105e-01   6.6644656e-02   7.3402843e-01
   4.1688227e-01   1.1849385e-01   4.7455164e-01
   6.2145811e-01   1.8071717e-01   2.1723703e-01
   5.3434600e-01   1.8838351e-01   2.8770853e-01
   5.5934723e-01   1.8975789e-01   2.5447458e-01
   3.3515837e-01   9.7167810e-02   5.8400594e-01
   8.4580504e-01   7.1023100e-01   4.1342561e-05
   5.4244168e-01   1.6968867e-01   2.9817695e-01
   2.7918710e-01   9.6427577e-02   6.2824360e-01
   7.0466369e-01   1.9201615e-01   1.9148293e-01
   2.0241591e-01   8.4981212e-04   8.1398738e-01
   3.4099486e-01   1.1947962e-01   5.4560877e-01
   4.4585194e-02   4.0008256e-01   6.7407182e-01
   6.9418593e-01   2.1582198e-01   1.0781154e-01
   1.8683601e-01   9.1179066e-05   8.2773472e-01
   7.1487205e-01   2.2596100e-01   7.4677489e-02
   1.6322966e-01   7.9998066e-05   8.6228056e-01
   3.5583433e-02   2.8817634e-01   7.2719144e-01
   2.3102881e-01   7.7045757e-02   6.9322350e-01
