   9.6682407e-02   3.2445844e-01   5.8127462e-01
   5.7453926e-05   6.1592265e-02   9.3927047e-01
   3.0228452e-01   1.0028559e-01   6.0521526e-01
   6.4359736e-02   2.2959051e-01   7.0910417e-01
   1.7751405e-01   6.3848332e-01   2.1906472e-01
   2.5997045e-05   8.6232933e-05   9.9998711e-01
   4.4103062e-01   1.4063682e-01   4.2186374e-01
   1.6578624e-01   5.0151587e-01   3.3426507e-01
   1.0179276e-01   3.3925533e-01   5.6070895e-01
   4.8143129e-01   1.5018651e-01   3.7574632e-01
   2.0846651e-01   6.3520032e-01   1.5919634e-01
   1.2495192e-01   7.9140352e-04   9.0725221e-01
   3.2610817e-01   1.0407160e-01   5.7232848e-01
   2.1716714e-01   5.6557703e-01   2.4713054e-01
   7.9831217e-02   2.8573383e-01   6.4296640e-01
   4.0844289e-02   2.5603532e-01   7.6934807e-01
   7.6066355e-01   8.3037214e-01   1.2586776e-04
   3.3074968e-02   9.7661530e-02   8.7086351e-01
   1.2057714e-01   4.7490779e-01   4.8221009e-01
   4.1492507e-01   1.3577184e-01   4.5246844e-01
   7.5033045e-01   8.3663252e-01   1.3825053e-04
   3.8702786e-01   1.2431976e-01   4.9659061e-01
   2.7493493e-01   9.0986350e-02   6.3627367e-01
   5.4457769e-02   1.3622612e-01   8.2057217e-01
   6.6278784e-01   2.1557184e-01   1.2408211e-01
   1.0664263e-01   3.6530578e-01   5.3345908e-01
   3.6016265e-02   2.3595497e-01   7.9584956e-01
   2.3226677e-01   7.7297940e-02   6.9573311e-01
   2.0441625e-01   5.8686362e-01   2.1998059e-01
   1.6419002e-01   4.2959037e-01   4.2910167e-01
   2.0316410e-01   6.7961744e-01   1.3508584e-01
   1.3472854e-01   3.9514777e-01   4.7373738e-01
   1.6024558e-01   4.4610487e-01   4.0735934e-01
   1.9009314e-01   4.8581770e-01   3.5323164e-01
   9.0270424e-02   1.7150991e-04   9.2128481e-01
   1.4771668e-01   5.6629354e-01   3.3653177e-01
   1.1560459e-01   9.9858600e-04   9.0149878e-01
   6.3153618e-01   2.0626826e-01   1.6571737e-01
   1.8668041e-01   5.4684405e-01   2.7342767e-01
   4.0006655e-01   1.2948129e-01   4.7260123e-01
   1.9151734e-01   6.3732890e-01   1.9097793e-01
   2.3026420e-01   7.2495673e-01   4.5302016e-02
   6.7957678e-01   2.1946423e-01   1.0822370e-01
   7.1153269e-01   2.3323636e-01   5.8356647e-02
   9.3713979e-05   1.1920801e-01   9.1506292e-01
   1.9383492e-04   2.9536816e-01   8.9752464e-01
   5.4228500e-01   1.7474300e-01   2.9012945e-01
   1.5520133e-01   5.5495802e-01   3.1022828e-01
   1.3230988e-01   3.7549092e-01   5.0110009e-01
   2.2782913e-01   6.8304461e-01   9.7330098e-02
   5.7502318e-02   1.9656074e-01   7.4790284e-01
   1.0077894e-01   2.9968939e-01   6.0313693e-01
   1.3523557e-01   4.6808006e-01   4.0639598e-01
   1.5589286e-01   4.1300441e-01   4.5000738e-01
   3.3848678e-02   1.6125365e-01   8.1686277e-01
   4.8331325e-01   1.5708052e-01   3.6281928e-01
   2.0043968e-01   6.0265150e-01   2.0065471e-01
   4.6617124e-01   1.5618687e-01   3.8268422e-01
   2.1716410e-01   7.4472795e-01   7.2069005e-02
   1.2659864e-01   4.3983132e-01   4.4185309e-01
   7.7784938e-02   9.9165655e-05   9.2422272e-01
   5.2552241e-01   1.7207511e-01   3.0648710e-01
   1.5843268e-01   4.7400774e-02   8.0658639e-01
   2.0619932e-01   5.2374898e-01   3.0306912e-01
   1.7295355e-01   4.6514640e-01   3.8056343e-01
   2.1930166e-01   6.2074516e-01   1.7702776e-01
   6.1167183e-01   1.9853171e-01   1.9837846e-01
   1.5540006e-01   3.8948648e-04   9.1349365e-01
   2.0054481e-01   6.6904851e-02   7.3623688e-01
   1.7920013e-01   5.8825435e-02   7.6644721e-01
   2.5288216e-01   8.3847561e-02   6.7046108e-01
   1.6975389e-01   5.8467898e-01   2.5653016e-01
   6.1319335e-02   8.9141682e-05   9.4044499e-01
   1.1225423e-01   4.3706650e-01   5.0507712e-01
   1.1266209e-04   2.9114582e-01   8.9959362e-01
   6.5050440e-01   2.1172015e-01   1.4039862e-01
   5.5283578e-01   1.7994599e-01   2.6998370e-01
   3.6167862e-01   1.1589727e-01   5.3102782e-01
   8.7109866e-02   3.2685539e-01   6.1384867e-01
   2.1424581e-01   7.1201756e-02   7.1625387e-01
   2.6332113e-01   7.0313565e-01   7.0457669e-02
   3.4462843e-01   1.0998776e-01   5.5042003e-01
   1.0164500e-01   3.3872247e-02   8.7242543e-01
   6.8647881e-02   2.4424458e-01   6.8967885e-01
   1.6919764e-01   5.5722480e-02   7.8020437e-01
   1.3318595e-01   4.0231713e-02   8.3555998e-01
   2.0967908e-01   7.0157736e-01   1.0475973e-01
   2.2288210e-01   6.5531581e-01   1.3083678e-01
   1.4361668e-01   5.1119908e-01   3.5907427e-01
   6.9975201e-01   2.2800739e-01   7.5914290e-02
   7.3323374e-01   2.4146524e-01   3.4375435e-02
   2.5565789e-03   3.2235169e-01   8.8318019e-01
   6.0660032e-02   1.6970885e-01   7.7478880e-01
   4.7615411e-04   3.0287689e-01   8.9348021e-01
   5.7064730e-01   1.8564431e-01   2.4730448e-01
   5.0792226e-01   1.6519866e-01   3.2982410e-01
   7.3946705e-02   2.6639327e-01   6.6354894e-01
   2.3344396e-01   7.3417945e-01   3.3360673e-02
   4.4848914e-01   1.4824917e-01   4.0924933e-01
   5.8442560e-01   1.9113086e-01   2.2646871e-01
