   9.2496265e-01   7.6184721e-02   1.1351141e-04
   8.3292984e-01   9.4614085e-02   9.2388511e-02
   2.5385350e-01   4.1876351e-02   7.2240374e-01
   1.4033402e-01   3.1142885e-02   8.4337804e-01
   8.0397006e-02   6.4840453e-05   9.2203510e-01
   6.0705246e-01   6.6527472e-02   3.3744429e-01
   9.8753185e-02   1.9903358e-02   8.8945811e-01
   4.1262500e-01   6.2940967e-02   5.5071890e-01
   6.4669678e-01   6.0015230e-02   2.9815603e-01
   8.4442351e-01   3.4910462e-02   1.3836735e-01
   8.9737034e-02   2.1749496e-02   8.9983911e-01
   6.9507800e-01   6.8715932e-02   2.4529208e-01
   5.0040934e-01   6.1084015e-02   4.5274963e-01
   7.4009479e-01   6.7229779e-02   1.9741414e-01
   1.2294462e-01   2.9230439e-02   8.6244099e-01
   3.6346773e-01   3.3699600e-02   6.0606890e-01
   5.5330875e-01   6.6045117e-02   3.9523013e-01
   3.2865386e-01   3.0199041e-05   7.8162164e-01
   1.2950418e-01   3.6222914e-05   8.7350447e-01
   1.0035371e+00   4.2205101e-02   4.1391503e-02
   2.2560194e-01   3.3028100e-02   7.5468191e-01
   6.8338713e-01   9.9491008e-02   2.5642732e-01
   7.0518522e-01   6.6995753e-02   2.3487597e-01
   6.5838456e-02   2.2965964e-02   9.2709528e-01
   6.6047451e-01   6.3337285e-02   2.8303167e-01
   8.1050143e-01   9.0628478e-02   1.1573441e-01
   9.4523880e-01   3.8416560e-02   7.6882367e-02
   8.3950617e-01   6.5925117e-02   9.9124096e-02
   3.5275944e-01   3.2316133e-02   6.1731273e-01
   4.7851208e-01   5.5280238e-02   4.7835852e-01
   1.9553952e-01   4.2298802e-02   7.8315661e-01
   4.2675496e-01   6.5117282e-02   5.3495621e-01
   7.7621022e-01   2.1797799e-01   1.5531560e-01
   3.7200433e-01   3.6772217e-02   5.9569567e-01
   5.4286170e-01   6.5002250e-02   4.0708615e-01
   6.7340518e-01   6.4160832e-02   2.6936763e-01
   6.2901947e-01   7.9574187e-02   3.1431880e-01
   5.2548881e-01   3.3720827e-02   4.4341581e-01
   2.1745986e-01   4.4531000e-02   7.6244475e-01
   8.2285473e-01   9.5289282e-02   1.0260110e-01
   6.9218729e-01   3.4617486e-02   2.8673717e-01
   7.9631019e-01   9.0061619e-02   1.3273429e-01
   5.6903258e-01   6.9443154e-02   3.7982342e-01
   7.2972020e-01   6.5846943e-02   2.0844491e-01
   8.7708286e-01   9.6702758e-02   4.3806046e-02
   6.1532824e-01   7.4446416e-02   3.2850176e-01
   8.7226746e-01   3.6410000e-02   1.0927241e-01
   2.4442715e-01   4.0023390e-02   7.3414167e-01
   5.9147616e-01   7.4835547e-02   3.5479056e-01
   3.3805690e-01   3.1457904e-02   6.3399093e-01
   3.0868633e-01   4.2904529e-02   6.6197394e-01
   4.4045147e-01   3.3475932e-02   5.3050648e-01
   8.8682632e-01   8.2155068e-02   3.4088975e-02
   7.6389943e-01   6.8510232e-02   1.6922910e-01
   3.4659825e-01   3.9420037e-02   6.2385714e-01
   2.7961744e-03   9.6484239e-04   9.9679401e-01
   7.8710754e-01   8.6740883e-02   1.4303045e-01
   2.7841807e-01   3.9760077e-02   6.9638270e-01
   2.0430707e-01   3.1514280e-02   7.7698567e-01
   4.0399839e-01   3.1242995e-02   5.6570727e-01
   9.6281283e-05   8.2753546e-05   1.0000142e+00
   9.1997035e-01   8.6794753e-02   2.7560576e-04
   5.8285743e-01   6.6910285e-02   3.6446007e-01
   7.2221555e-01   6.8966724e-02   2.1666207e-01
   4.9477419e-01   1.0715220e-03   7.4767517e-01
   7.6250431e-02   2.4010162e-02   9.1526924e-01
   8.6774831e-01   8.4871456e-02   5.4150154e-02
   3.2319174e-01   3.7182211e-02   6.4696220e-01
   8.4686697e-01   1.0335286e-01   7.6971725e-02
   9.0712073e-01   6.6325423e-02   2.9672278e-02
   1.7719988e-01   5.0433249e-02   8.0141159e-01
   1.5114843e-01   4.3822467e-02   8.3133742e-01
   4.4256528e-01   5.4000468e-02   5.1640240e-01
   1.0946968e-01   3.4454608e-02   8.7773981e-01
   9.2301038e-01   7.8645890e-02   6.0565156e-05
   6.0159530e-01   7.4838119e-02   3.4377423e-01
   7.4950652e-01   1.7921247e-01   1.8736479e-01
   5.2071284e-02   9.8260368e-02   9.3915704e-01
   9.1779499e-01   8.6613187e-02   2.6969212e-03
   7.4679934e-01   3.4402516e-02   2.4029982e-01
   4.3635435e-01   6.0133717e-02   5.2463406e-01
   5.1231938e-01   6.7556246e-02   4.3943668e-01
   2.9888778e-01   3.2253938e-02   6.7275162e-01
   5.1885593e-01   6.5482588e-02   4.3236401e-01
   4.5594075e-01   5.3155380e-02   5.0127215e-01
   1.3130202e-01   2.2443576e-02   8.5328969e-01
   1.9964640e-01   9.1713457e-05   8.0378194e-01
   2.6616404e-01   2.6981375e-02   7.0942770e-01
   4.5074959e-01   1.6224905e-04   7.5644858e-01
   2.9145627e-01   6.3832463e-02   6.8075448e-01
   3.8663481e-01   7.4426445e-02   5.7982755e-01
   5.6916419e-01   3.2502642e-02   4.0257719e-01
   3.4049033e-02   2.5330921e-02   9.6255305e-01
   6.3277234e-01   3.3178855e-02   3.3653107e-01
   5.2796582e-01   5.9200990e-02   4.2246711e-01
   1.6350838e-01   2.6881170e-02   8.1852933e-01
   4.1120555e-02   1.0998014e-01   9.5189302e-01
   3.9493988e-01   7.5437622e-02   5.7056989e-01
   4.3869479e-01   9.4831859e-05   7.6123654e-01
   8.5640458e-01   9.6734628e-02   6.5861430e-02
