   1.3809635e-01   4.4954176e-01   4.1325397e-01
   2.0933506e-01   6.8804152e-01   1.0425291e-01
   7.0683938e-01   2.3494870e-01   5.8655663e-02
   1.8150020e-01   5.9618281e-01   2.2317479e-01
   2.0157183e-01   6.6543109e-01   1.3374603e-01
   4.4742973e-01   4.1300990e-02   6.0379639e-01
   5.9305160e-01   2.0064688e-01   2.0993463e-01
   1.4813630e-01   4.8183586e-01   3.7073531e-01
   4.0062071e-01   1.2758934e-01   4.7279439e-01
   6.7854542e-02   2.0341123e-01   7.3164106e-01
   7.6579358e-05   6.1564681e-05   1.0001152e+00
   1.0163827e-01   3.2750216e-01   5.7267980e-01
   7.8307934e-01   3.3486115e-01   1.5341866e-04
   1.2862174e-01   4.1702418e-01   4.5531430e-01
   2.2368182e-01   7.0384106e-02   7.0683000e-01
   1.1477645e-01   3.8780346e-01   4.9980766e-01
   9.2450966e-05   9.4002375e-02   9.0977448e-01
   3.1730055e-02   1.0038068e-01   8.7004438e-01
   3.4944851e-01   1.0862277e-01   5.4318404e-01
   4.8760675e-01   1.6456562e-01   3.5046192e-01
   5.7797754e-01   1.9209854e-01   2.3092443e-01
   1.0411406e-01   3.8037689e-01   5.2137951e-01
   1.7139192e-01   6.3612001e-02   7.7497952e-01
   2.0768893e-01   6.5714774e-02   7.2737033e-01
   1.1107955e-04   2.3095459e-01   8.1563904e-01
   2.5705808e-01   8.2704922e-02   6.6210498e-01
   2.7933577e-01   2.9227183e-02   7.2714024e-01
   5.0826892e-01   1.6489121e-01   3.2857187e-01
   3.1183323e-01   1.0537116e-01   5.8530487e-01
   1.1968260e-01   4.0421959e-01   4.7875498e-01
   9.3962406e-02   3.8300282e-01   5.6365026e-01
   2.6103019e-02   6.6612587e-02   9.1605406e-01
   5.7746737e-02   1.6858483e-01   7.7668555e-01
   5.3705839e-01   1.7732291e-01   2.8627252e-01
   1.9995324e-01   6.3556197e-01   1.6781186e-01
   5.2221895e-01   1.7364571e-01   3.0505378e-01
   2.2588714e-01   7.4090855e-01   3.3658198e-02
   1.9286903e-01   6.0929038e-01   2.0306144e-01
   6.1170994e-02   8.4720537e-05   9.6451278e-01
   7.8377429e-01   3.3654689e-01   9.4292149e-05
   1.5997348e-01   5.2119601e-01   3.2007467e-01
   3.7342134e-01   1.3098889e-01   5.0281210e-01
   1.7412168e-01   5.6618876e-01   2.6117544e-01
   2.9999068e-01   1.0012627e-01   6.0092855e-01
   1.5418701e-01   5.0692632e-01   3.4090888e-01
   1.8656540e-01   6.3576485e-01   1.8441876e-01
   6.3524361e-01   2.0933801e-01   1.5683083e-01
   5.1996921e-01   1.4560817e-01   3.6509947e-01
   4.5165268e-01   1.3820786e-01   4.1457321e-01
   4.2888439e-01   1.5160555e-01   4.2858225e-01
   5.6492468e-01   1.8667429e-01   2.4914770e-01
   4.0643068e-01   1.2031529e-01   4.8426673e-01
   2.1703350e-01   7.1376110e-01   7.0933475e-02
   1.0543185e-04   1.7319796e-01   8.4061208e-01
   1.3377906e-01   7.3757125e-05   8.8700417e-01
   1.7831934e-01   5.8610771e-01   2.3728005e-01
   5.4671563e-01   1.8156852e-01   2.7248113e-01
   2.0397497e-01   4.6044834e-04   8.0882559e-01
   9.8562253e-02   3.6886332e-01   5.4038420e-01
   6.0725409e-01   1.9834953e-01   1.9798596e-01
   1.6927146e-01   5.5471052e-01   2.7681992e-01
   8.4763389e-02   3.7397377e-01   5.9341440e-01
   1.2901968e-01   3.4821162e-01   5.4249837e-01
   3.3851569e-01   1.0214629e-01   5.6579510e-01
   5.3930001e-01   1.5112185e-01   3.4527306e-01
   2.7711103e-01   9.4763016e-02   6.3335630e-01
   1.4438831e-01   4.7080176e-01   3.8572380e-01
   6.7046666e-01   2.2064786e-01   1.1024181e-01
   3.9214954e-01   2.3707210e-02   6.3071471e-01
   2.9024430e-04   1.9740734e-01   8.0920956e-01
   7.2585368e-01   2.4192862e-01   3.4141754e-02
   4.4548361e-01   3.8431186e-02   6.0784991e-01
   6.9497455e-01   2.3000278e-01   7.6379511e-02
   1.9598421e-01   9.4589031e-05   8.1672647e-01
   7.8196569e-01   3.3184987e-01   4.2439913e-04
   1.2538540e-02   3.4706953e-01   6.5961234e-01
   3.4901464e-01   2.7585930e-02   6.6432548e-01
   1.6702593e-01   5.4228382e-01   2.9207820e-01
   1.9881971e-01   6.5598359e-01   1.4613721e-01
   3.6454552e-01   1.1322470e-01   5.2574037e-01
   9.6869619e-02   3.2093353e-02   8.7313032e-01
   2.2127586e-01   9.0554485e-04   8.0271497e-01
   1.3649778e-01   4.0595986e-02   8.2445632e-01
   4.1531310e-01   1.3006451e-01   4.5521649e-01
   1.9895631e-01   1.8243463e-04   8.1350086e-01
   7.0638186e-02   2.2352007e-01   7.0655557e-01
   9.9216850e-02   3.0146321e-01   6.0175221e-01
   1.8359889e-03   2.3109545e-01   7.9737957e-01
   3.7462356e-02   4.4368310e-01   6.0442809e-01
   1.0249071e-01   2.5658343e-01   6.6167552e-01
   1.7979945e-02   3.8597619e-01   6.3262667e-01
   6.4880486e-01   2.1334981e-01   1.3906381e-01
   6.2097561e-01   2.3954423e-01   1.7285179e-01
   6.8370295e-01   2.2750539e-01   9.0720305e-02
   1.3328901e-01   4.3386210e-01   4.3430414e-01
   5.7472981e-02   1.3739422e-01   8.2858771e-01
   5.6149171e-01   1.6307754e-01   3.2738310e-01
   1.1150466e-02   3.1119489e-01   6.9446418e-01
   3.3782768e-02   2.7691606e-01   7.3199489e-01
   4.6437728e-01   1.8807551e-01   3.8241677e-01
