   1.2666963e-01   1.4429577e+00   2.1533748e+00
   3.8794263e-01   1.7039555e+00   1.5490499e-01
   5.0275319e-01   5.0275285e-01   1.9104365e+00
   3.5346808e-01   1.5906441e+00   6.1856545e-01
   3.3047486e-01   7.7124649e-01   2.0930126e+00
   3.0884873e-01   9.2671351e-01   1.7501390e+00
   1.2119645e+00   8.6568295e-02   1.2985356e+00
   1.0028516e+00   4.6725202e-01   4.6725059e-01
   6.3880846e-01   9.1284212e-01   6.8463261e-01
   1.5450219e+00   8.5835758e-02   8.5836274e-01
   1.4820884e+00   1.3777790e-01   4.1333438e-01
   1.0537835e+00   5.2685961e-01   1.1708276e-01
   4.0978357e-01   1.4752397e+00   4.9172779e-01
   9.1889123e-01   4.1759064e-01   1.0857270e+00
   1.4852442e-01   2.9704875e-01   3.9261436e+00
   8.2110856e-01   3.2844329e-01   1.2778441e+00
   1.1462023e-01   1.1462063e-01   4.9818611e+00
   1.3540794e-01   8.1151931e-01   3.1143552e+00
   1.4364156e-01   2.4349582e+00   7.1820446e-01
   3.3073271e-01   1.9844259e+00   8.2682937e-02
   7.3448683e-01   1.0683442e+00   7.0043749e-02
   1.4847400e+00   1.8559232e-01   1.2372750e-01
   6.7714102e-01   4.2317006e-01   1.3541405e+00
   2.2906808e-01   6.1966699e-01   2.5197088e+00
   1.5459364e+00   2.0922303e-01   6.9741006e-02
   6.4636380e-01   3.6934995e-01   1.6620891e+00
   8.9719304e-01   5.2337046e-01   7.4765635e-01
   1.2428336e+00   2.6165288e-01   4.5789185e-01
   3.6839920e-01   1.0131011e+00   1.2893967e+00
   4.0167566e-01   7.0292736e-01   1.8075356e+00
   5.0630094e-01   1.5189218e+00   7.2328863e-02
   1.8695981e+00   7.1907678e-02   1.4381326e-01
   2.6555495e-01   2.2128051e+00   8.8518409e-02
   4.3473719e-01   5.4341359e-01   2.1737217e+00
   1.2929906e-01   1.0498182e+00   2.5860920e+00
   6.9741005e-02   3.6747407e+00   2.7220196e-01
   1.0778256e+00   3.5927036e-01   6.4667227e-01
   6.7793568e-01   9.7924594e-01   2.6112637e-01
   2.0457978e-01   1.5343483e+00   1.2825539e+00
   9.4966022e-01   1.7266545e-01   1.3835938e+00
   7.7558298e-01   8.9514503e-01   1.1935290e-01
   6.9908003e-01   7.8646337e-01   7.7674252e-01
   5.4696748e-01   1.2306909e+00   2.7344319e-01
   9.2909546e-01   1.0324219e-01   2.0648407e+00
   5.1163241e-01   1.2089519e-01   2.9014522e+00
   1.2571061e-01   1.8610711e+00   1.3219003e+00
   1.3501853e+00   2.0238455e-01   4.0476985e-01
   1.0402628e+00   6.2842656e-01   6.9824253e-02
   1.2359348e+00   3.5312441e-01   1.1770360e-01
   7.3059688e-01   8.6345360e-01   3.3208879e-01
   5.2759129e-01   1.3566585e+00   1.3566202e-01
   1.6253643e+00   1.2509186e-01   1.2508847e-01
   2.1251287e-01   1.2748840e+00   1.5938511e+00
   4.4405263e-01   7.9916343e-01   1.3319421e+00
   8.2048386e-01   7.5512626e-01   2.5170960e-01
   1.0508520e+00   9.5531412e-02   1.6240346e+00
   4.4924180e-01   2.2461666e-01   2.5831488e+00
   5.5312643e-01   3.3187497e-01   2.3231960e+00
   3.4267330e-01   4.5690712e-01   2.5321449e+00
   6.1915282e-01   1.1656893e+00   1.2952071e-01
   2.7413717e-01   1.9189809e+00   4.5687319e-01
   3.7698714e-01   8.4851007e-01   1.5079473e+00
   7.9155988e-01   1.9789756e-01   1.8800663e+00
   7.8998616e-01   2.6333212e-01   1.4922047e+00
   1.1319293e+00   4.1697267e-01   1.7869330e-01
   8.4390375e-01   6.3292956e-01   5.6258401e-01
   2.9543995e-01   1.6741565e+00   8.8631280e-01
   2.0814377e-01   2.0814341e+00   7.2853285e-01
   2.6738620e-01   4.0106396e-01   3.2097326e+00
   5.4309560e-01   5.4309523e-01   1.5142919e+00
   6.9741005e-02   4.0667450e+00   6.9741112e-02
   1.0500878e+00   3.2310431e-01   9.6931177e-01
   1.3450537e+00   1.5823505e-01   7.9117584e-01
   4.7910064e-01   1.2775532e+00   5.5893802e-01
   1.2233141e+00   2.2937245e-01   7.6455573e-01
   4.4527701e-01   1.2467621e+00   8.9053901e-01
   1.8921574e-01   2.5542950e+00   9.4607551e-02
   1.1994846e-01   1.6766511e+00   1.6792928e+00
   1.9513276e-01   2.3415751e+00   2.9268277e-01
   2.2960112e-01   1.0492764e+00   2.0666197e+00
   3.8273858e-01   2.5515774e-01   3.0619403e+00
   5.8300258e-01   1.0928139e+00   4.3711642e-01
   2.8902148e-01   1.1560926e+00   1.3487615e+00
   1.3486929e+00   2.4521679e-01   1.8391297e-01
   6.2407132e-01   3.1204582e-01   2.0801886e+00
   4.5827457e-01   1.4664102e+00   2.1991877e-01
   1.2036696e+00   3.1676098e-01   3.1675646e-01
   5.9700466e-01   5.9700425e-01   1.2792988e+00
   3.3523649e-01   1.7600193e+00   3.3523094e-01
   5.2369184e-01   1.0467216e+00   9.5949296e-01
   3.7573152e-01   1.4090299e+00   9.3933383e-01
   7.6364525e-01   5.9391937e-01   1.1030134e+00
   1.6980157e+00   7.7181651e-02   4.6309122e-01
   7.4455788e-01   7.4455578e-01   6.7009286e-01
   9.4669071e-01   5.6799293e-01   3.1556146e-01
   1.0243717e+00   1.7072790e-01   1.2804752e+00
   6.5071192e-01   1.0845943e-01   2.4944350e+00
   2.0682212e+00   6.9741005e-02   6.9741115e-02
   9.1028301e-01   7.0011798e-01   1.1667336e-01
   2.8281071e-01   1.1395512e-01   3.9261436e+00
