   7.9197544e-01   1.9799319e-01   1.8809374e+00
   4.4257155e-01   2.2128499e-01   2.6234392e+00
   4.1766601e-01   6.2650628e-01   1.9839218e+00
   7.0156583e-02   4.0671627e+00   7.0156689e-02
   8.4727620e-01   2.5418286e-01   1.3556331e+00
   1.2671267e-01   1.4453708e+00   2.1541177e+00
   1.2499189e-01   9.9993508e-01   2.4998821e+00
   3.1944810e-01   8.5132417e-01   1.9166933e+00
   1.8723848e+00   7.2019099e-02   1.4403802e-01
   1.8942428e-01   2.5564903e+00   9.4709802e-02
   9.0294338e-01   7.0953388e-01   1.1825588e-01
   9.9851174e-01   9.9833437e-02   1.7970023e+00
   1.3079647e+00   2.9727073e-01   1.1890500e-01
   5.2395805e-01   1.0476723e+00   9.6059453e-01
   1.3645661e+00   2.3734024e-01   1.7800518e-01
   8.5682673e-01   6.5909321e-01   3.9543968e-01
   4.8626341e-01   1.2642842e+00   5.5313131e-01
   7.9056660e-02   7.9056660e-02   6.0790567e+00
   1.2469270e+00   4.1564526e-01   7.0080043e-02
   1.9792679e-01   2.2761549e+00   3.9585217e-01
   1.5376606e+00   1.3364960e-01   2.6729758e-01
   5.8061638e-01   1.1612151e+00   2.7322274e-01
   5.4390662e-01   1.3210231e+00   1.3597171e-01
   7.0128579e-01   3.5064215e-01   1.4902328e+00
   2.3136503e-01   1.0411791e+00   2.0822889e+00
   2.9009077e-01   1.7384153e+00   7.7358012e-01
   1.0908176e+00   3.1166033e-01   8.5705116e-01
   1.0647842e+00   4.2592734e-01   3.7578858e-01
   9.7490092e-01   5.8494671e-01   1.7548192e-01
   6.9064721e-01   6.9064721e-01   1.1222988e+00
   2.6089622e-01   3.9135947e-01   3.1304222e+00
   2.2902829e-01   6.1851085e-01   2.5234330e+00
   3.9889588e-01   1.6753854e+00   1.5230602e-01
   3.6008030e-01   9.6905695e-01   1.3502982e+00
   2.0325417e-01   1.5229092e+00   1.2908024e+00
   3.4692460e-01   1.6478671e+00   5.2039962e-01
   1.4855738e+00   1.8567011e-01   1.2376742e-01
   3.8825385e-01   7.7649649e-01   1.6500553e+00
   2.7001668e-01   1.9801487e+00   3.6001345e-01
   5.6289507e-01   4.6904356e-01   1.6883989e+00
   9.3416167e-01   1.6987791e-01   1.4439427e+00
   1.6997525e+00   7.7261643e-02   4.6357297e-01
   3.6680628e-01   2.4454104e-01   2.9350644e+00
   6.8330810e-01   1.0489844e+00   1.2423792e-01
   4.5881329e-01   8.2587455e-01   1.2846929e+00
   1.1732220e+00   8.9190133e-02   1.3378420e+00
   8.3617957e-01   9.1076659e-01   7.0058974e-02
   1.2249816e+00   2.7221814e-01   4.7636857e-01
   8.0598882e-01   8.0598874e-01   1.8599659e-01
   7.3589694e-01   8.8497599e-01   2.5284995e-01
   4.3600006e-01   1.3079904e+00   7.8480941e-01
   1.3803141e+00   1.5337255e-01   6.9016849e-01
   1.5462542e+00   8.5902773e-02   8.5903658e-01
   9.6586015e-01   4.0244489e-01   9.6585934e-01
   4.3011165e-01   3.2257359e-01   2.4732067e+00
   1.0941513e+00   4.8628936e-01   1.1517390e-01
   1.7051804e+00   1.3116760e-01   7.0205004e-02
   5.9512334e-01   1.0202197e+00   5.9512426e-01
   2.9193759e-01   1.2650627e+00   1.2744743e+00
   6.2082148e-01   8.8685772e-01   8.8684590e-01
   1.3408583e-01   2.4642157e+00   8.0413065e-01
   1.2241262e+00   2.2952161e-01   7.6505210e-01
   3.2811487e-01   1.8867743e+00   1.6404977e-01
   2.6570071e-01   2.2141634e+00   8.8565940e-02
   7.4078298e-01   4.1153800e-01   1.2790048e+00
   4.1015936e-01   1.4762992e+00   4.9221856e-01
   3.2627149e-01   4.3503317e-01   2.5013223e+00
   9.0543073e-01   5.5718237e-01   5.5717515e-01
   6.2478493e-01   3.1237436e-01   2.0823564e+00
   2.0698213e+00   7.0018057e-02   7.0018057e-02
   1.0249108e+00   1.7081908e-01   1.2811413e+00
   1.3388830e-01   7.0770649e-01   3.0793751e+00
   2.1201468e-01   2.0162935e+00   8.4804873e-01
   4.6131617e-01   1.4608333e+00   2.1912793e-01
   2.7417938e-01   1.3709920e-01   3.7015452e+00
   7.6443165e-01   7.6443165e-01   4.8643375e-01
   3.9197776e-01   1.8030965e+00   7.8395333e-02
   1.3508913e+00   2.0262650e-01   4.0525111e-01
   1.1818683e-01   1.6529713e+00   1.7718243e+00
   5.3697308e-01   6.2647164e-01   1.3424437e+00
   6.3252866e-01   1.2649951e+00   7.0277215e-02
   8.4016142e-01   5.0409695e-01   1.0922073e+00
   4.8213989e-01   5.7860028e-01   1.7355876e+00
   6.8425705e-01   8.3631519e-01   6.8423211e-01
   6.0083808e-01   5.1502292e-01   1.3733502e+00
   6.4954897e-01   9.7429462e-01   4.1754833e-01
   1.4856133e-01   2.5486215e-01   3.9136627e+00
   1.3981306e-01   2.6786925e+00   2.7885773e-01
   1.2373030e-01   1.8356538e+00   1.3610515e+00
   2.9329081e-01   1.0752896e+00   1.4664669e+00
   1.0028647e+00   4.6801578e-01   4.6799956e-01
   4.9529122e-01   1.2382426e-01   2.9780820e+00
   3.7582227e-01   1.4091321e+00   9.3957918e-01
   5.2796640e-01   4.2236603e-01   2.1118727e+00
   7.9909807e-01   6.2151478e-01   8.5453777e-01
   1.1641273e+00   3.6762019e-01   2.4509009e-01
   2.1266475e-01   1.2759943e+00   1.5949214e+00
   6.5506069e-01   1.0917666e-01   2.4900727e+00
   1.5860858e-01   1.5857801e-01   4.4410443e+00
   5.0706592e-01   1.5210951e+00   7.2400499e-02
