   5.8452851e-01   2.3091775e+00
   6.0842363e-01   2.2346780e+00
   6.9075508e-01   1.9457134e+00
   1.2049251e+00   1.1484440e+00
   9.7074437e-01   1.6528911e+00
   1.6637187e+00   6.9282348e-01
   1.3274091e+00   9.1410660e-01
   1.7985137e+00   3.6316137e-01
   1.1216571e+00   1.3820416e+00
   1.0354642e+00   1.5793443e+00
   7.1742853e-01   1.8632499e+00
   5.9677026e-01   2.2723168e+00
   4.2917341e-01   2.4706543e+00
   3.6589657e-01   2.5380396e+00
   1.6066523e+00   7.9133605e-01
   2.0694613e+00   6.9463953e-02
   1.7848759e+00   3.9712402e-01
   1.5349193e+00   8.5592069e-01
   2.2507493e-01   3.1851460e+00
   1.8243193e+00   3.0192633e-01
   3.1138093e-01   2.7413738e+00
   1.9679471e+00   9.0574959e-02
   6.1959577e-01   2.1967492e+00
   1.6468175e+00   7.2611837e-01
   2.9833968e-01   2.8093706e+00
   2.6196412e-01   3.0125873e+00
   7.3483437e-01   1.8166745e+00
   7.6918147e-01   1.7444835e+00
   1.7352988e+00   5.2420569e-01
   1.7594593e+00   4.6208048e-01
   1.8932869e+00   1.6911706e-01
   2.5210307e-01   3.0650521e+00
   1.2497521e+00   1.0391711e+00
   6.5107269e-01   2.0845269e+00
   1.8122882e+00   3.2989630e-01
   6.3037725e-01   2.1589026e+00
   9.9353331e-01   1.6348618e+00
   1.5660052e+00   8.3584316e-01
   1.1745344e+00   1.2322984e+00
   1.3105613e+00   9.3354885e-01
   5.3231487e-01   2.4249897e+00
   5.6706969e-01   2.3559700e+00
   6.4084639e-01   2.1214226e+00
   3.8132841e-01   2.5075234e+00
   3.9803547e-01   2.4862793e+00
   2.0667274e-01   3.2378699e+00
   1.0549781e+00   1.5434904e+00
   5.0932347e-01   2.4518599e+00
   5.4797209e-01   2.3981143e+00
   1.0826347e+00   1.4828504e+00
   1.2360999e+00   1.0700567e+00
   7.8651821e-01   1.7183168e+00
   1.4215322e+00   8.7012509e-01
   1.0692652e+00   1.5135010e+00
   7.5328746e-01   1.7745228e+00
   1.8630156e+00   2.2089393e-01
   1.7227410e+00   5.5601697e-01
   1.4923279e-01   3.2743207e+00
   1.1072954e+00   1.4207762e+00
   1.7475070e+00   4.9288707e-01
   1.0134979e+00   1.6121439e+00
   6.6111902e-01   2.0483851e+00
   1.2203119e+00   1.1085275e+00
   8.0586658e-01   1.6968246e+00
   3.3771640e-01   2.6247088e+00
   1.7119305e+00   5.8288236e-01
   1.2640667e+00   1.0094346e+00
   7.0397497e-01   1.9033400e+00
   1.2959101e+00   9.5393380e-01
   1.8495123e+00   2.4744036e-01
   1.6890372e+00   6.3746043e-01
   1.2793189e+00   9.8096180e-01
   1.1617529e+00   1.2686925e+00
   1.1487538e+00   1.3058483e+00
   8.6807819e-01   1.6701621e+00
   1.9080313e+00   1.4803686e-01
   1.7007261e+00   6.1004344e-01
   1.6767502e+00   6.6507974e-01
   1.5857709e+00   8.1691222e-01
   1.0952651e+00   1.4518630e+00
   1.8774645e+00   1.9479220e-01
   1.6280631e+00   7.5912601e-01
   3.2443208e-01   2.6796097e+00
   1.9249920e+00   1.2723827e-01
   1.1354289e+00   1.3436736e+00
   1.1897272e+00   1.1897272e+00
   1.7712402e+00   4.3179623e-01
   6.8090397e-01   1.9788771e+00
   2.4175533e-01   3.1159533e+00
   1.9457698e+00   1.0673002e-01
   1.9928948e+00   7.8721420e-02
   2.0252413e+00   7.1281774e-02
   2.7143549e-01   2.9599358e+00
   1.3835174e+00   8.7713196e-01
   1.8366784e+00   2.7444624e-01
   8.3405923e-01   1.6781674e+00
   3.5145247e-01   2.5773165e+00
   1.3513985e+00   8.9344948e-01
   6.7104397e-01   2.0131320e+00
   2.8510014e-01   2.8826803e+00
