   9.7766897e-01   1.6504800e+00
   1.0933528e+00   1.4612102e+00
   7.1158106e-01   1.8854302e+00
   5.1576505e-01   2.4484018e+00
   7.8737778e-01   1.7201948e+00
   1.6906369e+00   6.3806569e-01
   7.7006626e-01   1.7464898e+00
   1.9273206e+00   1.2739219e-01
   2.2553228e-01   3.1916236e+00
   1.0805333e+00   1.4921649e+00
   1.9870475e+00   8.2793631e-02
   7.6589057e-02   4.0117062e+00
   3.1215386e-01   2.7482399e+00
   9.5873252e-02   3.6712499e+00
   1.3530210e+00   8.9452217e-01
   1.1256798e+00   1.3758309e+00
   8.6877892e-01   1.6715103e+00
   2.7215102e-01   2.9677417e+00
   1.3287074e+00   9.1540519e-01
   1.6542376e+00   7.1572837e-01
   1.1884951e+00   1.1980414e+00
   1.2347793e+00   1.0775428e+00
   2.9911166e-01   2.8166502e+00
   8.3482135e-01   1.6797009e+00
   1.1420504e+00   1.3299203e+00
   1.8120172e+00   3.3492270e-01
   1.5437411e+00   8.5337240e-01
   1.8535347e+00   2.4322405e-01
   7.5418917e-01   1.7766460e+00
   6.5867340e-01   2.0631177e+00
   2.4232889e-01   3.1233512e+00
   1.7845947e+00   4.0240861e-01
   1.2056156e-01   3.3816249e+00
   8.0669032e-01   1.6985591e+00
   1.7709320e+00   4.3721240e-01
   1.0097536e+00   1.6198146e+00
   3.9852438e-01   2.4893266e+00
   5.9754277e-01   2.2752594e+00
   4.2952786e-01   2.4726874e+00
   1.8672278e+00   2.1673171e-01
   7.2521162e-01   1.8464613e+00
   6.9826072e-01   1.9267819e+00
   5.4347287e-01   2.4101866e+00
   5.6312667e-01   2.3698247e+00
   1.0323675e+00   1.5878584e+00
   1.1732698e+00   1.2408658e+00
   1.7982451e+00   3.6831595e-01
   1.1578478e+00   1.2848691e+00
   1.2939031e+00   9.6028369e-01
   2.5273701e-01   3.0727445e+00
   1.3747128e-01   3.2994050e+00
   1.2775896e+00   9.8764013e-01
   3.6654426e-01   2.5425340e+00
   6.8509544e-01   1.9703138e+00
   1.5778557e-01   3.2723913e+00
   3.2520185e-01   2.6859415e+00
   3.5215651e-01   2.5824794e+00
   1.9437401e+00   1.1095338e-01
   9.1918266e-02   3.7380413e+00
   1.8953206e+00   1.6929874e-01
   6.2042238e-01   2.1996796e+00
   1.6157971e+00   7.8152753e-01
   2.0114446e+00   7.5116141e-02
   6.7194410e-01   2.0158326e+00
   6.3122438e-01   2.1618039e+00
   1.8260615e+00   3.0221520e-01
   1.4219001e+00   8.7148720e-01
   1.0669311e+00   1.5227073e+00
   8.6346035e-02   3.8385060e+00
   1.2483433e+00   1.0464055e+00
   3.3845990e-01   2.6304883e+00
   7.3933759e-01   1.8101027e+00
   1.2190559e+00   1.1163001e+00
   1.3779289e+00   8.8097090e-01
   2.8585298e-01   2.8902917e+00
   1.8405619e+00   2.7017414e-01
   1.9101808e+00   1.4820365e-01
   1.0523545e+00   1.5524833e+00
   5.8102031e-01   2.3240812e+00
   1.3120466e+00   9.3460852e-01
   6.0922570e-01   2.2376236e+00
   1.2036966e+00   1.1564927e+00
   1.7306821e+00   5.4055470e-01
   2.0697846e-01   3.2427163e+00
   1.8819438e+00   1.9068026e-01
   1.5730019e+00   8.3219965e-01
   1.7179027e+00   5.7263650e-01
   1.7046044e+00   6.0515820e-01
   1.2625272e+00   1.0164026e+00
   1.6361820e+00   7.4892296e-01
   1.7430607e+00   5.0895598e-01
   6.4514825e-01   2.1118965e+00
   1.7571302e+00   4.7273045e-01
   2.0695830e+00   7.0762465e-02
   1.1084997e+00   1.4223233e+00
   3.8190318e-01   2.5113027e+00
   2.6264395e-01   3.0204041e+00
   1.5962143e+00   8.0772289e-01
   1.6732384e+00   6.7681539e-01
   1.9646903e+00   9.4733493e-02
