   8.8607272e-01   6.9608417e-01   1.7721453e-01
   3.9634300e-01   1.5853745e+00   3.1706975e-01
   7.0188066e-02   4.0671951e+00   7.0188172e-02
   1.4452530e+00   1.4359113e-01   5.0254488e-01
   2.6645364e-01   2.0428604e+00   2.6645418e-01
   3.4023200e-01   4.5364094e-01   2.4951042e+00
   1.2195961e+00   8.7113986e-02   1.2898903e+00
   7.6408489e-01   5.9428445e-01   1.1037048e+00
   7.1253740e-01   8.7088324e-01   4.0193807e-01
   6.5579699e-01   1.0201104e+00   2.6229777e-01
   3.9214050e-01   1.8037998e+00   7.8425540e-02
   4.4420378e-01   7.9953916e-01   1.3325601e+00
   9.6441988e-01   1.7017538e-01   1.3614015e+00
   2.7917644e-01   1.8611978e+00   5.5834578e-01
   9.2970038e-01   1.0340447e-01   2.0680910e+00
   4.7930319e-01   1.2781398e+00   5.5916001e-01
   1.5460123e+00   8.5888186e-02   8.5887651e-01
   5.0666709e-01   1.2665303e-01   3.0397804e+00
   2.0857580e-01   1.3557258e+00   1.4600684e+00
   2.9564953e-01   1.6753351e+00   8.8694282e-01
   1.1937123e+00   2.8087410e-01   5.6173599e-01
   4.5633929e-01   2.2814426e-01   2.6235876e+00
   2.0761205e-01   1.5570902e+00   1.2745543e+00
   3.2820010e-01   1.8873379e+00   1.6409022e-01
   2.0695439e+00   6.9741005e-02   6.9741005e-02
   3.7357237e-01   2.4904801e-01   2.9899236e+00
   3.0027382e-01   1.0008881e+00   1.6014365e+00
   6.7741484e-01   4.2337259e-01   1.3548410e+00
   1.0507732e+00   3.2331305e-01   9.6993705e-01
   1.0512919e+00   9.5535807e-02   1.6241252e+00
   1.1875123e+00   2.3751098e-01   8.7082658e-01
   7.4302471e-01   9.4566670e-01   1.2383750e-01
   1.1556849e+00   4.2577259e-01   1.1556814e-01
   6.6567892e-01   1.1981686e+00   7.0479899e-02
   5.6044904e-01   1.0275368e+00   8.0064305e-01
   4.1769758e-01   6.2652129e-01   1.9840149e+00
   1.7100343e+00   1.3154093e-01   6.9777001e-02
   1.8695970e+00   7.1908335e-02   1.4380012e-01
   7.0188066e-02   3.6754800e+00   2.7225760e-01
   1.4225602e-01   2.4506641e+00   7.1128306e-01
   1.3347629e-01   8.0135701e-01   2.9364494e+00
   5.0706274e-01   1.5211725e+00   7.2436942e-02
   5.4407040e-01   1.3207466e+00   1.3601607e-01
   9.1233980e-01   7.9069014e-01   7.0149104e-02
   3.3003381e-01   7.7421998e-01   2.0902270e+00
   9.3774686e-01   5.6259047e-01   3.7510620e-01
   3.7574022e-01   1.4090030e+00   9.3935396e-01
   1.3504372e+00   2.0256809e-01   4.0512253e-01
   1.5843668e+00   1.2683780e-01   1.9025652e-01
   3.6855723e-01   1.0135256e+00   1.2898429e+00
   1.9794138e-01   2.2762705e+00   3.9588317e-01
   4.3732626e-01   1.5744297e+00   1.4577227e-01
   6.4002472e-01   9.4208388e-01   5.7973555e-01
   1.6980074e+00   7.7182792e-02   4.6308956e-01
   7.9266434e-01   1.9816348e-01   1.8825400e+00
   8.9581972e-01   2.4431432e-01   1.2966940e+00
   8.8750116e-01   4.8409305e-01   9.6818181e-01
   6.0504256e-01   8.6435556e-01   1.0370464e+00
   1.4964859e+00   1.8081959e-01   1.2054208e-01
   1.3883115e+00   2.4144174e-01   1.2071860e-01
   1.5142316e-01   3.0284611e-01   3.9370401e+00
   8.0602500e-01   8.0602434e-01   1.8600592e-01
   5.2784765e-01   4.2227742e-01   2.1113495e+00
   2.3378226e-01   6.1250485e-01   2.5716066e+00
   9.8065898e-01   6.1289151e-01   1.1537082e-01
   1.3316040e+00   1.5687952e-01   8.6283703e-01
   4.5149077e-01   1.4443871e+00   3.0097954e-01
   1.9007502e-01   2.5525639e+00   9.5036775e-02
   1.0381480e+00   4.8854753e-01   2.4426481e-01
   1.1896839e-01   1.1896859e-01   4.9823375e+00
   1.2536091e-01   1.8683379e+00   1.3211002e+00
   8.4373220e-01   6.3281620e-01   5.6248792e-01
   3.8821743e-01   7.7671529e-01   1.6499400e+00
   2.8178026e-01   1.2121147e+00   1.3149765e+00
   1.1012547e+00   3.8857122e-01   3.8856031e-01
   3.4696674e-01   1.6478581e+00   5.2045090e-01
   5.9729066e-01   5.9729092e-01   1.2799259e+00
   6.8397800e-01   2.9313290e-01   1.8566316e+00
   1.2824095e-01   1.4251093e+00   2.1801988e+00
   5.4123838e-01   5.4123860e-01   1.5335029e+00
   4.9047431e-01   6.8665473e-01   1.3733078e+00
   1.3253846e+00   3.4901877e-01   6.9803737e-02
   2.6561098e-01   2.2158705e+00   8.8536771e-02
   7.2247454e-01   7.2247511e-01   8.8300935e-01
   7.6446277e-01   7.6446190e-01   4.8647166e-01
   7.3804986e-01   2.7676059e-01   1.6605553e+00
   1.2680087e-01   1.0145503e+00   2.5363881e+00
   5.2977769e-01   1.1478321e+00   6.1217885e-01
   1.0035853e+00   4.3010114e-01   6.4514714e-01
   2.1212247e-01   2.0158090e+00   8.4848392e-01
   7.8740355e-01   3.2801640e-01   1.3120617e+00
   1.1968871e-01   1.6834739e+00   1.6756490e+00
   6.0599546e-01   1.1446858e+00   2.0199793e-01
   2.6101634e-01   3.9150370e-01   3.1330027e+00
   1.2352478e+00   3.0882020e-01   2.4704328e-01
   5.6309020e-01   4.6892641e-01   1.6881099e+00
   2.2446941e-01   1.1222437e+00   1.9080569e+00
   6.7041330e-01   1.1173593e-01   2.5087164e+00
   2.5341975e-01   1.4311506e-01   3.9302847e+00
   1.3691825e-01   6.8431620e-01   3.2881754e+00
