   1.1852227e+00   1.2043393e+00
   3.1162033e-01   2.7435020e+00
   1.5667483e+00   8.3623993e-01
   3.2466752e-01   2.6815842e+00
   1.1386556e+00   1.3366826e+00
   7.4245055e-01   1.8001883e+00
   1.6897202e+00   6.3771814e-01
   3.9818594e-01   2.4872195e+00
   4.2928388e-01   2.4712817e+00
   5.7628240e-01   2.3342350e+00
   8.3438432e-01   1.6788213e+00
   1.0627349e+00   1.5293014e+00
   2.0688387e+00   7.0018092e-02
   1.6254031e+00   7.6489556e-01
   1.5864926e+00   8.1728404e-01
   1.6616919e+00   6.9866593e-01
   1.9764927e+00   8.6652004e-02
   3.7624185e-01   2.5179274e+00
   1.9518429e+00   1.0272854e-01
   1.3637237e+00   8.8664567e-01
   1.2157159e+00   1.1221994e+00
   3.4703114e-01   2.5939053e+00
   2.9857930e-01   2.8116259e+00
   6.4121497e-01   2.1226447e+00
   1.9154305e+00   1.3975235e-01
   9.1528130e-02   3.7222135e+00
   3.3536361e-01   2.6365353e+00
   1.0274723e+00   1.5936305e+00
   8.6837716e-01   1.6707372e+00
   1.5357113e+00   8.5636236e-01
   1.7738976e+00   4.2696847e-01
   2.0079938e+00   7.4987322e-02
   1.3922462e+00   8.7525579e-01
   2.6695954e-01   2.9886465e+00
   1.1609956e-01   3.4055887e+00
   1.9337380e+00   1.1906239e-01
   1.0765476e+00   1.4989251e+00
   7.5753344e-01   1.7675780e+00
   1.8011917e+00   3.5851058e-01
   6.2718057e-01   2.1727327e+00
   5.1550571e-01   2.4471728e+00
   1.8833973e+00   1.8626982e-01
   1.7875335e+00   3.9238517e-01
   1.0478937e+00   1.5588071e+00
   1.1221788e+00   1.3826850e+00
   1.7601573e+00   4.6226381e-01
   1.8291439e+00   2.9283246e-01
   7.5449694e-02   4.0090329e+00
   1.5069190e-01   3.2741582e+00
   7.2468602e-01   1.8451216e+00
   1.3097394e-01   3.3159715e+00
   5.9308551e-01   2.2859730e+00
   6.0493574e-01   2.2485364e+00
   7.0770205e-01   1.8941440e+00
   7.9150349e-01   1.7132546e+00
   1.3367805e+00   9.0614035e-01
   2.4718524e-01   3.0931543e+00
   1.2799246e+00   9.8142531e-01
   6.1626690e-01   2.2106595e+00
   1.2004064e+00   1.1625983e+00
   2.5729277e-01   3.0413328e+00
   7.7373677e-01   1.7383942e+00
   9.7714157e-01   1.6495831e+00
   1.1545238e+00   1.2915012e+00
   2.3653154e-01   3.1424912e+00
   2.8533405e-01   2.8850389e+00
   3.6119353e-01   2.5516492e+00
   6.6812833e-01   2.0259386e+00
   1.8998629e+00   1.6072589e-01
   8.1145026e-01   1.6930259e+00
   1.8547093e+00   2.3864210e-01
   1.7461854e+00   4.9826851e-01
   2.1927676e-01   3.2069213e+00
   1.8150092e+00   3.2533190e-01
   1.0042542e+00   1.6246839e+00
   1.6445259e+00   7.3195661e-01
   1.3151127e+00   9.2910699e-01
   1.2646603e+00   1.0099107e+00
   5.5802644e-01   2.3789547e+00
   6.5481443e-01   2.0735847e+00
   8.5965513e-02   3.8216086e+00
   1.2475594e+00   1.0457485e+00
   1.6748923e+00   6.7089520e-01
   6.8129077e-01   1.9800044e+00
   1.8685154e+00   2.1223717e-01
   1.6073579e+00   7.9168350e-01
   6.9443649e-01   1.9360052e+00
   1.0926739e+00   1.4603028e+00
   5.3791494e-01   2.4176532e+00
   1.2965295e+00   9.5438971e-01
   1.7318454e+00   5.3496794e-01
   1.1078093e+00   1.4214365e+00
   1.7169811e+00   5.7233197e-01
   9.4641376e-02   3.6700181e+00
   1.8416588e+00   2.6550123e-01
   1.2313521e+00   1.0832195e+00
   1.1699861e+00   1.2473405e+00
   2.7627906e-01   2.9362685e+00
   1.4319448e+00   8.7021716e-01
   1.7036859e+00   6.0483265e-01
