   3.1952700e-01   8.5007830e-01   1.9171664e+00
   4.1791453e-01   1.4209069e+00   5.8506223e-01
   1.1953392e-01   1.6825478e+00   1.6734437e+00
   8.0000475e-01   7.1666801e-01   4.6667467e-01
   1.6962831e+00   7.7103838e-02   4.6260694e-01
   3.6035395e-01   2.4023279e-01   3.0030433e+00
   3.3528292e-01   1.7602522e+00   3.3526708e-01
   4.9624584e-01   1.2366892e-01   2.9680548e+00
   1.2820498e-01   1.4230732e+00   2.1794681e+00
   3.5344690e-01   1.5904946e+00   6.1852959e-01
   6.4654043e-01   3.6945147e-01   1.6625296e+00
   6.9826010e-02   3.6748807e+00   2.7221327e-01
   6.7710040e-01   4.2318977e-01   1.3541998e+00
   8.9091307e-01   6.3635741e-01   3.1817510e-01
   1.2738029e-01   1.9371153e+00   1.2790029e+00
   2.1200848e-01   2.0143767e+00   8.4802180e-01
   2.1253475e-01   1.2751476e+00   1.5940625e+00
   1.3627662e-01   6.8142859e-01   3.1344316e+00
   1.2362859e+00   3.5322837e-01   1.1772100e-01
   2.8984380e-01   1.7385971e+00   7.7291548e-01
   8.7852321e-01   7.4336821e-01   1.1713360e-01
   7.4025111e-01   9.5070793e-01   1.2337451e-01
   7.7877934e-01   3.4612158e-01   1.2979641e+00
   4.4402138e-01   7.9923844e-01   1.3320696e+00
   1.9238190e-01   2.5348192e+00   9.6190609e-02
   1.2606908e-01   8.8249645e-01   2.6515572e+00
   9.9774719e-01   9.9774006e-02   1.7959432e+00
   1.2235815e+00   2.2942120e-01   7.6474278e-01
   2.6537357e-01   2.2143256e+00   8.8456401e-02
   8.3906329e-01   9.0363545e-01   6.9807279e-02
   5.9135966e-01   1.1085563e+00   3.4642349e-01
   4.1750116e-01   6.2624804e-01   1.9831527e+00
   2.3106495e-01   1.0404369e+00   2.0795911e+00
   6.7800910e-01   9.7937042e-01   2.6116656e-01
   2.0679448e+00   6.9463953e-02   6.9464063e-02
   8.4656662e-01   2.5396890e-01   1.3544968e+00
   4.4410695e-01   2.2205376e-01   2.6115089e+00
   1.0243766e+00   1.7072950e-01   1.2804709e+00
   5.4086467e-01   5.4086470e-01   1.5324490e+00
   6.3860107e-01   9.1335954e-01   6.8501382e-01
   1.8668297e+00   7.1801302e-02   1.4359419e-01
   1.2349037e-01   1.1114810e+00   2.4699753e+00
   3.8809054e-01   7.7620297e-01   1.6493962e+00
   2.6987001e-01   1.9790435e+00   3.5982420e-01
   6.2422920e-01   3.1204565e-01   2.0803139e+00
   1.6242070e+00   1.2505958e-01   1.2505882e-01
   4.4992171e-01   1.6497214e+00   7.4986162e-02
   4.8194482e-01   5.7835638e-01   1.7349979e+00
   1.5441049e+00   8.5729136e-02   8.5726441e-01
   1.0432839e+00   3.7260445e-01   7.4520609e-01
   9.7470532e-01   5.8482761e-01   1.7544872e-01
   7.9157192e-01   1.9789324e-01   1.8800350e+00
   1.9783509e-01   2.2751031e+00   3.9567890e-01
   4.8519619e-01   1.4555750e+00   1.3861126e-01
   2.1699109e-01   5.7777425e-01   2.6577514e+00
   7.6580202e-01   8.3543783e-01   2.5526965e-01
   2.2560480e-01   6.7681753e-01   2.4815112e+00
   3.4303097e-01   3.4303022e-01   2.6299513e+00
   5.7449925e-01   1.3644087e+00   7.1808421e-02
   1.1857308e+00   4.7430597e-01   6.9770926e-02
   3.7533232e-01   1.4075227e+00   9.3833097e-01
   6.1820668e-01   1.1677175e+00   1.2974141e-01
   2.9315906e-01   1.0749222e+00   1.4657949e+00
   2.5600147e-01   3.8401688e-01   3.0733862e+00
   1.0046296e+00   3.3487327e-01   1.0883501e+00
   1.2847081e+00   2.5694297e-01   3.2116618e-01
   1.0984520e+00   4.2717590e-01   2.4409975e-01
   4.3002516e-01   3.2251554e-01   2.4727184e+00
   3.9617171e-01   1.5847259e+00   3.1693516e-01
   8.3057602e-01   6.0364119e-01   7.5454715e-01
   1.1733963e+00   3.2593660e-01   3.9111542e-01
   1.1708749e+00   8.9190544e-02   1.3378579e+00
   2.9151828e-01   1.2632445e+00   1.2742305e+00
   8.8889380e-01   5.1817504e-01   8.1481848e-01
   9.6921427e-01   4.8460119e-01   5.5382311e-01
   9.3127862e-02   9.3127719e-02   4.9561900e+00
   2.0082445e-01   1.5052798e+00   1.3053561e+00
   9.3326935e-01   1.6985339e-01   1.4437578e+00
   1.4293604e-01   2.4418055e+00   7.1465447e-01
   1.5179359e+00   1.3239022e-01   3.3097238e-01
   5.6168785e-01   4.4934422e-01   1.7786891e+00
   3.3080156e-01   1.9847634e+00   8.2699336e-02
   7.0232133e-01   7.8036445e-01   7.8035710e-01
   1.4115199e+00   1.9247297e-01   2.5660098e-01
   3.6841905e-01   1.0131119e+00   1.2894517e+00
   5.1600391e-01   1.2039936e+00   5.2674738e-01
   4.4529558e-01   1.2468086e+00   8.9060208e-01
   6.9826010e-02   4.0668303e+00   6.9826117e-02
   1.3886498e+00   2.4150466e-01   1.2074373e-01
   6.5624026e-01   1.0937334e-01   2.4872820e+00
   1.0539971e+00   5.2699816e-01   1.1710439e-01
   1.5822381e+00   1.8986039e-01   6.9463954e-02
   1.5444369e-01   1.5443901e-01   4.3243632e+00
   5.0885124e-01   1.3084480e+00   2.9076352e-01
   3.7785904e-01   1.7381584e+00   1.5114391e-01
   1.3400914e-01   2.8712815e-01   3.9129136e+00
   1.3794870e+00   1.5327714e-01   6.8974253e-01
   5.2365129e-01   1.0472239e+00   9.5993409e-01
   5.9700559e-01   5.9700563e-01   1.2792976e+00
   2.3432802e-01   1.1137451e-01   3.9044273e+00
