   1.3398038e-01   3.7093571e+00
   1.7044819e+00   7.3049203e-01
   1.3367425e+00   9.9207727e-01
   6.9867444e-01   2.0960238e+00
   1.6675884e+00   7.9925691e-01
   2.1080391e+00   1.0921857e-01
   1.0893397e+00   1.5937631e+00
   1.1316415e+00   1.5000829e+00
   8.0072384e-01   1.7990289e+00
   2.0542959e+00   1.1268289e-01
   4.7104546e-01   2.5102551e+00
   5.8187714e-01   2.4487346e+00
   1.8258292e+00   4.3386030e-01
   4.2152052e-01   2.5469345e+00
   1.3897146e+00   9.3422292e-01
   1.6492809e+00   8.2711681e-01
   1.1619890e+00   1.4202087e+00
   1.4597684e+00   9.0998552e-01
   1.8566050e+00   3.5891440e-01
   2.9704536e-01   3.0784699e+00
   1.7972431e+00   5.0691508e-01
   6.0189077e-01   2.4075631e+00
   1.0110546e+00   1.6923000e+00
   1.1472349e-01   4.0493886e+00
   2.0187845e+00   1.2429884e-01
   6.7443123e-01   2.1833275e+00
   3.9116166e-01   2.6177793e+00
   1.7675899e+00   5.8293226e-01
   6.2856816e-01   2.3363760e+00
   1.9033528e+00   2.5954868e-01
   2.5309702e-01   3.2621401e+00
   1.0344278e+00   1.6734983e+00
   7.1215282e-01   2.0481294e+00
   1.2638231e+00   1.1388819e+00
   1.2917460e+00   1.0740891e+00
   9.0478163e-01   1.7101955e+00
   7.6663368e-01   1.8769306e+00
   3.2483131e-01   2.9234859e+00
   7.8500691e-01   1.8316832e+00
   3.1127273e-01   3.0001434e+00
   7.2553907e-01   2.0020515e+00
   1.1898570e+00   1.3417528e+00
   2.7092250e-01   3.2024447e+00
   1.8115962e+00   4.7001088e-01
   6.6361295e-01   2.2216607e+00
   8.1775606e-01   1.7700788e+00
   1.2155235e-01   3.9302044e+00
   3.3798700e-01   2.8505930e+00
   2.8703069e-01   3.1299999e+00
   1.9637683e-01   3.3103552e+00
   1.7379132e+00   6.5590672e-01
   1.2190268e+00   1.2586721e+00
   1.9212008e+00   2.2779357e-01
   1.2775219e+00   1.1059145e+00
   1.6870161e+00   7.6503981e-01
   3.5097754e-01   2.7827498e+00
   1.7564879e-01   3.3373138e+00
   1.9734871e+00   1.5770836e-01
   6.4078158e-01   2.2985836e+00
   1.2032368e+00   1.3035065e+00
   1.2675741e-01   3.8344123e+00
   8.3664208e-01   1.7455865e+00
   6.5242706e-01   2.2601937e+00
   1.5644537e-01   3.4366971e+00
   5.5347470e-01   2.4875915e+00
   6.1565697e-01   2.3729683e+00
   1.9382556e+00   2.0109947e-01
   1.6340354e-01   3.3888628e+00
   1.1761512e+00   1.3806991e+00
   1.1184428e+00   1.5318960e+00
   1.8714619e+00   3.2508962e-01
   4.3869470e-01   2.5254554e+00
   1.0548142e+00   1.6498373e+00
   1.6281404e+00   8.5378094e-01
   1.0729373e+00   1.6228848e+00
   1.3520736e+00   9.7107690e-01
   4.0578673e-01   2.5779397e+00
   1.1472157e+00   1.4600930e+00
   1.9544126e+00   1.7922560e-01
   1.5692057e+00   8.9809873e-01
   1.7230881e+00   6.9020057e-01
   3.6401693e-01   2.7208767e+00
   1.1044131e+00   1.5632519e+00
   7.3897633e-01   1.9580172e+00
   1.7826266e+00   5.4456216e-01
   1.9924876e+00   1.4079681e-01
   8.6403015e-01   1.7228865e+00
   1.3227921e+00   1.0142964e+00
   1.8869369e+00   2.9197409e-01
   1.7519570e+00   6.2196844e-01
   7.5261667e-01   1.9162374e+00
   1.4150118e+00   9.1999119e-01
   1.3067277e+00   1.0435020e+00
   1.6025682e+00   8.7818753e-01
   1.2504716e+00   1.1729230e+00
   1.3693869e+00   9.5160781e-01
   6.8496124e-01   2.1454569e+00
   3.7733076e-01   2.6656643e+00
   1.2347081e+00   1.2151096e+00
   1.8400854e+00   3.9846139e-01
