   3.2823972e-01   2.8279116e+00
   7.3864389e-01   2.3390403e+00
   7.5317331e-01   2.1436486e+00
   3.3107257e-01   2.7922501e+00
   5.9181628e-02   3.6396764e+00
   1.0517998e-01   3.1817218e+00
   1.2923007e+00   1.5667734e+00
   3.1672138e-01   2.9824638e+00
   3.8370818e-01   2.3967857e+00
   1.3604616e+00   8.6980267e-01
   3.9130854e-01   2.3900462e+00
   5.3038814e-02   3.7355253e+00
   1.3691305e+00   8.3204548e-01
   1.3645017e+00   8.5059846e-01
   8.3305041e-01   1.5933504e+00
   7.5602823e-01   2.1077144e+00
   3.5117133e-01   2.5752594e+00
   1.3320010e+00   1.0810435e+00
   7.6745740e-01   1.9734609e+00
   3.9504719e-04   3.9558827e+00
   3.2539489e-01   2.8647490e+00
   1.3472405e+00   9.5180453e-01
   3.4529754e-01   2.6314045e+00
   1.3727470e+00   8.2013878e-01
   3.0458466e-01   3.1566053e+00
   3.5419081e-01   2.5490114e+00
   1.3443551e+00   9.7349837e-01
   7.7034844e-01   1.9421462e+00
   4.3398741e-03   3.8951718e+00
   3.3672784e-01   2.7244350e+00
   3.7899701e-01   2.4077479e+00
   7.7326786e-01   1.9116885e+00
   1.3222351e+00   1.1819971e+00
   1.3895907e+00   7.9502104e-01
   8.0733034e-01   1.6540430e+00
   9.2938580e-02   3.2262976e+00
   1.3502538e+00   9.3057898e-01
   1.3771258e+00   8.0878806e-01
   4.6524436e-02   3.8305527e+00
   1.3254392e+00   1.1473947e+00
   8.2438062e-01   1.6002683e+00
   3.6377725e-01   2.4782314e+00
   3.4821159e-01   2.6027313e+00
   7.0693739e-02   3.4640159e+00
   3.5728464e-01   2.5240428e+00
   7.9916737e-01   1.6982309e+00
   6.5037731e-02   3.5482104e+00
   7.8865872e-01   1.7719217e+00
   1.2994782e+00   1.4653674e+00
   3.1075830e-01   3.0670496e+00
   1.3388772e+00   1.0182994e+00
   1.3018422e+00   1.4331184e+00
   1.3088865e+00   1.3406812e+00
   7.7622427e-01   1.8820766e+00
   3.1964263e-01   2.9420067e+00
   1.3190657e+00   1.2175957e+00
   8.7263934e-02   3.2690410e+00
   1.3568075e+00   8.8955887e-01
   1.3353897e+00   1.0492338e+00
   3.4241874e-01   2.6612514e+00
   1.3159202e+00   1.2542360e+00
   1.2947101e+00   1.5321675e+00
   1.3112282e+00   1.3112277e+00
   9.8861570e-02   3.1965405e+00
   1.3041963e+00   1.4016054e+00
   7.8229147e-01   1.8253457e+00
   3.7476728e-01   2.4220023e+00
   3.6047215e-01   2.5004179e+00
   3.3956496e-01   2.6922646e+00
   7.6458668e-01   2.0056526e+00
   1.3135721e+00   1.2824140e+00
   7.8542886e-01   1.7982198e+00
   7.5030845e-01   2.1805839e+00
   3.3389944e-01   2.7577628e+00
   7.4742812e-01   2.2185567e+00
   7.9200343e-01   1.7464695e+00
   7.3565126e-01   2.3815124e+00
   1.0749136e-01   3.1805946e+00
   1.3065437e+00   1.3707972e+00
   8.1724652e-02   3.3235086e+00
   8.0308465e-01   1.6755688e+00
   7.6172895e-01   2.0387449e+00
   1.3832800e+00   7.9854977e-01
   3.7087428e-01   2.4387805e+00
   3.2253109e-01   2.9027799e+00
   1.2971017e+00   1.4983749e+00
   7.4160104e-01   2.2977466e+00
   8.1751283e-01   1.6155632e+00
   7.4452742e-01   2.2575978e+00
   1.3286898e+00   1.1137544e+00
   1.3534274e+00   9.0982732e-01
   3.6723062e-01   2.4576209e+00
   7.9549291e-01   1.7218897e+00
   3.0770152e-01   3.1112058e+00
   3.1376258e-01   3.0241368e+00
   7.6229893e-02   3.3887647e+00
   7.5887818e-01   2.0727563e+00
   7.7922774e-01   1.8533013e+00
   1.3415737e+00   9.9566016e-01
   8.1204936e-01   1.6338827e+00
