   1.3361758e+00   1.0413609e+00
   3.9123530e-01   2.3899724e+00
   7.9723995e-01   1.7098042e+00
   3.4816578e-01   2.6023898e+00
   7.4880544e-01   2.1992501e+00
   1.3166307e+00   1.2449063e+00
   7.7765454e-01   1.8674256e+00
   3.7896593e-01   2.4075514e+00
   3.5112616e-01   2.5749282e+00
   7.7467552e-01   1.8966188e+00
   3.0765520e-01   3.1107332e+00
   1.3770410e+00   8.0873836e-01
   3.1667420e-01   2.9820179e+00
   8.1708110e-02   3.3228110e+00
   3.5724103e-01   2.5237352e+00
   8.0102765e-01   1.6866350e+00
   3.3102508e-01   2.7918501e+00
   3.6042965e-01   2.5001228e+00
   7.4006213e-01   2.3180442e+00
   1.3579123e+00   8.8286701e-01
   7.9025053e-01   1.7589441e+00
   7.5167767e-01   2.1617990e+00
   7.8378513e-01   1.8115273e+00
   7.4591576e-01   2.2377475e+00
   1.3452285e+00   9.6615659e-01
   1.3197810e+00   1.2085336e+00
   1.3017687e+00   1.4330408e+00
   1.3261725e+00   1.1388290e+00
   1.3481525e+00   9.4462486e-01
   8.2063903e-01   1.6072864e+00
   7.5453674e-01   2.1253727e+00
   1.0741831e-01   3.1805208e+00
   7.6883463e-01   1.9575291e+00
   1.2946372e+00   1.5320816e+00
   7.4300293e-01   2.2773345e+00
   3.3668073e-01   2.7240526e+00
   3.7473224e-01   2.4217790e+00
   3.2534730e-01   2.8643312e+00
   7.8068623e-01   1.8390670e+00
   3.4525134e-01   2.6310518e+00
   3.1071129e-01   3.0665908e+00
   3.1371550e-01   3.0236836e+00
   1.3726649e+00   8.2008975e-01
   7.8696631e-01   1.7848181e+00
   3.2819207e-01   2.8275038e+00
   3.7083690e-01   2.4385336e+00
   1.3831877e+00   7.9849668e-01
   1.3294364e+00   1.1054277e+00
   7.6023839e-01   2.0554517e+00
   8.3297408e-01   1.5932766e+00
   1.3396916e+00   1.0106436e+00
   5.9164199e-02   3.6387144e+00
   4.2658618e-03   3.8950980e+00
   1.3512155e+00   9.2355283e-01
   7.3708785e-01   2.3599206e+00
   3.8368264e-01   2.3966265e+00
   3.4237208e-01   2.6608893e+00
   8.0509619e-01   1.6645244e+00
   3.9506967e-04   3.9513580e+00
   1.3103738e+00   1.3208987e+00
   1.3424143e+00   9.8816656e-01
   8.1745376e-01   1.6154474e+00
   1.3072512e+00   1.3606082e+00
   3.1959468e-01   2.9415781e+00
   3.3951804e-01   2.6918922e+00
   7.6309121e-01   2.0219137e+00
   1.3327649e+00   1.0729471e+00
   7.7173892e-01   1.9266472e+00
   7.6211588e-02   3.3879813e+00
   1.2994053e+00   1.4652813e+00
   7.9366346e-01   1.7339280e+00
   1.3658851e+00   8.4428495e-01
   1.3544508e+00   9.0296566e-01
   6.5020930e-02   3.5472614e+00
   7.0675345e-02   3.4631492e+00
   8.1460194e-01   1.6243259e+00
   9.2925417e-02   3.2258415e+00
   1.3690502e+00   8.3199510e-01
   5.3025201e-02   3.7345309e+00
   1.0517616e-01   3.1815805e+00
   8.0955643e-01   1.6436451e+00
   8.2432673e-01   1.6001627e+00
   1.2922279e+00   1.5666844e+00
   1.3616795e+00   8.6328595e-01
   3.6373596e-01   2.4779512e+00
   1.3041229e+00   1.4015260e+00
   8.7248143e-02   3.2684617e+00
   3.5414632e-01   2.5486918e+00
   1.3134981e+00   1.2823419e+00
   1.3229580e+00   1.1731876e+00
   9.8852333e-02   3.1962271e+00
   3.6719103e-01   2.4573562e+00
   3.0453856e-01   3.1561269e+00
   1.2970289e+00   1.4982879e+00
   7.6595470e-01   1.9892763e+00
   7.5738838e-01   2.0899346e+00
   3.3385202e-01   2.7573726e+00
   1.3895111e+00   7.9494723e-01
   3.2248360e-01   2.9023526e+00
   4.6512922e-02   3.8296259e+00
