   3.5662323e-01   2.3774612e-01   2.9718284e+00
   1.0586062e+00   7.9498948e-02   1.1925692e+00
   1.0638005e+00   4.4326996e-01   1.6795789e-01
   5.7693709e-01   1.1538740e+00   1.9230073e-01
   7.8082150e-01   3.3456087e-04   2.5655623e+00
   2.6456246e-01   1.1464245e+00   1.1925564e+00
   4.2454392e-04   3.8226927e+00   4.2471292e-01
   4.3661723e-01   1.4553819e+00   2.9104323e-01
   8.0445522e-01   2.3997604e-01   1.2798689e+00
   4.3743883e-04   7.2921240e-01   3.5971073e+00
   7.9124560e-01   7.9122599e-01   1.1303146e-01
   3.4699290e-01   9.2542773e-01   1.2153609e+00
   1.0176628e-01   1.7300487e+00   1.1937213e+00
   5.0008139e-04   1.6681568e-01   4.8376715e+00
   1.9272053e-01   2.2166681e+00   3.8541649e-01
   5.1802133e-01   1.2950379e+00   6.4748858e-02
   3.9786224e-04   2.7062298e+00   1.1937720e+00
   1.1389547e-01   8.1966914e-01   2.3918062e+00
   6.2041255e-01   4.1360398e-01   1.5950962e+00
   1.4167597e+00   1.6668923e-01   5.5561054e-02
   5.4194312e-01   1.0392653e-01   2.3903351e+00
   1.0038173e+00   5.3143235e-01   1.5847607e-04
   4.2352437e-01   7.4116263e-01   1.3551530e+00
   4.1931717e-01   2.0965165e-01   2.4109259e+00
   1.0990058e+00   4.1862706e-01   5.2332827e-02
   6.9924392e-01   9.6146207e-01   1.6951391e-04
   3.9200476e-04   3.9204073e+00   3.9202763e-04
   8.9890056e-01   6.2923022e-01   2.3967694e-01
   6.4625160e-01   1.0154165e+00   2.5850907e-01
   9.2809975e-01   1.5467936e-01   1.1959959e+00
   1.9744207e-01   1.2834031e+00   1.4808561e+00
   1.1757218e+00   3.3592364e-01   1.6790479e-01
   5.8433173e-01   4.8692214e-01   1.2984608e+00
   1.2307204e+00   3.0767964e-01   1.5382483e-04
   1.9799993e+00   1.9797827e-04   1.9799135e-04
   1.1471126e-01   1.5720398e+00   1.7206742e+00
   3.9998028e-01   1.5999141e+00   1.9997276e-04
   4.4409489e-04   1.4820840e+00   2.9640950e+00
   9.7331504e-01   5.2435215e-01   4.5880624e-01
   2.5389099e-01   3.8087275e-01   3.1738125e+00
   9.5759174e-02   2.7768562e+00   2.8720233e-04
   7.2551007e-01   8.8659549e-01   1.8131207e-01
   7.7219155e-01   8.4238999e-01   1.6546363e-04
   1.9333203e+00   2.3125567e-04   3.8656249e-01
   1.8471516e-01   1.3853879e+00   1.1975960e+00
   8.2232386e-01   1.3633432e-04   2.3899149e+00
   4.8325239e-01   1.3530897e+00   2.0710222e-01
   3.2311593e-01   3.2311751e-01   2.4772260e+00
   1.3660437e+00   2.5607772e-04   1.1952831e+00
   1.3177158e-01   6.5890508e-01   3.1627578e+00
   1.1237470e-01   2.5848202e+00   5.6175448e-01
   7.7140717e-01   2.8925987e-01   1.1925821e+00
   1.0298575e+00   4.8463846e-01   1.0840603e-01
   1.6625201e+00   5.7329554e-02   1.7196079e-04
   4.0014815e-04   1.6015181e+00   2.3957506e+00
   2.1714018e-01   5.4284398e-01   2.3900775e+00
   4.7249568e-01   1.1812417e-01   2.9531151e+00
   2.4161028e-01   2.0939635e+00   2.4159716e-04
   8.3578384e-01   1.8574500e-01   1.7645881e+00
   3.1637322e-01   1.7926563e+00   2.3725896e-01
   6.2930992e-01   1.0870247e+00   1.7163521e-04
   6.7543162e-01   3.8593394e-01   1.2072385e+00
   4.7537152e-04   6.3383312e-01   4.1199935e+00
   8.7164371e-01   6.9730861e-01   1.6091038e-04
   4.3025064e-04   2.5830650e+00   1.7220204e+00
   2.2890961e-01   4.5781916e-01   2.7469137e+00
   9.8895335e-01   8.9922530e-02   1.6186046e+00
   1.5753402e+00   7.1691088e-02   5.0182823e-01
   2.9706321e-01   9.9024285e-01   1.5842414e+00
   5.6250419e-01   1.2188038e+00   1.8279525e-04
   8.2481005e-01   7.4983916e-01   5.4984554e-02
   4.8099597e-01   6.6689532e-01   1.2024926e+00
   1.3933753e-01   1.3930834e-01   3.9014529e+00
   2.9923839e-01   1.8951624e+00   2.2441114e-04
   4.7255255e-01   1.4176998e+00   1.9321043e-04
   4.0621875e-01   8.1243740e-01   1.1933168e+00
   3.6442028e-01   1.6752360e+00   7.2884010e-02
   3.1053447e-01   4.6546137e-04   4.3473677e+00
   1.7503737e-01   2.3633128e+00   2.6236144e-04
   1.5348728e+00   1.0963918e-01   1.6441325e-04
   1.3061939e+00   3.0130896e-04   1.7080774e+00
   3.8126528e-01   2.5415625e-04   3.5849586e+00
   9.4951108e-01   5.8426890e-01   5.3115102e-02
   5.8559927e-04   5.8372283e-04   5.8742721e+00
   7.2396390e-01   3.1027582e-01   1.3674848e+00
   1.2956705e+00   2.3557780e-01   2.3557635e-01
   1.1467444e+00   3.8223133e-01   1.5634140e-04
   2.1628618e-01   1.1895433e+00   1.8384248e+00
   1.4492279e+00   1.3256961e-01   3.9770824e-01
   5.5521531e-01   5.5516248e-01   1.1927309e+00
   5.0086630e-01   5.9613731e-01   1.4476884e+00
   1.8702120e-01   1.1505349e-01   3.5849586e+00
   1.3612712e+00   2.0942604e-01   1.5706238e-04
   1.0039979e-01   4.5827116e-04   4.7707812e+00
   2.1066597e-01   2.1050015e+00   8.4259551e-01
   1.0839473e-01   2.4185620e-01   3.5849586e+00
   1.2080848e-01   7.2494872e-01   2.7788872e+00
   1.2697935e+00   2.6753331e-01   5.3506118e-02
   4.1051378e-01   1.5392374e+00   1.3990214e-01
   2.6534894e-01   1.9458685e+00   3.5370314e-01
