   8.2432963e-01   1.6001689e+00
   7.6166780e-01   2.0385754e+00
   7.8536746e-01   1.7980809e+00
   1.3388058e+00   1.0182445e+00
   7.3858315e-01   2.3388454e+00
   3.5724323e-01   2.5237546e+00
   3.5414878e-01   2.5487104e+00
   1.3471684e+00   9.5175265e-01
   3.1071473e-01   3.0666054e+00
   8.7249103e-02   3.2684938e+00
   7.7028687e-01   1.9419908e+00
   3.7896769e-01   2.4075624e+00
   1.3533546e+00   9.0977772e-01
   3.4237475e-01   2.6609094e+00
   7.5024710e-01   2.1804063e+00
   1.3415020e+00   9.9560772e-01
   7.0676998e-02   3.4631895e+00
   7.4736696e-01   2.2183742e+00
   7.5881687e-01   2.0725861e+00
   7.7916643e-01   1.8531538e+00
   8.2064209e-01   1.6072931e+00
   1.2946412e+00   1.5320867e+00
   7.6213094e-02   3.3880196e+00
   7.6452510e-01   2.0054911e+00
   1.3072557e+00   1.3606085e+00
   1.3103780e+00   1.3209032e+00
   3.2819501e-01   2.8275237e+00
   1.3501811e+00   9.3053044e-01
   8.0727164e-01   1.6539222e+00
   1.0742147e-01   3.1805250e+00
   1.3229621e+00   1.1731925e+00
   3.1371780e-01   3.0237145e+00
   7.5311197e-01   2.1434732e+00
   3.8368411e-01   2.3966354e+00
   5.9166543e-02   3.6387474e+00
   3.9487350e-04   3.9516109e+00
   7.9194258e-01   1.7463354e+00
   3.0454076e-01   3.1561598e+00
   7.9543265e-01   1.7217568e+00
   8.1745729e-01   1.6154534e+00
   4.6511937e-02   3.8297007e+00
   9.8852832e-02   3.1962449e+00
   7.6739578e-01   1.9733029e+00
   1.3690544e+00   8.3199926e-01
   1.3041284e+00   1.4015126e+00
   1.2922321e+00   1.5666883e+00
   3.6719334e-01   2.4573708e+00
   7.8223002e-01   1.8252034e+00
   1.2970327e+00   1.4982968e+00
   8.1708994e-02   3.3228509e+00
   3.7083882e-01   2.4385485e+00
   3.0765749e-01   3.1107646e+00
   3.1667698e-01   2.9820416e+00
   3.4525349e-01   2.6310763e+00
   1.3361801e+00   1.0413644e+00
   3.6373839e-01   2.4779666e+00
   7.7320621e-01   1.9115374e+00
   1.3726693e+00   8.2009312e-01
   3.3668339e-01   2.7240741e+00
   3.1959738e-01   2.9416024e+00
   7.4154003e-01   2.2975578e+00
   7.9910728e-01   1.6981029e+00
   3.2534995e-01   2.8643555e+00
   3.6043210e-01   2.5001391e+00
   7.8859754e-01   1.7717855e+00
   9.2926103e-02   3.2258677e+00
   4.2703356e-03   3.8951021e+00
   1.3770463e+00   8.0874002e-01
   1.3327692e+00   1.0729509e+00
   3.7473455e-01   2.4217903e+00
   1.3017731e+00   1.4330417e+00
   1.2994091e+00   1.4652906e+00
   1.3261764e+00   1.1388354e+00
   1.3831931e+00   7.9849951e-01
   6.5021773e-02   3.5473167e+00
   5.3026459e-02   3.7345796e+00
   3.3952078e-01   2.6919123e+00
   7.7616260e-01   1.8819291e+00
   1.3895173e+00   7.9495140e-01
   1.0517569e-01   3.1815891e+00
   3.4816825e-01   2.6024104e+00
   8.3297879e-01   1.5932808e+00
   1.3166347e+00   1.2449121e+00
   1.3644269e+00   8.5055173e-01
   8.0302424e-01   1.6754489e+00
   3.3102761e-01   2.7918746e+00
   7.3559032e-01   2.3813184e+00
   1.3294408e+00   1.1054292e+00
   1.3567335e+00   8.8951414e-01
   8.1199126e-01   1.6337688e+00
   1.3197851e+00   1.2085385e+00
   7.5596670e-01   2.1075440e+00
   3.9123907e-01   2.3899766e+00
   7.4446609e-01   2.2574152e+00
   1.3135018e+00   1.2823522e+00
   1.3603874e+00   8.6975586e-01
   3.3385490e-01   2.7573922e+00
   3.5112884e-01   2.5749457e+00
   1.3442832e+00   9.7344625e-01
   3.2248640e-01   2.9023752e+00
