   3.6385625e-01   2.4787684e+00
   8.7291492e-02   3.2701768e+00
   1.3372638e+00   1.0337737e+00
   1.0763063e-01   3.1807358e+00
   1.3710248e+00   8.2613019e-01
   3.2262254e-01   2.9035902e+00
   1.3059026e+00   1.3811367e+00
   7.4755257e-01   2.2189219e+00
   9.2962354e-02   3.2271840e+00
   7.6758224e-01   1.9737831e+00
   3.0779067e-01   3.1121030e+00
   3.0467285e-01   3.1575224e+00
   7.5043283e-01   2.1809455e+00
   1.3090274e+00   1.3408260e+00
   1.2924401e+00   1.5669413e+00
   1.3346782e+00   1.0572181e+00
   3.3965471e-01   2.6929783e+00
   1.3800052e+00   8.0354704e-01
   7.4465133e-01   2.2579750e+00
   3.2548577e-01   2.8655516e+00
   1.3661174e+00   8.4442841e-01
   3.3681889e-01   2.7251570e+00
   1.3247772e+00   1.1560778e+00
   1.3581395e+00   8.8301471e-01
   3.7905573e-01   2.4081274e+00
   1.3749675e+00   8.1447009e-01
   8.1762424e-01   1.6157898e+00
   7.5329781e-01   2.1440030e+00
   7.8555284e-01   1.7985062e+00
   7.9928942e-01   1.6984897e+00
   1.2972417e+00   1.4985345e+00
   3.3399034e-01   2.7585085e+00
   8.0320463e-01   1.6758259e+00
   3.4250704e-01   2.6619552e+00
   1.3399125e+00   1.0108093e+00
   1.3215822e+00   1.1909314e+00
   7.6471125e-01   2.0059838e+00
   8.1216646e-01   1.6341170e+00
   7.8878264e-01   1.7721994e+00
   3.5125789e-01   2.5758929e+00
   8.0744969e-01   1.6542872e+00
   3.5736795e-01   2.5246333e+00
   7.7634886e-01   1.8823811e+00
   1.3426360e+00   9.8832782e-01
   8.2448684e-01   1.6004655e+00
   3.8375729e-01   2.3970916e+00
   7.3876766e-01   2.3394282e+00
   9.8879563e-02   3.1971441e+00
   7.9212676e-01   1.7467420e+00
   3.4538603e-01   2.6320793e+00
   3.4829865e-01   2.6033914e+00
   1.3514394e+00   9.2370908e-01
   3.6730632e-01   2.4581286e+00
   4.6545883e-02   3.8323307e+00
   3.5427587e-01   2.5496243e+00
   1.3619087e+00   8.6343193e-01
   3.2833099e-01   2.8286912e+00
   3.7483312e-01   2.4224353e+00
   3.1973270e-01   2.9428499e+00
   1.3280152e+00   1.1221980e+00
   5.9212114e-02   3.6415627e+00
   6.5070618e-02   3.5500167e+00
   7.8241589e-01   1.8256366e+00
   1.2948496e+00   1.5323344e+00
   7.5900289e-01   2.0730977e+00
   7.3577428e-01   2.3819141e+00
   3.1681212e-01   2.9833106e+00
   7.7935266e-01   1.8535952e+00
   1.3152781e+00   1.2636995e+00
   1.3483760e+00   9.4477954e-01
   1.3184193e+00   1.2267909e+00
   4.4797469e-03   3.8953130e+00
   8.2080507e-01   1.6076129e+00
   1.3546763e+00   9.0311749e-01
   7.9561554e-01   1.7221567e+00
   3.3116323e-01   2.7930187e+00
   1.0518744e-01   3.1819978e+00
   7.7339260e-01   1.9119985e+00
   3.9145401e-01   2.3901875e+00
   1.3834563e+00   7.9865192e-01
   1.2996182e+00   1.4655259e+00
   8.3319671e-01   1.5934917e+00
   5.3066007e-02   3.7374095e+00
   3.6055359e-01   2.5009823e+00
   7.6185380e-01   2.0390792e+00
   3.1385258e-01   3.0250050e+00
   7.0728367e-02   3.4656848e+00
   8.1755578e-02   3.3248549e+00
   3.7094563e-01   2.4392547e+00
   1.3897263e+00   7.9516227e-01
   7.6262774e-02   3.3902941e+00
   1.3313104e+00   1.0892522e+00
   3.1084761e-01   3.0679373e+00
   7.5615284e-01   2.1080621e+00
   3.9635173e-04   3.9665448e+00
   1.3454504e+00   9.6631952e-01
   7.7047353e-01   1.9424600e+00
   1.3121508e+00   1.3016887e+00
   1.3027681e+00   1.4226883e+00
   7.4172480e-01   2.2981298e+00
