   8.1460191e-01   1.6243260e+00
   1.3095933e+00   1.3307154e+00
   3.3668074e-01   2.7240524e+00
   3.1667430e-01   2.9820165e+00
   3.3951807e-01   2.6918919e+00
   1.3895112e+00   7.9494723e-01
   1.3770409e+00   8.0873870e-01
   1.3064699e+00   1.3707238e+00
   1.3127162e+00   1.2918794e+00
   7.8068626e-01   1.8390668e+00
   3.6373582e-01   2.4779521e+00
   1.0741729e-01   3.1805208e+00
   8.0955647e-01   1.6436449e+00
   7.6883461e-01   1.9575292e+00
   7.5167734e-01   2.1618033e+00
   7.5738825e-01   2.0899361e+00
   1.3253645e+00   1.1473302e+00
   1.3405903e+00   1.0030974e+00
   7.6309131e-01   2.0219125e+00
   1.2946372e+00   1.5320815e+00
   1.3591291e+00   8.7627956e-01
   1.2994049e+00   1.4652862e+00
   7.6023782e-01   2.0554585e+00
   1.3433412e+00   9.8077853e-01
   4.2661456e-03   3.8950980e+00
   3.5414625e-01   2.5486924e+00
   7.6595459e-01   1.9892776e+00
   7.4006246e-01   2.3180397e+00
   3.4237194e-01   2.6608907e+00
   6.5021154e-02   3.5472580e+00
   7.9366356e-01   1.7339274e+00
   8.2432667e-01   1.6001628e+00
   8.0509621e-01   1.6645243e+00
   7.4300307e-01   2.2773325e+00
   3.4816572e-01   2.6023904e+00
   1.3555762e+00   8.9621145e-01
   1.3158461e+00   1.2541657e+00
   3.7896603e-01   2.4075511e+00
   1.3017689e+00   1.4330380e+00
   8.7248087e-02   3.2684622e+00
   1.3286152e+00   1.1136884e+00
   1.2970286e+00   1.4982913e+00
   7.3708790e-01   2.3599200e+00
   3.6719110e-01   2.4573559e+00
   3.7083680e-01   2.4385340e+00
   7.7765426e-01   1.8674283e+00
   3.1371553e-01   3.0236832e+00
   1.2922279e+00   1.5666849e+00
   3.8368263e-01   2.3966265e+00
   4.6512813e-02   3.8296274e+00
   3.1959478e-01   2.9415766e+00
   3.4525124e-01   2.6310527e+00
   1.3379190e+00   1.0258948e+00
   3.2248365e-01   2.9023519e+00
   1.3319258e+00   1.0809824e+00
   7.4591586e-01   2.2377461e+00
   7.6211979e-02   3.3879763e+00
   1.0517623e-01   3.1815805e+00
   8.1707872e-02   3.3228136e+00
   3.0453856e-01   3.1561267e+00
   3.6042962e-01   2.5001230e+00
   8.2063887e-01   1.6072868e+00
   1.3630236e+00   8.5688332e-01
   1.3491565e+00   9.3754975e-01
   3.3385207e-01   2.7573719e+00
   8.0102755e-01   1.6866355e+00
   1.3522719e+00   9.1664064e-01
   7.7467554e-01   1.8966186e+00
   1.3221605e+00   1.1819313e+00
   3.5112646e-01   2.5749254e+00
   3.2534725e-01   2.8643319e+00
   7.9723996e-01   1.7098041e+00
   8.1745457e-01   1.6154451e+00
   3.5724091e-01   2.5237361e+00
   7.9025046e-01   1.7589446e+00
   7.4880549e-01   2.1992494e+00
   9.2925354e-02   3.2258419e+00
   1.3674228e+00   8.3809727e-01
   7.8696622e-01   1.7848188e+00
   3.0765514e-01   3.1107340e+00
   7.0676025e-02   3.4631394e+00
   3.1071116e-01   3.0665927e+00
   7.7173896e-01   1.9266468e+00
   3.7473250e-01   2.4217780e+00
   7.8378490e-01   1.8115293e+00
   9.8852370e-02   3.1962270e+00
   1.3041229e+00   1.4015261e+00
   3.3102494e-01   2.7918519e+00
   5.9165298e-02   3.6386971e+00
   1.3461894e+00   9.5892941e-01
   1.3831876e+00   7.9849675e-01
   8.3297346e-01   1.5932766e+00
   1.3726648e+00   8.2009011e-01
   3.9506502e-04   3.9513582e+00
   1.3353142e+00   1.0491754e+00
   7.5453662e-01   2.1253743e+00
   3.9123620e-01   2.3899724e+00
   1.3189911e+00   1.2175307e+00
   3.2819225e-01   2.8275016e+00
   5.3025233e-02   3.7345304e+00
