   7.6175611e-01   2.0388177e+00
   7.5033543e-01   2.1806635e+00
   3.3958430e-01   2.6924218e+00
   1.3159510e+00   1.2542656e+00
   1.3771613e+00   8.0880809e-01
   1.3434494e+00   9.8085465e-01
   8.0311058e-01   1.6756256e+00
   8.7270242e-02   3.2692849e+00
   3.6724706e-01   2.4577314e+00
   7.6748474e-01   1.9735290e+00
   1.2971321e+00   1.4984111e+00
   1.3631353e+00   8.5695480e-01
   3.4823045e-01   2.6028756e+00
   1.3002979e+00   1.4545697e+00
   1.3523811e+00   9.1671490e-01
   1.3128210e+00   1.2919806e+00
   3.7088968e-01   2.4388841e+00
   7.8545597e-01   1.7982809e+00
   8.1753787e-01   1.6156102e+00
   1.3675362e+00   8.3816731e-01
   7.5320045e-01   2.1437249e+00
   3.1966191e-01   2.9421944e+00
   1.3287209e+00   1.1137805e+00
   3.5119029e-01   2.5753959e+00
   4.6527814e-02   3.8309575e+00
   8.1468704e-01   1.6244960e+00
   3.1378212e-01   3.0243262e+00
   7.9551963e-01   1.7219475e+00
   3.3109247e-01   2.7924151e+00
   3.9134119e-01   2.3900770e+00
   3.0772094e-01   3.1114007e+00
   7.9203008e-01   1.7465301e+00
   3.2541460e-01   2.8649242e+00
   1.0752196e-01   3.1806253e+00
   1.3556862e+00   8.9628403e-01
   3.3391918e-01   2.7579253e+00
   3.4531674e-01   2.6315518e+00
   8.2071973e-01   1.6074451e+00
   1.3034429e+00   1.4120649e+00
   7.3567791e-01   2.3816014e+00
   1.3833184e+00   7.9857190e-01
   5.9188103e-02   3.6400892e+00
   7.0701521e-02   3.4643752e+00
   7.8231856e-01   1.8254088e+00
   1.3727810e+00   8.2015980e-01
   3.5730275e-01   2.5241713e+00
   7.8868575e-01   1.7719815e+00
   8.1732322e-02   3.3237908e+00
   1.3592397e+00   8.7635180e-01
   1.3406975e+00   1.0031796e+00
   9.2943445e-02   3.2264919e+00
   3.2255090e-01   2.9029573e+00
   3.3674767e-01   2.7245918e+00
   1.3320321e+00   1.0810705e+00
   7.6237256e-02   3.3890944e+00
   6.5044969e-02   3.5486019e+00
   1.3096980e+00   1.3308183e+00
   3.1077806e-01   3.0672380e+00
   7.4745544e-01   2.2186328e+00
   3.4243801e-01   2.6614039e+00
   1.2947406e+00   1.5322020e+00
   1.0518271e-01   3.1817801e+00
   3.6048983e-01   2.5005408e+00
   3.6379420e-01   2.4783497e+00
   1.3492659e+00   9.3761986e-01
   1.3380261e+00   1.0259770e+00
   1.3254702e+00   1.1474220e+00
   3.0460358e-01   3.1568087e+00
   1.2923312e+00   1.5668069e+00
   7.6461368e-01   2.0057258e+00
   7.4455431e-01   2.2576807e+00
   1.3222660e+00   1.1820257e+00
   3.1674115e-01   2.9826475e+00
   8.3307785e-01   1.5933811e+00
   3.5420932e-01   2.5491447e+00
   3.7478166e-01   2.4220962e+00
   1.3896143e+00   7.9505176e-01
   7.7925517e-01   1.8533628e+00
   3.7900993e-01   2.4078299e+00
   9.8865839e-02   3.1966699e+00
   7.7625128e-01   1.8821438e+00
   7.9919394e-01   1.6982871e+00
   8.0735633e-01   1.6540960e+00
   8.1207472e-01   1.6339341e+00
   7.4162819e-01   2.2978268e+00
   7.3867082e-01   2.3391247e+00
   7.7037594e-01   1.9422112e+00
   3.2825952e-01   2.8280820e+00
   3.9575791e-04   3.9579008e+00
   7.5605519e-01   2.1077918e+00
   8.2440336e-01   1.6003117e+00
   1.3190964e+00   1.2176265e+00
   1.3065744e+00   1.3708281e+00
   3.8371880e-01   2.3968522e+00
   5.3045419e-02   3.7359249e+00
   7.5890532e-01   2.0728305e+00
   1.3462976e+00   9.5900620e-01
   4.3709380e-03   3.8952025e+00
   1.3354210e+00   1.0492587e+00
   7.7329505e-01   1.9117555e+00
