   5.4192361e-01   1.0392757e-01   2.3903457e+00
   4.2351493e-01   7.4116878e-01   1.3552473e+00
   6.2040477e-01   4.1359965e-01   1.5953179e+00
   1.5755294e+00   7.1627754e-02   5.0134172e-01
   3.2807309e-01   8.8705644e-01   1.9684289e+00
   1.0264107e-01   2.6683843e+00   3.0790651e-01
   2.1108597e-01   2.1111474e+00   7.3878596e-01
   1.0817085e+00   4.1616615e-01   3.0042329e-01
   5.6251701e-01   1.2187773e+00   1.8277689e-04
   4.1929220e-01   2.0964965e-01   2.4110495e+00
   3.1054431e-01   4.6568472e-04   4.3471060e+00
   1.1572989e-01   2.5445488e+00   8.1009386e-01
   2.8343169e-01   1.0316971e+00   1.5116190e+00
   1.2501093e+00   2.7780617e-01   1.1111951e-01
   5.7693468e-01   1.1538780e+00   1.9230875e-01
   2.6537322e-01   1.9457719e+00   3.5383092e-01
   1.3062099e+00   3.0077693e-04   1.7081029e+00
   2.5390777e-01   3.8084651e-01   3.1737521e+00
   2.6452012e-01   1.1462738e+00   1.1926149e+00
   3.5662930e-01   2.3773398e-01   2.9719109e+00
   6.2931900e-01   1.0870076e+00   1.7162890e-04
   8.1299717e-01   3.2541986e-04   2.3916538e+00
   8.3053327e-01   7.5501565e-01   1.6178439e-04
   1.4167823e+00   1.6667604e-01   5.5556995e-02
   7.7218959e-01   8.4239305e-01   1.6545224e-04
   7.9123680e-01   7.9123908e-01   1.1303231e-01
   2.1714075e-01   5.4285410e-01   2.3900747e+00
   6.7541762e-01   3.8594472e-01   1.2072575e+00
   3.4865243e-01   1.7432585e+00   2.0916316e-04
   8.6388844e-01   1.7281267e-01   1.5553064e+00
   2.4160353e-01   2.0939884e+00   2.4157478e-04
   1.9333180e+00   2.3116521e-04   3.8665836e-01
   4.3043737e-04   2.5830490e+00   1.7220314e+00
   4.4679613e-01   1.4297627e+00   2.9784632e-01
   1.6625236e+00   5.7328362e-02   1.7198029e-04
   1.3612708e+00   2.0942625e-01   1.5706621e-04
   1.1320160e-01   1.5811185e+00   1.6980112e+00
   1.2956714e+00   2.3557702e-01   2.3557831e-01
   5.0012354e-04   1.6682018e-01   4.8376453e+00
   1.2082042e-01   7.2491296e-01   2.7788677e+00
   1.7505247e-01   2.3632452e+00   2.6257637e-04
   4.0026537e-04   1.6015053e+00   2.3957553e+00
   1.3675268e+00   2.5635686e-04   1.1937277e+00
   7.4847218e-01   3.7399044e-04   2.9934435e+00
   4.4307757e-04   1.4821299e+00   2.9642125e+00
   9.5754404e-02   2.7768859e+00   2.8725231e-04
   1.0557675e+00   7.9634561e-02   1.1945182e+00
   3.2311601e-01   3.2311781e-01   2.4772230e+00
   1.8471668e-01   1.3853843e+00   1.1975941e+00
   5.5492657e-01   5.5492269e-01   1.1930647e+00
   4.0670544e-01   8.1341697e-01   1.1925353e+00
   1.9800011e+00   1.9794145e-04   1.9799735e-04
   4.6694799e-04   6.3399886e-01   4.1213777e+00
   7.2396329e-01   3.1027818e-01   1.3674640e+00
   5.8432134e-01   4.8693056e-01   1.2985077e+00
   3.7917559e-01   1.6115147e+00   2.2750567e-01
   2.1635780e-01   1.1892919e+00   1.8388358e+00
   7.2546665e-01   8.8666288e-01   1.8134598e-01
   9.0230858e-01   6.5622906e-01   1.5922904e-04
   8.0303339e-01   2.4080477e-01   1.2842435e+00
   4.9093635e-01   1.3748242e+00   1.8747384e-04
   6.9924431e-01   9.6146132e-01   1.6966296e-04
   3.9774537e-04   2.7062378e+00   1.1937728e+00
   4.2433595e-04   3.8227094e+00   4.2473853e-01
   9.7955957e-01   5.5975553e-01   1.5465561e-04
   2.6291093e-01   4.3288187e-02   3.5849586e+00
   1.1389077e+00   3.7964517e-01   5.4230874e-02
   4.3747605e-04   7.2922601e-01   3.5970846e+00
   1.8688420e-01   2.2424193e+00   3.7376831e-01
   1.0587917e+00   4.7055696e-01   1.5684058e-04
   4.9976119e-01   5.9759118e-01   1.4512933e+00
   1.0176696e-01   1.7300427e+00   1.1937226e+00
   1.4506254e+00   1.3188689e-01   3.9566044e-01
   9.8900137e-01   8.9904661e-02   1.6183639e+00
   1.9746054e-01   1.2833764e+00   1.4805745e+00
   6.5554816e-01   1.0134537e+00   1.1922763e-01
   9.3502126e-01   5.9505078e-01   1.1000237e-01
   1.2536773e-01   2.0843538e-01   3.5849586e+00
   1.2160738e+00   3.2002034e-01   1.5856749e-04
   1.3177866e-01   6.5888974e-01   3.1626849e+00
   9.3105866e-01   1.5517494e-01   1.1924986e+00
   1.0076765e+00   5.0383969e-01   1.6794566e-01
   4.7249635e-01   1.1812518e-01   2.9530764e+00
   7.7126302e-01   2.8924475e-01   1.1926489e+00
   8.5936323e-01   6.8748810e-01   1.7187284e-01
   1.1389198e-01   8.1977863e-01   2.3917384e+00
   3.1346718e-01   1.8019059e+00   2.3509751e-01
   2.9923760e-01   1.8951650e+00   2.2439676e-04
   4.8043949e-01   6.6849246e-01   1.2011695e+00
   2.2891059e-01   4.5781730e-01   2.7469125e+00
   3.5723536e-01   8.9309208e-01   1.2503383e+00
   4.1564447e-01   1.5586991e+00   2.0329957e-04
   1.5348610e+00   1.0964478e-01   1.6446306e-04
   5.8349210e-04   5.8382982e-04   5.8743631e+00
   3.8848174e-01   1.9397023e-05   3.5849586e+00
   1.0256033e-01   2.1996990e-04   4.7707812e+00
   1.1638425e+00   3.4230514e-01   2.3276854e-01
   5.2374494e-01   1.2720840e+00   1.3093079e-01
   1.3933086e-01   1.3931998e-01   3.9014296e+00
   3.9202428e-04   3.9204053e+00   3.9203466e-04
