   9.8865418e-02   3.1966514e+00
   1.2915194e+00   1.5785235e+00
   1.2963325e+00   1.5095817e+00
   7.3567458e-01   2.3815840e+00
   1.3034389e+00   1.4120574e+00
   3.9571314e-04   3.9576109e+00
   3.4822785e-01   2.6028555e+00
   3.1077503e-01   3.0672162e+00
   3.1965915e-01   2.9421698e+00
   3.2541184e-01   2.8649004e+00
   1.3311935e+00   1.0891582e+00
   1.3183038e+00   1.2266843e+00
   1.3545559e+00   9.0303665e-01
   3.5730026e-01   2.5241535e+00
   3.1377946e-01   3.0242993e+00
   1.3151631e+00   1.2635880e+00
   3.7477950e-01   2.4220839e+00
   5.9187285e-02   3.6400310e+00
   7.6175228e-01   2.0388085e+00
   3.3391651e-01   2.7579022e+00
   7.8545214e-01   1.7982732e+00
   1.3397945e+00   1.0107220e+00
   3.4243540e-01   2.6613821e+00
   8.2439999e-01   1.6003061e+00
   3.3674480e-01   2.7245715e+00
   1.3896085e+00   7.9504752e-01
   3.7900824e-01   2.4078183e+00
   1.3089129e+00   1.3407083e+00
   7.6236256e-02   3.3890486e+00
   7.9919022e-01   1.6982796e+00
   7.7624756e-01   1.8821344e+00
   4.3667228e-03   3.8951983e+00
   1.2939357e+00   1.5436358e+00
   1.3425175e+00   9.8824317e-01
   3.6048731e-01   2.5005243e+00
   7.7329105e-01   1.9117487e+00
   7.6748081e-01   1.9735214e+00
   3.1673852e-01   2.9826208e+00
   3.6724487e-01   2.4577157e+00
   3.9133702e-01   2.3900727e+00
   1.2987137e+00   1.4763155e+00
   3.2825692e-01   2.8280566e+00
   7.9551589e-01   1.7219398e+00
   9.2943292e-02   3.2264618e+00
   3.0771829e-01   3.1113732e+00
   1.3482567e+00   9.4469691e-01
   3.6379186e-01   2.4783333e+00
   3.8371702e-01   2.3968436e+00
   1.3120354e+00   1.3015810e+00
   1.3010817e+00   1.4438143e+00
   7.5033165e-01   2.1806532e+00
   3.3958178e-01   2.6923984e+00
   1.3617862e+00   8.6335457e-01
   1.3278989e+00   1.1220987e+00
   1.3708983e+00   8.2605409e-01
   3.5118772e-01   2.5753766e+00
   1.3659934e+00   8.4435189e-01
   8.3307090e-01   1.5933769e+00
   7.4455057e-01   2.2576695e+00
   8.0310692e-01   1.6756182e+00
   8.2071648e-01   1.6074386e+00
   1.3453317e+00   9.6623473e-01
   4.6528827e-02   3.8308813e+00
   7.7925144e-01   1.8533538e+00
   6.5044317e-02   3.5485424e+00
   7.5319676e-01   2.1437137e+00
   7.4745141e-01   2.2186256e+00
   7.5890154e-01   2.0728206e+00
   7.4162408e-01   2.2978206e+00
   8.1731487e-02   3.3237493e+00
   1.3246610e+00   1.1559776e+00
   8.7269498e-02   3.2692501e+00
   7.9202656e-01   1.7465206e+00
   1.0751647e-01   3.1806211e+00
   1.3513194e+00   9.2362898e-01
   1.3771561e+00   8.0880594e-01
   5.3044740e-02   3.7358660e+00
   7.8868188e-01   1.7719743e+00
   8.0735274e-01   1.6540887e+00
   8.1207067e-01   1.6339291e+00
   3.4531410e-01   2.6315313e+00
   3.0460116e-01   3.1567777e+00
   1.3580188e+00   8.8293309e-01
   1.3833131e+00   7.9856878e-01
   1.0518244e-01   3.1817719e+00
   3.5420657e-01   2.5491278e+00
   8.1753364e-01   1.6156059e+00
   3.2254815e-01   2.9029329e+00
   7.3866726e-01   2.3391107e+00
   7.5605155e-01   2.1077799e+00
   3.7088785e-01   2.4388684e+00
   1.3371465e+00   1.0336806e+00
   7.8231469e-01   1.8254012e+00
   1.3057881e+00   1.3810190e+00
   3.3108924e-01   2.7923983e+00
   7.7037187e-01   1.9422052e+00
   1.3345613e+00   1.0571239e+00
   7.0700264e-02   3.4643282e+00
   7.6460993e-01   2.0057159e+00
   1.3214664e+00   1.1908280e+00
