   1.0457860e-01   7.5136736e-05   4.7707812e+00
   5.0034682e-04   1.6683018e-01   4.8375748e+00
   4.2447138e-04   3.8227121e+00   4.2461566e-01
   1.6625241e+00   5.7328190e-02   1.7196446e-04
   4.9974249e-01   5.9761612e-01   1.4513511e+00
   4.0621499e-01   8.1245545e-01   1.1933106e+00
   1.1757553e+00   3.3589441e-01   1.6790019e-01
   2.1108505e-01   2.1111503e+00   7.3879633e-01
   4.1930914e-01   2.0965128e-01   2.4109644e+00
   5.7914194e-01   4.8262656e-01   1.4064801e+00
   9.8150864e-01   5.2850835e-01   2.3488157e-01
   4.8058867e-01   6.6807320e-01   1.2014966e+00
   6.4621785e-01   1.0154851e+00   2.5842586e-01
   1.0517286e+00   4.6740963e-01   5.2566953e-02
   4.3739379e-04   7.2922892e-01   3.5970854e+00
   1.0578421e+00   7.9521925e-02   1.1928870e+00
   1.0263366e-01   2.6684291e+00   3.0789920e-01
   8.0887800e-01   3.2661745e-04   2.3980595e+00
   8.9268327e-01   6.1801388e-01   5.4934652e-01
   4.0014108e-04   1.6014681e+00   2.3957966e+00
   4.4459048e-04   1.4820529e+00   2.9641119e+00
   5.2201881e-01   1.3050184e+00   1.8641183e-04
   2.7092742e-01   1.0834358e+00   1.3546235e+00
   3.1053071e-01   4.6368749e-04   4.3479237e+00
   1.3661285e+00   2.5611265e-04   1.1951771e+00
   3.9751852e-04   2.7062347e+00   1.1937823e+00
   2.2890539e-01   4.5782502e-01   2.7469434e+00
   4.7249762e-01   1.1812311e-01   2.9531012e+00
   7.7214543e-01   8.4246175e-01   1.6544880e-04
   1.4506058e+00   1.3189678e-01   3.9567951e-01
   1.1387019e-01   8.2057241e-01   2.3912764e+00
   2.6466175e-01   1.1468600e+00   1.1924521e+00
   4.5567870e-01   1.4581604e+00   1.9527187e-04
   2.1726715e-01   1.1949742e+00   1.7381338e+00
   1.3635039e+00   1.8595799e-01   3.0990037e-01
   3.7917875e-01   1.6115081e+00   2.2748749e-01
   1.1467338e+00   3.8224128e-01   1.5636129e-04
   4.2353110e-01   7.4112787e-01   1.3553303e+00
   1.0176598e-01   1.7300449e+00   1.1937240e+00
   1.9306264e-01   1.3517647e+00   1.2049664e+00
   1.2010119e-01   2.1837577e-01   3.5849586e+00
   1.3931945e-01   1.3933564e-01   3.9014505e+00
   1.5753136e+00   7.1699907e-02   5.0190106e-01
   1.0218787e+00   5.1093480e-01   1.5328018e-04
   2.9923849e-01   1.8951621e+00   2.2435220e-04
   3.1340663e-01   1.8021026e+00   2.3502423e-01
   1.3177411e-01   6.5890090e-01   3.1627142e+00
   4.3702289e-01   6.5553408e-01   2.1850248e+00
   8.3577888e-01   1.8574831e-01   1.7646039e+00
   1.2786252e+00   2.5573120e-01   1.1118366e-01
   3.5661956e-01   2.3774903e-01   2.9718605e+00
   7.3188342e-01   3.1366567e-01   1.2546912e+00
   2.0296183e-01   9.6562062e-02   3.5849586e+00
   1.9800276e+00   1.9741593e-04   1.9783453e-04
   7.9123784e-01   7.9123733e-01   1.1303387e-01
   3.4704341e-01   9.2550384e-01   1.2148299e+00
   8.5932351e-01   6.8754200e-01   1.7187699e-01
   1.1569014e-01   2.5447890e+00   8.0983341e-01
   6.2538274e-01   1.0944356e+00   1.7280393e-04
   5.4233574e-01   1.0391871e-01   2.3901407e+00
   3.2311027e-01   3.2310667e-01   2.4773593e+00
   1.2081659e-01   7.2491809e-01   2.7789366e+00
   1.3062028e+00   3.0110289e-04   1.7080444e+00
   8.3052176e-01   7.5503227e-01   1.6173408e-04
   4.6378828e-04   6.3408780e-01   4.1216591e+00
   5.7884483e-01   1.1576724e+00   1.2862779e-01
   9.1190209e-01   6.4370966e-01   1.6092030e-04
   2.5390302e-01   3.8085438e-01   3.1737617e+00
   9.5741573e-02   2.7769658e+00   2.8725079e-04
   2.6541525e-01   1.9456215e+00   3.5388846e-01
   1.0817497e+00   4.1612265e-01   3.0045958e-01
   6.3506347e-01   4.2338882e-01   1.2701637e+00
   3.5769745e-01   1.7170046e+00   2.1459864e-04
   1.3408140e+00   2.2345905e-01   1.6089498e-04
   2.1710865e-01   5.4275914e-01   2.3901173e+00
   8.3710898e-01   2.2833955e-01   1.1925624e+00
   3.8090174e-01   2.7308255e-04   3.5849586e+00
   6.8506688e-01   3.8058824e-01   1.1940846e+00
   2.9626587e-01   9.8383513e-01   1.6788494e+00
   6.9923512e-01   9.6147706e-01   1.6967051e-04
   1.5348732e+00   1.0963897e-01   1.6444844e-04
   5.5526690e-01   5.5528606e-01   1.1926546e+00
   1.8750264e-01   2.2503014e+00   2.8119750e-01
   3.9204794e-04   3.9204030e+00   3.9202265e-04
   4.3035922e-04   2.5830439e+00   1.7221218e+00
   9.4948744e-01   5.8429875e-01   5.3108921e-02
   5.4276510e-01   1.2157897e+00   2.7138130e-01
   4.8012165e-01   1.3604590e+00   2.0575019e-01
   1.9333039e+00   2.3147281e-04   3.8665720e-01
   1.2307234e+00   3.0767715e-01   1.5380965e-04
   4.1236115e-01   1.5462503e+00   6.8726161e-02
   7.2546202e-01   8.8666988e-01   1.8135130e-01
   9.8901863e-01   8.9898418e-02   1.6182720e+00
   2.4160391e-01   2.0939870e+00   2.4160039e-04
   9.1195430e-01   1.5660929e-01   1.2528299e+00
   1.1321344e-01   1.5810468e+00   1.6981897e+00
   1.4168250e+00   1.6665139e-01   5.5546667e-02
   1.7032225e-01   2.3845149e+00   2.5542367e-04
   7.6733489e-01   2.5577793e-01   1.5345864e+00
   5.7697216e-04   5.8333702e-04   5.8746711e+00
