   9.8796949e-01   2.0241343e+00
   1.5990690e+00   8.0193522e-01
   4.8507178e-01   3.0299297e+00
   1.0326600e+00   1.9347533e+00
   1.3046061e+00   1.3908610e+00
   1.3753532e+00   1.2493668e+00
   3.5701936e-01   3.2860346e+00
   8.2541228e-01   2.3492487e+00
   1.9048081e-01   3.6191116e+00
   5.5227052e-02   3.8896192e+00
   1.7064536e+00   5.8716604e-01
   1.2489913e+00   1.5020907e+00
   9.4191359e-01   2.1162461e+00
   1.6717419e+00   6.5658940e-01
   1.8237548e+00   3.5256364e-01
   9.0404469e-01   2.1919839e+00
   1.1591129e+00   1.6818475e+00
   2.5468186e-01   3.4907095e+00
   1.9424232e+00   1.1522693e-01
   1.2403198e-01   3.7520093e+00
   3.1746145e-02   3.9365810e+00
   1.6331664e+00   7.3374051e-01
   1.6526144e+00   6.9484437e-01
   2.7561003e-01   3.4488532e+00
   3.3700252e-01   3.3260682e+00
   1.5460406e+00   9.0799205e-01
   2.3352602e-01   3.5330212e+00
   1.9613003e+00   7.7472577e-02
   1.9999374e+00   1.9839097e-04
   6.7775242e-01   2.6445684e+00
   8.6521918e-01   2.2696349e+00
   1.1387910e+00   1.7224912e+00
   1.0104825e+00   1.9791082e+00
   1.8564111e+00   2.8725112e-01
   1.4715820e+00   1.0569093e+00
   3.1676511e-01   3.3665430e+00
   4.0934111e-01   3.1813910e+00
   1.7553625e+00   4.8934823e-01
   6.9968326e-01   2.6007067e+00
   7.8432778e-02   3.8432077e+00
   5.1568785e-01   2.9686976e+00
   1.3580168e+00   1.2840396e+00
   1.0136543e-01   3.7973424e+00
   7.6376767e-01   2.4725379e+00
   4.6018770e-01   3.0796979e+00
   2.1212492e-01   3.5758234e+00
   6.1018066e-01   2.7797119e+00
   1.7221250e+00   5.5582317e-01
   1.8723755e+00   2.5532219e-01
   1.9057940e+00   1.8848530e-01
   8.8475343e-01   2.2305664e+00
   1.3404481e+00   1.3191770e+00
   1.4643768e-01   3.7071979e+00
   1.8881031e+00   2.2386699e-01
   8.4544221e-01   2.3091888e+00
   9.6511594e-01   2.0698414e+00
   5.8704137e-01   2.8259905e+00
   9.2309602e-01   2.1538812e+00
   3.9982703e-04   3.9992736e+00
   6.5553007e-01   2.6890131e+00
   1.5278399e+00   9.4439343e-01
   1.4127038e+00   1.1746657e+00
   5.6358413e-01   2.8729050e+00
   1.7728607e+00   4.5435191e-01
   1.5816499e+00   8.3677352e-01
   1.6905613e+00   6.1895068e-01
   1.0760437e+00   1.8479859e+00
   1.1181785e+00   1.7637163e+00
   1.7375878e+00   5.2489756e-01
   1.2677823e+00   1.4645087e+00
   1.3226472e+00   1.3547788e+00
   6.3300830e-01   2.7340567e+00
   1.6858487e-01   3.6629035e+00
   1.8070508e+00   3.8597176e-01
   1.4522557e+00   1.0955618e+00
   7.2132469e-01   2.5574239e+00
   1.4326327e+00   1.1348079e+00
   1.2106221e+00   1.5788291e+00
   1.4906164e+00   1.0188404e+00
   1.5639755e+00   8.7212231e-01
   1.9231923e+00   1.5368874e-01
   1.2299391e+00   1.5401951e+00
   7.8458218e-01   2.4309089e+00
   1.6162394e+00   7.6759438e-01
   1.0545116e+00   1.8910501e+00
   1.1949718e+00   1.6101296e+00
   2.9630147e-01   3.4074703e+00
   1.7900879e+00   4.1989743e-01
   1.8402065e+00   3.1966035e-01
   8.0512655e-01   2.3898202e+00
   7.4268460e-01   2.5147041e+00
   1.5093686e+00   9.8133612e-01
   1.0972637e+00   1.8055459e+00
   1.1791470e+00   1.6417793e+00
   5.3980039e-01   2.9204725e+00
   3.8337337e-01   3.2333265e+00
   4.3494726e-01   3.1301787e+00
   1.2863194e+00   1.4274346e+00
   1.3924637e+00   1.2151458e+00
   1.9798360e+00   4.0401249e-02
