   1.7999875e+00   1.6000058e+00   3.9999979e-01
   2.4747056e+00   1.1548645e+00   1.3192800e+00
   1.5281106e+00   1.3759751e+00   1.5289048e+00
   1.4999847e+00   1.7500077e+00   2.4999989e-01
   1.3333203e+00   1.8333387e+00   1.6666671e-01
   1.3278199e+00   1.6900189e+00   6.0357604e-01
   2.5069046e+00   1.0743872e+00   1.7866710e+00
   1.4605200e+00   1.5932878e+00   7.9579984e-01
   1.5713624e+00   1.7143128e+00   2.8571653e-01
   1.9999952e+00   1.5000064e+00   5.0000137e-01
   2.6666679e+00   1.1666670e+00   8.3333540e-01
   2.4205917e+00   1.0085784e+00   2.6215486e+00
   1.2221413e+00   1.8889194e+00   1.1111205e-01
   2.1428352e+00   1.4285803e+00   5.7143158e-01
   2.1157576e+00   1.3600114e+00   9.0646807e-01
   1.4287032e-01   2.8571693e-01   5.1428966e+00
   2.3356766e+00   1.2456963e+00   1.0857714e+00
   2.3598225e+00   1.0891486e+00   1.9960957e+00
   4.4445082e-01   8.8889956e-01   3.3333812e+00
   1.2033815e+00   1.6846804e+00   7.2192800e-01
   2.0629502e+00   1.1252486e+00   2.2476542e+00
   1.8339934e+00   1.3754890e+00   1.2226574e+00
   2.9986774e+00   1.0005003e+00   1.0004659e+00
   4.1380316e-01   8.2756626e-01   3.5173241e+00
   2.6730155e+00   1.0685167e+00   1.4246797e+00
   1.3829304e+00   1.5217452e+00   1.1067405e+00
   1.8888585e+00   1.5555659e+00   4.4444764e-01
   1.8816329e+00   1.4473703e+00   8.6735745e-01
   3.8710212e-01   7.7420417e-01   3.6774703e+00
   2.5000323e-01   5.0000644e-01   4.5000636e+00
   4.2857735e-01   8.5715469e-01   3.4286189e+00
   1.4268191e+00   1.7834708e+00   2.2287901e-01
   2.3332856e+00   1.3333527e+00   6.6666542e-01
   1.7845654e+00   1.2980691e+00   1.6227093e+00
   5.8536625e-01   1.1707527e+00   2.4878551e+00
   2.0899889e+00   1.2864907e+00   1.2865018e+00
   1.4500332e+00   1.4507250e+00   1.3056501e+00
   2.0000387e-01   4.0000472e-01   4.8000643e+00
   6.9767508e-01   1.3953772e+00   1.8139920e+00
   2.8571824e-01   5.7143638e-01   4.2857737e+00
   2.2244970e+00   1.1978080e+00   1.5393474e+00
   2.7273105e-01   5.4546209e-01   4.3636967e+00
   3.0000412e-01   6.0000830e-01   4.2000582e+00
   1.8750423e-01   3.7500469e-01   4.8750632e+00
   1.2501211e-01   2.5000207e-01   5.2500435e+00
   5.7143039e-01   1.1428112e+00   2.5715750e+00
   1.7006586e+00   1.5621675e+00   6.5408620e-01
   9.0000438e-01   1.8000480e+00   5.9999787e-01
   3.5294608e-01   7.0589185e-01   3.8824070e+00
   3.0734073e-04   5.9960892e-04   5.9982615e+00
   5.0001142e-01   1.0000108e+00   3.0000325e+00
   2.7776845e+00   1.1111512e+00   8.8892169e-01
   1.7129013e+00   1.4284052e+00   1.1427336e+00
   3.7500941e-01   7.5000842e-01   3.7500421e+00
   1.6666130e+00   1.6666861e+00   3.3333356e-01
   3.3333828e-01   6.6667575e-01   4.0000545e+00
   2.5999645e+00   1.2000174e+00   7.9998699e-01
   6.6667378e-01   1.3333602e+00   2.0000214e+00
   1.9066175e+00   1.2138274e+00   1.9074898e+00
   6.3158895e-01   1.2631698e+00   2.2105614e+00
   8.4000107e-01   1.6800377e+00   9.6002315e-01
   6.8184641e-01   1.3636366e+00   1.9090889e+00
   1.1112266e-01   2.2222371e-01   5.3333794e+00
   6.4864764e-01   1.2973193e+00   2.1081610e+00
   9.4737174e-01   1.8947856e+00   3.1578942e-01
   1.7648236e-01   3.5294398e-01   4.9412199e+00
   8.1819116e-01   1.6363920e+00   1.0909216e+00
   9.8276168e-01   1.9655676e+00   1.0344654e-01
   7.8261254e-01   1.5652572e+00   1.3043595e+00
   5.2942207e-01   1.0587971e+00   2.8236211e+00
   9.2308271e-01   1.8462060e+00   4.6152577e-01
   7.1428709e-01   1.4286022e+00   1.7143184e+00
   2.4999936e+00   1.2500047e+00   7.4999778e-01
   5.1725631e-01   1.0344914e+00   2.8965770e+00
   7.6925274e-01   1.5384440e+00   1.3846588e+00
   1.7680682e-02   3.5347153e-02   5.8940202e+00
   9.6782201e-02   1.9354872e-01   5.4194133e+00
   5.4546181e-01   1.0909256e+00   2.7273091e+00
   4.8387462e-01   9.6775616e-01   3.0968249e+00
   6.1767403e-01   1.2352957e+00   2.2941173e+00
   4.7370680e-01   9.4736992e-01   3.1579077e+00
   9.6774492e-01   1.9355331e+00   1.9354851e-01
   8.8235695e-01   1.7647521e+00   7.0588405e-01
   6.0000556e-01   1.2000322e+00   2.4000179e+00
   7.5000472e-01   1.5000396e+00   1.5000094e+00
   2.3077273e-01   4.6154431e-01   4.6154483e+00
   9.9998295e-01   1.9998904e+00   2.9847753e-04
   2.6008751e+00   1.0002929e+00   2.1942609e+00
   8.9197095e-03   1.7824343e-02   5.9465873e+00
   7.3171026e-01   1.4634496e+00   1.6097778e+00
   4.0000218e-01   8.0001262e-01   3.6000575e+00
   2.1429070e-01   4.2857687e-01   4.7143456e+00
   4.4798902e-03   8.9449261e-03   5.9732259e+00
   4.6154625e-01   9.2308024e-01   3.2308239e+00
   1.7967731e-03   3.5785401e-03   5.9893248e+00
   8.0000473e-01   1.6000427e+00   1.2000048e+00
   2.6087317e-01   5.2174633e-01   4.4348440e+00
   1.5790618e-01   3.1579210e-01   5.0526763e+00
   8.5714924e-01   1.7143351e+00   8.5713258e-01
   3.1579382e-01   6.3158757e-01   4.1053202e+00
