   1.3688746e+00   1.3689744e+00   1.6732015e+00
   3.0000029e-01   6.0000021e-01   4.2000090e+00
   1.7999644e+00   1.6000142e+00   3.9999506e-01
   1.4515353e+00   1.2911626e+00   1.9367911e+00
   2.7701687e+00   1.0388062e+00   1.3823873e+00
   1.5714217e+00   1.7142875e+00   2.8571946e-01
   8.8235355e-01   1.7647118e+00   7.0588185e-01
   1.2025892e+00   1.6848333e+00   7.2208785e-01
   1.7352921e+00   1.2147675e+00   2.0825185e+00
   1.5005296e+00   1.6321365e+00   6.2773941e-01
   2.6086864e-01   5.2173678e-01   4.4347991e+00
   2.5999945e+00   1.2000026e+00   8.0000244e-01
   2.0905259e+00   1.2864801e+00   1.2858625e+00
   1.4999865e+00   1.7500051e+00   2.5000182e-01
   1.9999803e+00   1.5000076e+00   4.9999991e-01
   2.3077037e-01   4.6153905e-01   4.6153905e+00
   7.6923203e-01   1.5384565e+00   1.3846293e+00
   9.6775761e-02   1.9354896e-01   5.4193595e+00
   1.7848889e+00   1.2981082e+00   1.6221975e+00
   2.3349729e+00   1.2453192e+00   1.0889035e+00
   7.5000061e-01   1.5000046e+00   1.5000014e+00
   1.2819827e+00   1.7481463e+00   4.6614246e-01
   2.2318086e+00   1.1158838e+00   2.0435790e+00
   2.0000084e-01   4.0000057e-01   4.8000068e+00
   2.5354881e+00   1.0866233e+00   1.6297767e+00
   9.4736877e-01   1.8947427e+00   3.1578979e-01
   1.8815231e+00   1.4473064e+00   8.6767398e-01
   2.3694393e+00   1.1846950e+00   1.3538521e+00
   1.6633885e+00   1.5248041e+00   8.3050017e-01
   2.3333255e+00   1.3333381e+00   6.6666316e-01
   8.4000039e-01   1.6800051e+00   9.6000130e-01
   4.6153953e-01   9.2307380e-01   3.2307809e+00
   4.4444629e-01   8.8888977e-01   3.3333366e+00
   8.0000673e-01   1.6000175e+00   1.1999637e+00
   4.2857286e-01   8.5714393e-01   3.4285757e+00
   1.3999722e+00   1.8000120e+00   1.9999636e-01
   1.5988337e+00   1.4534807e+00   1.1625351e+00
   2.0703871e+00   1.2077773e+00   1.7253452e+00
   1.6666174e+00   1.6666847e+00   3.3333585e-01
   1.6838704e+00   1.3779029e+00   1.3779308e+00
   2.1428588e+00   1.4285715e+00   5.7143131e-01
   2.4206537e+00   1.0086171e+00   2.6206245e+00
   1.7966222e-03   3.5913943e-03   5.9892332e+00
   2.5000100e-01   5.0000068e-01   4.5000061e+00
   1.2221974e+00   1.8888990e+00   1.1111065e-01
   1.3076476e+00   1.8461738e+00   1.5383474e-01
   2.7777861e+00   1.1111059e+00   8.8890178e-01
   9.6774229e-01   1.9354899e+00   1.9354845e-01
   1.3824708e+00   1.5218416e+00   1.1067781e+00
   8.5714370e-01   1.7142902e+00   8.5714370e-01
   3.1578990e-01   6.3157993e-01   4.1052706e+00
   2.4999909e+00   1.2500029e+00   7.5000399e-01
   3.5294190e-01   7.0588360e-01   3.8823591e+00
   8.9197222e-03   1.7837584e-02   5.9464946e+00
   7.8260961e-01   1.5652232e+00   1.3043466e+00
   1.7647137e-01   3.5294086e-01   4.9411848e+00
   9.0000028e-01   1.8000054e+00   6.0000129e-01
   7.3170791e-01   1.4634194e+00   1.6097574e+00
   1.9781197e+00   1.3693947e+00   1.0644665e+00
   6.4285777e-01   1.2857185e+00   2.1428592e+00
   5.8536678e-01   1.1707337e+00   2.4878092e+00
   2.5990022e+00   1.0003032e+00   2.1997592e+00
   1.8888737e+00   1.5555636e+00   4.4444311e-01
   1.5789678e-01   3.1579053e-01   5.0526340e+00
   1.4285793e-01   2.8571421e-01   5.1428651e+00
   2.9986503e+00   1.0005133e+00   1.0004550e+00
   4.9999893e-01   9.9999546e-01   3.0000202e+00
   3.8709928e-01   7.7419672e-01   3.6774173e+00
   7.2000208e-01   1.4399970e+00   1.6800085e+00
   2.8571712e-01   5.7143297e-01   4.2857094e+00
   5.2174061e-01   1.0434755e+00   2.8695751e+00
   9.9996425e-01   1.9999192e+00   2.3856634e-04
   9.8275923e-01   1.9655239e+00   1.0344664e-01
   6.8182467e-01   1.3636424e+00   1.9090725e+00
   4.7368697e-01   9.4736858e-01   3.1578964e+00
   2.1428606e-01   4.2857181e-01   4.7142943e+00
   3.0079599e-04   5.9974458e-04   5.9982082e+00
   4.0000134e-01   8.0000107e-01   3.6000045e+00
   1.8750135e-01   3.7500042e-01   4.8750055e+00
   9.2307758e-01   1.8461601e+00   4.6153722e-01
   6.2069018e-01   1.2413808e+00   2.2758685e+00
   1.7680791e-02   3.5359815e-02   5.8939281e+00
   2.0329964e+00   1.1093981e+00   2.4036965e+00
   5.7142956e-01   1.1428530e+00   2.5714419e+00
   2.7272803e-01   5.4545538e-01   4.3636430e+00
   3.3333370e-01   6.6666785e-01   4.0000073e+00
   7.0588146e-01   1.4117663e+00   1.7647164e+00
   8.1818241e-01   1.6363690e+00   1.0909094e+00
   1.2500204e-01   2.5000130e-01   5.2500021e+00
   4.4797885e-03   8.9577601e-03   5.9731342e+00
   4.1379433e-01   8.2758374e-01   3.5172516e+00
   2.6666789e+00   1.1666595e+00   8.3335019e-01
   5.4545560e-01   1.0909053e+00   2.7272854e+00
   6.0000091e-01   1.2000021e+00   2.4000043e+00
   3.7500058e-01   7.5000116e-01   3.7500067e+00
   6.6666777e-01   1.3333386e+00   1.9999989e+00
   1.1111311e-01   2.2222355e-01   5.3333355e+00
   6.3158033e-01   1.2631587e+00   2.2105311e+00
   4.8387224e-01   9.6774252e-01   3.0967797e+00
   3.4285774e-01   6.8571530e-01   3.9428640e+00
