   1.2403124e-01   3.7519595e+00
   1.7997898e+00   4.0044224e-01
   1.8858454e+00   2.2833109e-01
   1.5247618e+00   9.5049824e-01
   1.4093341e+00   1.1813536e+00
   1.8494723e+00   3.0107735e-01
   1.7195078e+00   5.6100623e-01
   6.2732197e-01   2.7453780e+00
   1.9999112e+00   1.9943943e-04
   1.5609842e+00   8.7805360e-01
   2.9629850e-01   3.4074249e+00
   4.5390192e-01   3.0922181e+00
   2.5468226e-01   3.4906574e+00
   5.5766132e-01   2.8846993e+00
   4.1577391e-01   3.1684741e+00
   9.6049122e-01   2.0790395e+00
   5.2778007e-01   2.9444618e+00
   1.1550566e+00   1.6899087e+00
   3.9927081e-04   3.9992234e+00
   1.0136485e-01   3.7972923e+00
   1.0717482e+00   1.8565255e+00
   1.9402786e+00   1.1946484e-01
   7.5851314e-01   2.4829957e+00
   1.7037983e+00   5.9242541e-01
   1.0059937e+00   1.9880346e+00
   8.0000467e-01   2.4000126e+00
   2.3352284e-01   3.5329762e+00
   3.1676228e-01   3.3664974e+00
   1.3009512e+00   1.3981194e+00
   1.5062440e+00   9.8753395e-01
   4.9737597e-01   3.0052700e+00
   1.3890416e+00   1.2219388e+00
   1.8166038e+00   3.6681426e-01
   1.2640285e+00   1.4719649e+00
   1.7827148e+00   4.3459235e-01
   1.4643556e-01   3.7071508e+00
   1.1949611e+00   1.6100997e+00
   1.9047729e-01   3.6190673e+00
   4.3493822e-01   3.1301456e+00
   2.1212213e-01   3.5757777e+00
   8.4044711e-01   2.3191277e+00
   1.6303408e+00   7.3934036e-01
   8.6028715e-01   2.2794476e+00
   3.7681181e-01   3.2463983e+00
   3.5701470e-01   3.2859925e+00
   9.1834084e-01   2.1633402e+00
   8.2035418e-01   2.3593136e+00
   1.1140032e+00   1.7720156e+00
   7.3736173e-01   2.5252985e+00
   9.8341370e-01   2.0331945e+00
   1.9210085e+00   1.5800493e-01
   1.4489875e+00   1.1020469e+00
   1.6662877e+00   6.6744649e-01
   1.7350034e+00   5.3001512e-01
   1.0930292e+00   1.8139636e+00
   8.7988066e-01   2.2402606e+00
   1.3368913e+00   1.3262394e+00
   6.7221660e-01   2.6555888e+00
   1.4874454e+00   1.0251312e+00
   1.8331630e+00   3.3369593e-01
   6.9421746e-01   2.6115870e+00
   1.5787012e+00   8.4261961e-01
   1.5430065e+00   9.1400901e-01
   1.6470685e+00   7.0588496e-01
   7.7939258e-01   2.4412368e+00
   1.7502909e+00   4.9944016e-01
   1.6133741e+00   7.7327378e-01
   1.7653729e+00   4.6927619e-01
   1.4293139e+00   1.1413942e+00
   6.0441673e-01   2.7911885e+00
   9.3721791e-01   2.1255861e+00
   1.5961632e+00   8.0769545e-01
   3.3699938e-01   3.3260231e+00
   4.7266849e-01   3.0546849e+00
   1.4683620e+00   1.0632979e+00
   1.8678139e+00   2.6439413e-01
   1.3190419e+00   1.3619382e+00
   1.9798093e+00   4.0403408e-02
   1.0501532e+00   1.8997156e+00
   8.9922955e-01   2.2015628e+00
   1.2183656e+00   1.5632907e+00
   2.7560661e-01   3.4488087e+00
   1.2413863e+00   1.5172493e+00
   1.0282372e+00   1.9435475e+00
   1.6858275e-01   3.6628564e+00
   1.6851977e+00   6.2962658e-01
   3.1745991e-02   3.9365300e+00
   5.5224671e-02   3.8895726e+00
   1.1346767e+00   1.7306684e+00
   1.1751489e+00   1.6497241e+00
   7.1593141e-01   2.5681591e+00
   6.4991972e-01   2.7001825e+00
   7.8429308e-02   3.8431634e+00
   1.2826158e+00   1.4347904e+00
   1.9591947e+00   8.1632581e-02
   1.3718859e+00   1.2562501e+00
   5.8119945e-01   2.8376230e+00
   3.9640026e-01   3.2072214e+00
   1.3545052e+00   1.2910114e+00
   1.9035744e+00   1.9287315e-01
