   1.1832464e+00   1.6340065e+00
   6.3307509e-01   2.7343492e+00
   1.6610261e+00   6.7844715e-01
   1.8680378e+00   2.6442370e-01
   9.6060625e-01   2.0792868e+00
   1.1470761e+00   1.7063471e+00
   1.2566721e+00   1.4871550e+00
   1.2753632e+00   1.4497729e+00
   1.4393605e+00   1.1217784e+00
   3.9992648e-04   3.9996995e+00
   1.9038016e+00   1.9289617e-01
   2.0001503e+00   1.9998682e-04
   6.7782521e-01   2.6448489e+00
   4.3499842e-01   3.1305025e+00
   1.9615089e+00   7.7481590e-02
   2.5471203e-01   3.4910753e+00
   1.0846831e+00   1.8311330e+00
   8.0521366e-01   2.3900720e+00
   3.1679766e-01   3.3669040e+00
   1.5522137e+00   8.9607199e-01
   7.8466379e-01   2.4311718e+00
   1.9233969e+00   1.5370557e-01
   1.1057826e+00   1.7889341e+00
   5.3985906e-01   2.9207812e+00
   1.8333816e+00   3.3373612e-01
   1.9800451e+00   4.0409078e-02
   1.6987163e+00   6.0306664e-01
   1.0632753e+00   1.8739488e+00
   1.7479659e+00   5.0456745e-01
   3.3703711e-01   3.3264251e+00
   2.3355166e-01   3.5333960e+00
   1.1672846e+00   1.6659300e+00
   1.6800284e+00   6.4044257e-01
   4.6023469e-01   3.0800300e+00
   9.7897455e-01   2.0425502e+00
   1.7326428e+00   5.3521381e-01
   1.2185109e+00   1.5634775e+00
   5.1574133e-01   2.9690167e+00
   7.4276359e-01   2.5149722e+00
   2.7563816e-01   3.4492230e+00
   1.5157173e+00   9.6906480e-01
   1.0195015e+00   1.9614963e+00
   1.6860405e-01   3.6632912e+00
   1.3651243e+00   1.2702507e+00
   9.0413780e-01   2.1922237e+00
   1.1990290e+00   1.6024414e+00
   7.2140117e-01   2.5576970e+00
   1.3119916e+00   1.3765161e+00
   1.4645355e-01   3.7075922e+00
   1.4195319e+00   1.1614356e+00
   5.8710207e-01   2.8262952e+00
   1.3299391e+00   1.3406211e+00
   5.5233721e-02   3.8900319e+00
   4.8512306e-01   3.0302532e+00
   1.6220816e+00   7.5633603e-01
   2.9633390e-01   3.4078315e+00
   8.2549931e-01   2.3495007e+00
   7.8441119e-02   3.8436171e+00
   1.0137318e-01   3.7977530e+00
   4.0938689e-01   3.1817255e+00
   1.8168201e+00   3.6685911e-01
   1.6417143e+00   7.1707065e-01
   5.6364408e-01   2.8732112e+00
   1.7829273e+00   4.3464472e-01
   9.2319231e-01   2.1541147e+00
   8.8484550e-01   2.2308083e+00
   1.0415501e+00   1.9173991e+00
   1.8860711e+00   2.2835722e-01
   1.3476483e+00   1.3052027e+00
   8.4553108e-01   2.3094372e+00
   9.4201383e-01   2.1164717e+00
   7.6384967e-01   2.4728000e+00
   1.4970577e+00   1.0063839e+00
   1.2377228e+00   1.5250537e+00
   1.1265772e+00   1.7473449e+00
   1.8496930e+00   3.0111340e-01
   1.3993945e+00   1.2017104e+00
   2.1214581e-01   3.5762077e+00
   1.5876529e+00   8.2519346e-01
   3.1748941e-02   3.9370015e+00
   1.4781161e+00   1.0442672e+00
   3.5705732e-01   3.2863847e+00
   1.2938018e+00   1.4128957e+00
   1.9049993e-01   3.6194995e+00
   1.6049921e+00   7.9051511e-01
   6.1024211e-01   2.7800151e+00
   1.5700623e+00   8.6037469e-01
   1.3823710e+00   1.2357573e+00
   1.8000046e+00   4.0049015e-01
   1.4588856e+00   1.0827281e+00
   9.9712407e-01   2.0062512e+00
   1.7171092e+00   5.6628093e-01
   8.6531194e-01   2.2698755e+00
   1.7655835e+00   4.6933235e-01
   6.5559971e-01   2.6892999e+00
   3.8341121e-01   3.2336769e+00
   1.5341003e+00   9.3229869e-01
   1.2404593e-01   3.7524075e+00
   1.9426294e+00   1.1524050e-01
   6.9975854e-01   2.6009823e+00
