   2.3333148e+00   1.3333422e+00   6.6666033e-01
   2.2322138e+00   1.2755317e+00   1.1160904e+00
   4.4444585e-01   8.8888923e-01   3.3333438e+00
   1.7970732e+00   1.5206259e+00   6.9109201e-01
   1.2784691e+00   1.8594494e+00   1.4301027e-01
   2.3695058e+00   1.1846999e+00   1.3536329e+00
   2.6731415e+00   1.0684909e+00   1.4246503e+00
   1.4274430e+00   1.7832541e+00   2.2290393e-01
   2.6666695e+00   1.1666673e+00   8.3333829e-01
   1.2820046e+00   1.7482129e+00   4.6592627e-01
   1.3689358e+00   1.3689777e+00   1.6729673e+00
   1.8888962e+00   1.5555528e+00   4.4445011e-01
   1.6217367e+00   1.2974026e+00   1.7829408e+00
   2.3893112e+00   1.1027172e+00   1.8353977e+00
   2.8571498e-01   5.7142982e-01   4.2857256e+00
   1.6666077e+00   1.6666881e+00   3.3333095e-01
   1.2031212e+00   1.6847226e+00   7.2201193e-01
   8.8235713e-01   1.7647213e+00   7.0586193e-01
   1.7427857e+00   1.4521907e+00   1.0161233e+00
   1.3635946e+00   1.8181973e+00   1.8181555e-01
   1.9776549e+00   1.3693866e+00   1.0650735e+00
   1.7999860e+00   1.6000063e+00   3.9999718e-01
   2.4204636e+00   1.0085600e+00   2.6222363e+00
   1.7647330e-01   3.5294189e-01   4.9411825e+00
   2.1428693e-01   4.2857235e-01   4.7142959e+00
   1.2221607e+00   1.8889103e+00   1.1110697e-01
   1.5253405e+00   1.5253461e+00   9.6928670e-01
   9.9995745e-01   1.9999011e+00   2.9128081e-04
   6.0000120e-01   1.2000046e+00   2.4000048e+00
   8.0000085e-01   1.6000078e+00   1.2000010e+00
   2.5000152e-01   5.0000102e-01   4.5000091e+00
   2.0626206e+00   1.1250755e+00   2.2493039e+00
   1.3622290e+00   1.4920933e+00   1.2260037e+00
   2.9977003e+00   1.0008630e+00   1.0008626e+00
   1.5713644e+00   1.7143095e+00   2.8570919e-01
   1.4999718e+00   1.7500118e+00   2.4999338e-01
   1.4980977e+00   1.6327969e+00   6.2797665e-01
   7.8260911e-01   1.5652241e+00   1.3043517e+00
   1.7967083e-03   3.5906452e-03   5.9892391e+00
   4.7368713e-01   9.4736625e-01   3.1579045e+00
   4.6154010e-01   9.2307899e-01   3.2307764e+00
   8.5714366e-01   1.7142940e+00   8.5714319e-01
   7.6923478e-01   1.5384583e+00   1.3846235e+00
   1.9403984e+00   1.2943461e+00   1.4561740e+00
   5.7143076e-01   1.1428524e+00   2.5714443e+00
   1.6841577e+00   1.3779323e+00   1.3775145e+00
   2.4999932e+00   1.2500042e+00   7.4999998e-01
   4.1379455e-01   8.2758176e-01   3.5172589e+00
   2.3077020e-01   4.6153953e-01   4.6153953e+00
   3.0120813e-04   5.9965021e-04   5.9982121e+00
   2.1428370e+00   1.4285794e+00   5.7142811e-01
   5.2941358e-01   1.0588236e+00   2.8235391e+00
   9.8275917e-01   1.9655265e+00   1.0344802e-01
   1.9999886e+00   1.5000058e+00   4.9999542e-01
   2.0000154e-01   4.0000078e-01   4.8000094e+00
   7.2000373e-01   1.4399967e+00   1.6800090e+00
   4.2857492e-01   8.5714372e-01   3.4285749e+00
   4.8387216e-01   9.6773814e-01   3.0967915e+00
   9.0000025e-01   1.8000077e+00   6.0000292e-01
   1.7681337e-02   3.5359979e-02   5.8939312e+00
   6.3158062e-01   1.2631608e+00   2.2105322e+00
   6.6666997e-01   1.3333303e+00   2.0000099e+00
   3.7500238e-01   7.5000124e-01   3.7500062e+00
   2.6087033e-01   5.2173748e-01   4.4347980e+00
   2.0705097e+00   1.2077682e+00   1.7247901e+00
   9.6774250e-01   1.9354929e+00   1.9354831e-01
   3.5294348e-01   7.0588424e-01   3.8823584e+00
   2.7777694e+00   1.1111146e+00   8.8889336e-01
   6.4864822e-01   1.2973009e+00   2.1081193e+00
   9.2307867e-01   1.8461648e+00   4.6153203e-01
   5.8536495e-01   1.1707336e+00   2.4878199e+00
   1.4285959e-01   2.8571483e-01   5.1428642e+00
   5.0000395e-01   1.0000007e+00   3.0000022e+00
   5.1724378e-01   1.0344845e+00   2.8965571e+00
   4.4792171e-03   8.9557034e-03   5.9731440e+00
   9.6775908e-02   1.9354827e-01   5.4193651e+00
   7.3170966e-01   1.4634247e+00   1.6097493e+00
   3.8709782e-01   7.7419553e-01   3.6774285e+00
   3.4285818e-01   6.8571667e-01   3.9428657e+00
   7.0588281e-01   1.4117707e+00   1.7647108e+00
   8.4000112e-01   1.6800088e+00   9.5999868e-01
   7.5000167e-01   1.5000089e+00   1.4999969e+00
   2.6000026e+00   1.1999986e+00   8.0000196e-01
   1.1111257e-01   2.2222254e-01   5.3333437e+00
   8.9196537e-03   1.7836624e-02   5.9465013e+00
   1.7334251e+00   1.2150155e+00   2.0829159e+00
   2.7272700e-01   5.4545320e-01   4.3636544e+00
   5.4545582e-01   1.0909125e+00   2.7272791e+00
   1.5789729e-01   3.1579006e-01   5.0526383e+00
   3.0000224e-01   6.0000100e-01   4.2000070e+00
   9.4736974e-01   1.8947472e+00   3.1578521e-01
   2.5993859e+00   1.0005037e+00   2.1964802e+00
   3.1579025e-01   6.3158099e-01   4.1052730e+00
   6.8182376e-01   1.3636372e+00   1.9090881e+00
   1.2500206e-01   2.5000037e-01   5.2500085e+00
   3.3333424e-01   6.6666742e-01   4.0000114e+00
   1.8750052e-01   3.7499997e-01   4.8750137e+00
   6.2069046e-01   1.2413839e+00   2.2758680e+00
   4.0000107e-01   8.0000218e-01   3.6000087e+00
   8.1818266e-01   1.6363716e+00   1.0909098e+00
