   4.3497368e-01   3.1303741e+00
   6.1020418e-01   2.7799116e+00
   5.8707652e-01   2.8261694e+00
   1.6960023e+00   6.0830957e-01
   5.5213091e-02   3.8898821e+00
   4.1581856e-01   3.1686705e+00
   1.3440525e+00   1.3122087e+00
   8.0517317e-01   2.3899693e+00
   6.3304174e-01   2.7342268e+00
   1.4161349e+00   1.1680513e+00
   6.9972912e-01   2.6008641e+00
   1.5309768e+00   9.3835527e-01
   1.7604921e+00   4.7932192e-01
   1.4938532e+00   1.0126144e+00
   1.3788794e+00   1.2425621e+00
   1.1831977e+00   1.6339294e+00
   9.0409415e-01   2.1921313e+00
   1.9635034e+00   7.3311796e-02
   1.6388512e+00   7.2260634e-01
   1.8565321e+00   2.8725668e-01
   1.6859221e-01   3.6631399e+00
   2.5470782e-01   3.4908891e+00
   1.9102874e+00   1.7972991e-01
   2.7562829e-01   3.4490606e+00
   1.4555894e+00   1.0891430e+00
   1.2715848e+00   1.4571402e+00
   1.2528266e+00   1.4946552e+00
   1.2299947e+00   1.5403249e+00
   1.9819972e+00   3.6326121e-02
   1.2402552e-01   3.7522626e+00
   2.0000623e+00   1.9583460e-04
   1.6582189e+00   6.8388941e-01
   1.9276144e+00   1.4508298e-01
   1.8747495e+00   2.5081860e-01
   1.8238663e+00   3.5257602e-01
   1.7453410e+00   5.0962249e-01
   3.1678323e-01   3.3667546e+00
   6.5557818e-01   2.6891567e+00
   2.1212910e-01   3.5760501e+00
   4.6021870e-01   3.0798836e+00
   2.3353535e-01   3.5332742e+00
   1.0137008e-01   3.7975741e+00
   1.4748355e+00   1.0506386e+00
   1.4359936e+00   1.1283345e+00
   1.1223906e+00   1.7555413e+00
   9.4661893e-01   2.1070839e+00
   5.6361872e-01   2.8730824e+00
   1.5670361e+00   8.6624109e-01
   1.9047069e-01   3.6193681e+00
   1.8926744e+00   2.1496405e-01
   3.8343086e-04   3.9995499e+00
   7.6380708e-01   2.4727041e+00
   1.2068003e+00   1.5867180e+00
   1.8403273e+00   3.1966697e-01
   8.6526703e-01   2.2697861e+00
   1.0150112e+00   1.9702927e+00
   1.6192036e+00   7.6190085e-01
   1.5491554e+00   9.0199707e-01
   3.5702968e-01   3.2862494e+00
   1.0803892e+00   1.8395472e+00
   1.0589052e+00   1.8825129e+00
   8.4548700e-01   2.3093418e+00
   1.8071640e+00   3.8598134e-01
   1.1632421e+00   1.6738259e+00
   7.8462116e-01   2.4310793e+00
   2.9631860e-01   3.4076718e+00
   1.7754362e+00   4.4944032e-01
   5.1569029e-01   2.9689293e+00
   7.4272624e-01   2.5148681e+00
   1.9446732e+00   1.1097308e-01
   1.7299946e+00   5.4033246e-01
   7.2136601e-01   2.5575828e+00
   1.0371200e+00   1.9260825e+00
   1.7902046e+00   4.1991053e-01
   1.3083098e+00   1.3836887e+00
   1.7144213e+00   5.7147866e-01
   6.7780329e-01   2.6447133e+00
   9.6975553e-01   2.0607943e+00
   1.2900281e+00   1.4202552e+00
   1.1429791e+00   1.7143631e+00
   1.3959424e+00   1.2084281e+00
   4.8512201e-01   3.0300807e+00
   1.5846656e+00   8.3099303e-01
   1.3615860e+00   1.2771505e+00
   9.2315231e-01   2.1540104e+00
   5.3982656e-01   2.9206662e+00
   9.9255641e-01   2.0152089e+00
   3.3701347e-01   3.3262775e+00
   1.6772930e+00   6.4572433e-01
   1.5125623e+00   9.7520004e-01
   1.3263114e+00   1.3476878e+00
   3.7684066e-01   3.2466379e+00
   8.8481001e-01   2.2307054e+00
   3.9642541e-01   3.2074725e+00
   1.6020496e+00   7.9621551e-01
   7.8422411e-02   3.8434653e+00
   1.4643701e-01   3.7074410e+00
   1.1015381e+00   1.7972434e+00
   8.2546264e-01   2.3493962e+00
   3.1744141e-02   3.9368328e+00
