   1.6105356e+00   1.0065423e+00   3.2211860e+00
   1.4978572e+00   1.0698969e+00   3.6376208e+00
   1.5980206e+00   1.7977439e+00   2.3969220e+00
   1.4546088e+00   2.2866420e+00   2.2849809e+00
   1.3584894e+00   2.0378428e+00   3.1696612e+00
   1.1999609e+00   1.9199591e+00   3.8401559e+00
   1.7143447e+00   1.7140627e+00   1.7142566e+00
   1.0099921e+00   3.2326658e+00   1.8183664e+00
   1.1547330e+00   2.3092589e+00   3.4642174e+00
   1.1616431e+00   1.3938645e+00   4.4140498e+00
   5.8196391e-01   3.6843572e+00   1.5521806e+00
   8.6467592e-01   3.2397585e+00   2.3780120e+00
   1.1622475e+00   2.5570817e+00   3.0216926e+00
   1.3664849e+00   1.3663640e+00   3.8721871e+00
   8.1128260e-01   3.4478418e+00   1.8246246e+00
   1.0702316e+00   2.9924142e+00   2.3545100e+00
   1.7006291e+00   1.3227152e+00   2.4564610e+00
   1.5517846e+00   2.5217143e+00   1.4083428e-01
   1.2532560e+00   2.7149807e+00   2.2976343e+00
   1.5587749e+00   2.1431381e+00   1.9487548e+00
   1.3230325e+00   2.4262085e+00   2.6460662e+00
   7.4295514e-01   1.9821511e+00   4.7108473e+00
   1.6213541e+00   2.3419742e+00   4.0526654e-04
   1.6160359e+00   1.4140483e+00   2.8278796e+00
   1.1926806e+00   2.9812672e+00   1.7887760e+00
   1.3379376e+00   1.7838278e+00   3.5678723e+00
   7.0136565e-04   2.9896910e+00   3.9860918e+00
   7.0769856e-01   9.4318481e-01   5.4305497e+00
   1.2848224e+00   6.4199378e-01   4.4961907e+00
   7.2864906e-01   2.6742562e+00   3.8897854e+00
   1.0733616e+00   3.3735940e+00   1.5328707e-01
   2.4458907e-01   1.9689795e+00   5.1709385e+00
   7.1970882e-04   2.4000041e+00   4.7999950e+00
   1.3982150e+00   2.5967784e+00   1.7979497e+00
   5.6756558e-04   3.8143305e+00   1.8067881e+00
   1.3755654e+00   2.9036665e+00   4.3554080e-04
   5.1507727e-01   2.3186182e+00   4.6385645e+00
   1.7585977e+00   1.9050818e+00   3.7683616e-04
   4.8142580e-01   1.2033510e+00   5.5367809e+00
   1.8164463e+00   1.1559008e+00   1.8161679e+00
   7.4284048e-01   3.7138594e+00   4.4568727e-04
   1.4921902e+00   1.9183931e+00   2.7712438e+00
   1.3754801e+00   5.8760956e-04   4.3557421e+00
   7.3287411e-01   1.4660864e+00   5.1312658e+00
   1.8123714e+00   4.5262759e-04   2.5372800e+00
   1.8666961e+00   4.0373573e-04   2.1538360e+00
   1.9727951e+00   6.5750885e-01   2.6892647e-04
   1.8569651e+00   1.4855042e+00   3.4816334e-04
   6.9597751e-04   1.4045411e+00   5.6179480e+00
   9.4766010e-01   2.6063806e+00   3.5542535e+00
   1.9127084e+00   3.8250799e-04   1.7532598e+00
   9.6746423e-01   1.6932997e+00   4.5961694e+00
   1.8181289e+00   1.6666220e+00   3.6361070e-04
   6.1691033e-04   3.7043641e+00   2.2638002e+00
   1.0599782e+00   6.3553584e-04   5.0880266e+00
   7.1486732e-04   2.6228148e+00   4.5301094e+00
   6.4878201e-04   3.4634323e+00   3.0017376e+00
   9.6757461e-01   2.1769836e+00   4.1122822e+00
   9.7130319e-01   3.4966098e+00   3.9007014e-04
   1.4865813e+00   2.6758745e+00   4.2248918e-04
   1.7557761e+00   4.7836419e-04   2.8731955e+00
   1.6705991e+00   2.0096366e+00   1.3397575e+00
   1.5998864e+00   5.3300964e-04   3.6004545e+00
   6.3131167e-04   3.5776912e+00   2.6833337e+00
   1.3016071e+00   3.0369846e+00   4.3386887e-04
   1.6895987e+00   5.0550421e-04   3.2104992e+00
   3.9991553e-04   3.9999999e+00   3.9996034e-04
   2.0000000e+00   1.9992993e-04   1.9957349e-04
   1.1999522e+00   3.2000716e+00   4.4997502e-04
   1.4830720e+00   5.5611755e-04   4.0254785e+00
   5.1032709e-04   3.9201228e+00   1.1930764e+00
   6.6390408e-04   3.3281941e+00   3.3282165e+00
   7.1705450e-01   2.8685905e+00   3.5857593e+00
   5.7475597e-01   3.8312690e+00   4.4206154e-04
   6.8559652e-04   3.1705089e+00   3.6582387e+00
   1.2325152e+00   6.1509369e-04   4.7252678e+00
   6.8493719e-01   3.1950714e+00   2.9679397e+00
   1.1322177e+00   9.0565995e-01   4.7557600e+00
   1.5075138e+00   1.5074115e+00   3.2301653e+00
   1.9805880e+00   2.8177641e-04   8.3393163e-01
   7.2076582e-04   2.1631797e+00   5.0469264e+00
   1.8973714e+00   1.2648825e+00   3.1621339e-04
   7.1714017e-04   2.7859965e+00   4.3053453e+00
   8.9441811e-01   3.5777178e+00   4.4224739e-04
   9.5965013e-01   2.4003200e+00   3.8403371e+00
   4.1908280e-01   6.2850542e-04   5.8667986e+00
   1.9523741e+00   3.2489075e-04   1.3015828e+00
   9.1308915e-01   2.9583144e+00   2.9673658e+00
   4.3383095e-01   3.9047615e+00   4.2720042e-04
   9.4776333e-01   1.1845899e+00   4.9757795e+00
   7.1094255e-04   1.6611737e+00   5.4581247e+00
   7.3745642e-01   2.4601168e+00   4.1818691e+00
   9.1154549e-01   6.8172996e-01   5.2417614e+00
   6.4433449e-01   3.4424751e+00   2.3670654e+00
   3.1555374e-04   2.1467216e-04   5.9999999e+00
   6.3243699e-01   2.8568580e-04   5.6921183e+00
   1.9402790e+00   9.7019076e-01   2.3220285e-04
   6.7271386e-04   8.9954049e-01   5.8463114e+00
   1.6873372e+00   2.1474572e+00   3.8938025e-04
   8.3796637e-01   1.9378752e-04   5.4479639e+00
