   7.3304210e-01   1.4660896e+00   5.1310478e+00
   1.9040568e+00   1.2240387e+00   3.1732961e-04
   1.5074872e+00   1.5074761e+00   3.2302094e+00
   9.1160149e-01   2.9622772e+00   2.9625833e+00
   1.4280961e+00   2.4481932e+00   2.0394024e+00
   7.3790278e-01   2.4597187e+00   4.1816874e+00
   1.1323191e+00   9.0584159e-01   4.7554648e+00
   7.4361850e-01   1.9830335e+00   4.7090694e+00
   9.6018364e-01   1.4395368e+00   4.7999820e+00
   1.0407722e+00   3.1211334e+00   2.0815434e+00
   8.1123068e-01   3.4477383e+00   1.8252726e+00
   9.7015428e-01   1.9403157e+00   4.3655870e+00
   1.4979523e+00   1.0699668e+00   3.6372222e+00
   6.8502753e-01   3.1947409e+00   2.9685526e+00
   1.7143402e+00   1.7143257e+00   1.7137049e+00
   1.2847232e+00   6.4232500e-01   4.4963395e+00
   6.4552659e-01   3.4414013e+00   2.3669311e+00
   5.7133290e-04   3.8143100e+00   1.8068856e+00
   1.3013853e+00   2.3857845e+00   2.8196880e+00
   1.8164123e+00   1.1559029e+00   1.8164708e+00
   1.6716099e+00   2.0068349e+00   1.3378581e+00
   5.8193754e-01   3.6844459e+00   1.5517958e+00
   2.4666732e-01   2.2208498e+00   4.9350791e+00
   9.7898185e-01   3.3280612e+00   1.5663237e+00
   1.6160451e+00   1.4140117e+00   2.8278735e+00
   8.6467134e-01   3.2398173e+00   2.3778467e+00
   1.1616807e+00   1.3937572e+00   4.4140372e+00
   7.1700160e-01   2.8686753e+00   3.5857018e+00
   1.5517843e+00   2.5217093e+00   1.4106987e-01
   1.1079957e+00   3.3233855e+00   3.1639149e-01
   1.3585169e+00   2.0373765e+00   3.1702293e+00
   1.4921722e+00   1.9184969e+00   2.7711697e+00
   1.4345631e+00   2.2540649e+00   2.4589507e+00
   1.3664265e+00   1.3664149e+00   3.8723322e+00
   6.2479530e-04   3.5777213e+00   2.6832434e+00
   1.2325719e+00   6.1614138e-04   4.7251347e+00
   1.8850115e+00   1.0150065e+00   1.3048170e+00
   7.0130752e-04   2.9896623e+00   3.9861402e+00
   1.4141888e+00   2.8284766e+00   4.2389543e-04
   7.0825033e-01   9.4381972e-01   5.4296540e+00
   1.9402883e+00   9.7011574e-01   2.9102686e-04
   1.8181302e+00   1.6666165e+00   3.6345592e-04
   1.7332302e+00   4.7225694e-04   2.9938631e+00
   9.3144028e-01   9.3143343e-01   5.1224743e+00
   5.1078221e-04   3.9201217e+00   1.1930845e+00
   1.8461622e+00   4.2602805e-04   2.3076319e+00
   1.4830689e+00   5.5424367e-04   4.0254887e+00
   1.9468314e+00   3.4351439e-04   1.3742738e+00
   8.9460842e-01   3.5775275e+00   4.4725204e-04
   1.3689043e+00   2.9090796e+00   3.0616178e-01
   4.3376262e-01   3.9047919e+00   4.3375627e-04
   1.5980431e+00   1.7975849e+00   2.3970550e+00
   1.1931136e+00   2.9803343e+00   1.7896750e+00
   1.6873359e+00   2.1474614e+00   3.8913332e-04
   1.5587377e+00   2.1432481e+00   1.9487500e+00
   6.8429412e-04   3.1706637e+00   3.6579369e+00
   1.3016248e+00   3.0369543e+00   4.3386596e-04
   1.9727907e+00   6.5756221e-01   2.6898908e-04
   1.4948121e+00   2.6574700e+00   4.1941827e-04
   1.3754966e+00   5.8812041e-04   4.3556952e+00
   7.4277168e-01   3.7139145e+00   4.4557749e-04
   8.3811796e-01   6.2823651e-04   5.4477540e+00
   1.7585907e+00   1.9051074e+00   3.7670979e-04
   1.1546748e+00   2.3094265e+00   3.4641407e+00
   9.6755747e-01   2.1771060e+00   4.1121727e+00
   6.6465668e-04   3.3281777e+00   3.3282533e+00
   7.1742036e-04   2.7859029e+00   4.3054816e+00
   1.9784070e+00   2.9654718e-04   8.7929014e-01
   1.1370335e+00   2.7420634e+00   2.7288901e+00
   2.0000000e+00   1.9997015e-04   1.9949927e-04
   7.4335710e-04   2.4786001e+00   4.7092689e+00
   1.5999995e+00   5.3152327e-04   3.6000021e+00
   9.4700377e-01   2.6065927e+00   3.5554777e+00
   1.1391517e+00   2.5067219e+00   3.1910467e+00
   7.2886725e-01   2.6742696e+00   3.8893968e+00
   6.4933516e-04   3.4634620e+00   3.0016604e+00
   9.5994466e-01   2.4000407e+00   3.8400673e+00
   1.7368078e+00   1.0725547e+00   2.5026279e+00
   1.0600030e+00   6.3529437e-04   5.0879801e+00
   1.6640938e+00   4.9918908e-04   3.3282315e+00
   1.6213650e+00   2.3419441e+00   4.0449725e-04
   6.1711067e-04   3.7044098e+00   2.2636318e+00
   4.8134061e-01   1.2035640e+00   5.5367433e+00
   5.4023026e-04   2.6965741e-04   5.9999998e+00
   3.9985584e-04   3.9999999e+00   3.9999802e-04
   1.1999979e+00   3.2000032e+00   4.4995386e-04
   4.9514809e-01   1.7330151e+00   5.1996093e+00
   1.8666919e+00   1.4359128e+00   3.3128718e-04
   1.8973693e+00   3.7906566e-04   1.8973419e+00
   5.7466727e-01   3.8313222e+00   4.4206123e-04
   1.7888541e+00   4.4717281e-04   2.6832831e+00
   1.0398883e+00   3.4168010e+00   4.4555965e-04
   1.3377041e+00   1.7839210e+00   3.5685555e+00
   1.2981914e+00   2.5963924e+00   2.3800151e+00
   2.5879017e-04   1.4044902e+00   5.6179770e+00
   4.1904688e-01   1.1783944e-04   5.8668217e+00
   2.8561163e-04   8.9943345e-01   5.8463487e+00
   1.1997915e+00   1.9197164e+00   3.8409051e+00
   7.1747396e-04   1.9155424e+00   5.2672634e+00
   6.3241450e-01   4.1412785e-04   5.6921408e+00
