   2.7987238e-01   3.9606421e+00
   8.4944035e-01   3.6212987e+00
   1.1658159e+00   3.2501528e+00
   1.9300762e+00   1.0484384e+00
   1.7680180e+00   1.8698795e+00
   5.6337953e-01   3.8380222e+00
   1.8858021e+00   1.3322921e+00
   9.3001849e-01   3.5412233e+00
   1.1175745e+00   3.3172442e+00
   1.6873230e+00   2.1475018e+00
   1.5703871e+00   2.4770016e+00
   9.5645167e-01   3.5129476e+00
   1.2049198e+00   3.1925966e+00
   1.3367377e+00   2.9753201e+00
   4.8917827e-01   3.8785072e+00
   1.8133488e+00   1.6873246e+00
   1.2345951e-01   3.9923716e+00
   1.5853974e+00   2.4384544e+00
   1.9603097e+00   7.9293393e-01
   1.5228635e+00   2.5929803e+00
   1.8553320e+00   1.4936443e+00
   1.3572738e+00   2.9378958e+00
   1.1815799e+00   3.2273016e+00
   4.1550430e-01   3.9127260e+00
   1.0846600e+00   3.3606622e+00
   1.3157822e+00   3.0124523e+00
   1.4890678e+00   2.6703385e+00
   1.1338092e+00   3.2951337e+00
   1.6752971e+00   2.1848385e+00
   1.5549640e+00   2.5156207e+00
   1.3970732e+00   2.8622974e+00
   1.6280015e+00   2.3234554e+00
   1.0595993e+00   3.3924913e+00
   1.7318736e+00   2.0006136e+00
   1.8750633e+00   1.3916001e+00
   1.2504554e+00   3.1217696e+00
   1.8027695e+00   1.7320764e+00
   7.9483903e-01   3.6705481e+00
   1.6989854e+00   2.1104016e+00
   1.4535598e+00   2.7474818e+00
   7.3970628e-01   3.7163609e+00
   1.9673087e+00   7.2026786e-01
   1.8331016e+00   1.5996731e+00
   1.9215540e+00   1.1092883e+00
   1.6457947e+00   2.2727602e+00
   1.6141993e+00   2.3616609e+00
   1.4163315e+00   2.8241850e+00
   8.7649512e-01   3.5954172e+00
   4.5225833e-01   3.8963893e+00
   1.9050299e+00   1.2179672e+00
   1.7553694e+00   1.9169541e+00
   1.6629041e+00   2.2223860e+00
   1.9845558e+00   4.9613889e-01
   1.0085751e+00   3.4541432e+00
   1.2278810e+00   3.1574092e+00
   1.5391238e+00   2.5542889e+00
   1.3773863e+00   2.9002117e+00
   1.2726364e+00   3.0857069e+00
   1.7917004e+00   1.7774249e+00
   9.0336056e-01   3.5687195e+00
   1.1498911e+00   3.2727666e+00
   1.4715286e+00   2.7089508e+00
   3.2464044e-01   3.9469525e+00
   1.9790203e+00   5.7785345e-01
   1.7421606e+00   1.9645625e+00
   1.1011897e+00   3.3390905e+00
   1.9733523e+00   6.5078641e-01
   1.9136084e+00   1.1629324e+00
   6.5635166e-01   3.7784666e+00
   1.8234537e+00   1.6431880e+00
   1.0342318e+00   3.4236615e+00
   1.9936232e+00   3.1916465e-01
   1.7801224e+00   1.8233641e+00
   1.2944138e+00   3.0492576e+00
   9.8264688e-01   3.4839088e+00
   8.2221588e-01   3.6463467e+00
   1.7212536e+00   2.0369448e+00
   1.8957756e+00   1.2744176e+00
   3.6987383e-01   3.9310016e+00
   1.8445442e+00   1.5461651e+00
   1.6000001e+00   2.3999996e+00
   6.8419726e-01   3.7586562e+00
   1.7102940e+00   2.0735423e+00
   7.6732947e-01   3.6938898e+00
   1.9530999e+00   8.6116422e-01
   1.8654953e+00   1.4421196e+00
   7.1199096e-01   3.7379507e+00
   2.3563544e-01   3.9721410e+00
   5.2623464e-01   3.8590554e+00
   6.0057114e-01   3.8153974e+00
   1.4351612e+00   2.7859019e+00
   1.9892986e+00   4.1323635e-01
   1.9971868e+00   2.1208278e-01
   1.8332269e-01   3.9831610e+00
   1.9378504e+00   9.8941546e-01
   2.0000000e+00   1.9618988e-04
   6.2846847e-01   3.7973819e+00
   1.9458893e+00   9.2415305e-01
   5.3771855e-04   3.9999999e+00
   1.5061781e+00   2.6316744e+00
