   1.2848447e+00   6.4220075e-01   4.4960668e+00
   1.0426290e+00   3.1175702e+00   2.0851916e+00
   6.4534310e-01   3.4417276e+00   2.3663139e+00
   8.1120226e-01   3.4477843e+00   1.8251907e+00
   1.1594521e+00   3.0920370e+00   1.5457939e+00
   7.1402803e-04   2.6227553e+00   4.5301869e+00
   6.8505700e-01   3.1945913e+00   2.9688535e+00
   9.6746930e-01   2.1760533e+00   4.1136129e+00
   9.5997896e-01   1.4399805e+00   4.8000510e+00
   1.8850008e+00   1.0149887e+00   1.3049882e+00
   1.5808711e+00   1.9759716e+00   2.1731487e+00
   9.4777793e-01   2.6063956e+00   3.5539460e+00
   7.2214956e-01   1.2035921e+00   5.2959488e+00
   1.3675257e+00   1.8232347e+00   3.4189831e+00
   1.7986110e+00   1.1519111e+00   1.9747062e+00
   1.4281493e+00   2.4478648e+00   2.0399535e+00
   1.9403012e+00   9.7001287e-01   2.9102178e-04
   1.9402678e+00   3.4216690e-04   1.4554195e+00
   1.0290016e+00   6.1739523e-04   5.1449394e+00
   4.3380295e-01   3.9047740e+00   4.3376428e-04
   2.4592657e-01   1.9691938e+00   5.1701839e+00
   1.3190787e+00   2.1977523e+00   3.0777466e+00
   7.4043988e-01   1.7276970e+00   4.9345345e+00
   1.2005662e+00   1.6807263e+00   4.0831206e+00
   9.7922500e-01   3.3276852e+00   1.5667532e+00
   1.5535989e+00   2.3304926e+00   1.4341489e+00
   1.5051721e+00   5.6442737e-04   3.9509633e+00
   1.7277375e+00   1.7277378e+00   1.5549541e+00
   7.2848941e-01   2.6744308e+00   3.8897845e+00
   7.1981080e-04   2.4000841e+00   4.7999049e+00
   7.3797438e-01   2.4602849e+00   4.1808241e+00
   1.7888640e+00   4.4721290e-04   2.6832235e+00
   1.1533833e+00   3.2678476e+00   4.4557617e-04
   1.5028955e+00   1.7175923e+00   3.0056560e+00
   3.9883570e-04   3.9999999e+00   3.9995621e-04
   8.9446942e-01   3.5776665e+00   4.4717470e-04
   7.1706077e-01   2.8686337e+00   3.5856702e+00
   6.1736871e-04   3.7043694e+00   2.2637806e+00
   5.8173353e-01   3.6846129e+00   1.5515921e+00
   7.1817342e-04   2.1631954e+00   5.0469113e+00
   1.6098681e+00   1.6098684e+00   2.6160372e+00
   1.6640951e+00   4.9922869e-04   3.3282258e+00
   5.7469043e-01   3.8313083e+00   4.4204916e-04
   1.6739581e+00   2.1889397e+00   3.8628724e-04
   1.2325838e+00   6.1628180e-04   4.7251066e+00
   1.3231135e+00   2.4259624e+00   2.6462096e+00
   5.1529326e-01   2.3188397e+00   4.6380994e+00
   9.3150535e-01   9.3148789e-01   5.1223455e+00
   6.7920746e-04   3.1706089e+00   3.6580438e+00
   4.7139507e-01   9.4276503e-01   5.6568778e+00
   7.0277958e-04   2.9897211e+00   3.9860410e+00
   1.0957771e+00   2.8498058e+00   2.6306498e+00
   9.7002497e-01   1.9397266e+00   4.3664345e+00
   1.9700621e+00   6.8950842e-01   2.6864118e-04
   1.8461697e+00   4.2599427e-04   2.3075781e+00
   1.2687374e+00   2.7521162e+00   2.1144562e+00
   2.0000000e+00   1.9994364e-04   1.9980808e-04
   1.8973742e+00   3.7892772e-04   1.8972980e+00
   1.6162304e+00   1.2121687e+00   3.0305361e+00
   1.5057730e+00   1.2906470e+00   3.4417796e+00
   7.1080837e-04   1.6612194e+00   5.4580933e+00
   1.4757262e+00   2.1082207e+00   2.5297733e+00
   5.0990447e-04   3.9201285e+00   1.1930346e+00
   1.8973678e+00   1.2649038e+00   3.1538762e-04
   1.7888647e+00   1.7888130e+00   3.5770078e-04
   5.9625841e-04   3.5777022e+00   2.6833005e+00
   7.4277383e-01   3.7139128e+00   4.4549855e-04
   1.5999615e+00   5.3331278e-04   3.6001541e+00
   1.6634590e+00   1.8477761e+00   1.8477052e+00
   6.7154756e-04   8.9958729e-01   5.8462952e+00
   9.1314125e-01   2.9580968e+00   2.9677096e+00
   6.5741154e-04   3.3282216e+00   3.3281547e+00
   1.7323700e+00   1.9988938e+00   3.7457871e-04
   7.1495880e-04   2.7859641e+00   4.3053924e+00
   1.0399309e+00   3.4167491e+00   4.4568130e-04
   1.3665413e+00   1.3665415e+00   3.8718670e+00
   1.4142270e+00   2.8284002e+00   4.2259645e-04
   6.4860727e-04   3.4634600e+00   3.0016657e+00
   1.5999767e+00   2.4000621e+00   3.9986585e-04
   5.7193996e-04   3.8143284e+00   1.8067982e+00
   8.6480717e-01   3.2395195e+00   2.3783149e+00
   1.7378941e+00   1.0704946e+00   2.4978208e+00
   1.9727879e+00   2.8426755e-04   9.8639355e-01
   6.3246392e-01   4.4814372e-04   5.6920914e+00
   1.2882502e+00   3.0596807e+00   4.3645074e-04
   1.5136528e+00   2.6144637e+00   4.1266155e-04
   1.1497244e+00   1.1497246e+00   4.5966297e+00
   9.6018121e-01   2.3999507e+00   3.8396616e+00
   1.1929216e+00   2.1484460e+00   3.5786656e+00
   1.1620089e+00   2.5577637e+00   3.0212197e+00
   7.0010832e-04   1.4045344e+00   5.6179518e+00
   1.1109191e+00   6.6635226e-01   4.8881153e+00
   1.3642323e+00   2.9232305e+00   1.5152281e-01
   5.9360113e-04   4.8451341e-04   5.9999997e+00
   1.8400332e+00   1.3382333e+00   1.2243560e+00
   1.3754928e+00   5.8496330e-04   4.3557062e+00
   1.8382901e+00   1.5756769e+00   3.4465812e-04
   4.1903523e-01   6.2754617e-05   5.8668292e+00
   8.3811465e-01   3.3080180e-04   5.4477586e+00
   1.7332940e+00   4.7270714e-04   2.9935307e+00
