   8.4038431e-01   3.6297406e+00
   1.2578936e+00   3.1097934e+00
   4.6147455e-01   3.8920644e+00
   1.9603100e+00   7.9293092e-01
   1.8234536e+00   1.6431882e+00
   1.4035396e+00   2.8496151e+00
   1.4595975e+00   2.7346482e+00
   8.9442705e-01   3.5777089e+00
   1.1498910e+00   3.2727668e+00
   1.5754362e+00   2.4641435e+00
   5.3551409e-01   3.8539459e+00
   4.2467630e-01   3.9087850e+00
   2.5326251e-01   3.9677994e+00
   1.5283297e+00   2.5800841e+00
   1.6989854e+00   2.1104014e+00
   1.3436294e+00   2.9628769e+00
   1.7212532e+00   2.0369462e+00
   1.8731961e+00   1.4016223e+00
   7.3047784e-01   3.7236553e+00
   1.5903124e+00   2.4256186e+00
   1.2799404e+00   3.0735990e+00
   8.6749722e-01   3.6041357e+00
   1.6712094e+00   2.1973250e+00
   1.1658158e+00   3.2501529e+00
   8.1310604e-01   3.6545088e+00
   1.8133483e+00   1.6873268e+00
   2.0065045e-01   3.9798188e+00
   6.0987185e-01   3.8094915e+00
   1.3640248e+00   2.9253624e+00
   1.9895941e+00   4.0750702e-01
   1.8532257e+00   1.5040673e+00
   1.0846589e+00   3.3606637e+00
   1.8635105e+00   1.4523479e+00
   1.7102930e+00   2.0735455e+00
   1.5444512e+00   2.5413937e+00
   1.6188441e+00   2.3489093e+00
   1.8823102e+00   1.3519000e+00
   7.5813337e-01   3.7014774e+00
   1.7801222e+00   1.8233651e+00
   1.7553696e+00   1.9169534e+00
   9.7393993e-01   3.4936749e+00
   1.5117870e+00   2.6187783e+00
   1.0511757e+00   3.4029573e+00
   1.4413424e+00   2.7731080e+00
   7.0273501e-01   3.7449505e+00
   1.6047777e+00   2.3872063e+00
   1.0679862e+00   3.3819554e+00
   1.6369837e+00   2.2980724e+00
   1.3015827e+00   3.0370264e+00
   1.1971817e+00   3.2042197e+00
   1.4774227e+00   2.6960877e+00
   1.8423101e+00   1.5567833e+00
   1.6544339e+00   2.2475307e+00
   1.8027698e+00   1.7320752e+00
   1.2354490e+00   3.1455784e+00
   1.1011904e+00   3.3390895e+00
   1.3194332e-01   3.9912860e+00
   1.4226563e+00   2.8114402e+00
   1.1815802e+00   3.2273012e+00
   1.8331016e+00   1.5996732e+00
   1.4948186e+00   2.6574554e+00
   1.7421600e+00   1.9645644e+00
   1.9289065e+00   1.0570138e+00
   1.9673084e+00   7.2027138e-01
   1.6873230e+00   2.1475020e+00
   9.2115639e-01   3.5504765e+00
   1.9378503e+00   9.8941604e-01
   1.9530997e+00   8.6116609e-01
   3.4268193e-01   3.9408472e+00
   1.8925330e+00   1.2935513e+00
   1.2126162e+00   3.1809194e+00
   1.9108212e+00   1.1811224e+00
   5.7267434e-01   3.8325157e+00
   1.7917006e+00   1.7774238e+00
   1.0257110e+00   3.4338998e+00
   1.9790203e+00   5.7785345e-01
   9.9995998e-01   3.4641478e+00
   2.0006946e+00   7.2586080e-04
   1.1338101e+00   3.2951326e+00
   7.8568306e-01   3.6784247e+00
   1.1175741e+00   3.3172447e+00
   1.9458892e+00   9.2415388e-01
   1.7318739e+00   2.0006126e+00
   1.9733523e+00   6.5078619e-01
   9.4766693e-01   3.5224579e+00
   1.9940411e+00   3.0854645e-01
   1.7680175e+00   1.8698813e+00
   1.9020219e+00   1.2366287e+00
   1.9979010e+00   1.8321194e-01
   4.9843426e-01   3.8737905e+00
   6.7492234e-01   3.7653578e+00
   2.9771766e-01   3.9554338e+00
   1.3839962e+00   2.8875972e+00
   6.4706210e-01   3.7848702e+00
   3.8808385e-01   3.9239729e+00
   1.3228141e+00   3.0001086e+00
   1.9845558e+00   4.9613899e-01
   1.5601509e+00   2.5027420e+00
   3.9368443e-04   3.9999999e+00
   1.9202720e+00   1.1181331e+00
