   1.8400477e+00   1.5674497e+00
   1.3905576e+00   2.8749605e+00
   1.8307312e+00   1.6104948e+00
   1.1257101e+00   3.3062225e+00
   7.3970742e-01   3.7163600e+00
   1.5497318e+00   2.5285027e+00
   1.8107491e+00   1.6984553e+00
   1.9889977e+00   4.1898924e-01
   1.5005222e+00   2.6445667e+00
   5.1696139e-01   3.8640657e+00
   1.2429747e+00   3.1336968e+00
   1.0342323e+00   3.4236609e+00
   1.9300768e+00   1.0484339e+00
   1.7387675e+00   1.9765502e+00
   1.7888540e+00   1.7888558e+00
   1.3707295e+00   2.9127998e+00
   1.9785443e+00   5.8433676e-01
   1.9727878e+00   6.5759661e-01
   1.4832694e+00   2.6832159e+00
   1.9228196e+00   1.1004815e+00
   1.6951372e+00   2.1227434e+00
   1.5173492e+00   2.6058790e+00
   1.3297990e+00   2.9877313e+00
   9.3001805e-01   3.5412238e+00
   1.5951777e+00   2.4128059e+00
   1.4289330e+00   2.7986786e+00
   1.6793482e+00   2.1723625e+00
   1.7585833e+00   1.9051349e+00
   1.7283717e+00   2.0126911e+00
   9.0335905e-01   3.5687210e+00
   1.8332464e-01   3.9831606e+00
   1.5804409e+00   2.4512908e+00
   7.1198992e-01   3.7379515e+00
   1.4474739e+00   2.7603038e+00
   1.8000496e+00   1.7433549e+00
   1.6095107e+00   2.3744264e+00
   1.1094004e+00   3.3282012e+00
   3.2464057e-01   3.9469525e+00
   1.2871992e+00   3.0614494e+00
   1.7176391e+00   2.0491130e+00
   1.9522413e+00   8.6891677e-01
   1.2652870e+00   3.0977726e+00
   1.6629050e+00   2.2223834e+00
   1.2202693e+00   3.1691909e+00
   1.8615030e+00   1.4626095e+00
   1.5337500e+00   2.5671860e+00
   1.7065637e+00   2.0857999e+00
   7.9483966e-01   3.6705476e+00
   9.8264228e-01   3.4839140e+00
   1.8892095e+00   1.3128406e+00
   5.5408087e-01   3.8434330e+00
   1.0846610e+00   3.3606610e+00
   6.5634945e-01   3.7784682e+00
   2.7987349e-01   3.9606418e+00
   5.9127162e-01   3.8212029e+00
   6.8419810e-01   3.7586556e+00
   1.9666534e+00   7.2739055e-01
   9.5645069e-01   3.5129487e+00
   1.6457938e+00   2.2727629e+00
   1.1578723e+00   3.2614915e+00
   1.9595529e+00   8.0038063e-01
   1.8510939e+00   1.5145314e+00
   1.3504755e+00   2.9504006e+00
   1.8973666e+00   1.2649111e+00
   1.9065050e+00   1.2086993e+00
   1.5652920e+00   2.4898684e+00
   8.4943985e-01   3.6212992e+00
   7.6733003e-01   3.6938893e+00
   1.4655869e+00   2.7218047e+00
   1.9449312e+00   9.3218572e-01
   1.9841712e+00   5.0225282e-01
   1.1737182e+00   3.2387562e+00
   1.2347525e-01   3.9923697e+00
   1.7488364e+00   1.9406919e+00
   1.8805310e+00   1.3617682e+00
   1.0595994e+00   3.3924912e+00
   3.6987539e-01   3.9310010e+00
   8.7649609e-01   3.5954163e+00
   1.0085743e+00   3.4541441e+00
   1.8209709e+00   1.6541646e+00
   1.4099603e+00   2.8369081e+00
   1.3087067e+00   3.0247557e+00
   1.7680181e+00   1.8698792e+00
   1.8713055e+00   1.4116878e+00
   1.9378509e+00   9.8941150e-01
   1.9149754e+00   1.1538961e+00
   1.9970555e+00   2.1697306e-01
   2.3563534e-01   3.9721410e+00
   1.9934078e+00   3.2450114e-01
   4.7993592e-01   3.8831232e+00
   1.7771461e+00   1.8349407e+00
   1.1418694e+00   3.2839819e+00
   1.6280010e+00   2.3234568e+00
   1.1971812e+00   3.2042205e+00
   6.2847087e-01   3.7973803e+00
   4.0635465e-01   3.9165678e+00
   8.2221451e-01   3.6463479e+00
   2.0000000e+00   1.9056982e-04
   4.4305441e-01   3.9006168e+00
   3.9772060e-04   3.9999999e+00
