   7.0743386e-01   9.4384413e-01   5.4306024e+00
   6.4490824e-01   3.4439520e+00   2.3675327e+00
   1.2667244e+00   2.7569476e+00   2.1111546e+00
   9.5990434e-01   2.3999861e+00   3.8402348e+00
   6.8504880e-01   3.1954893e+00   2.9693530e+00
   1.1930935e+00   2.1476534e+00   3.5792201e+00
   1.3982511e+00   2.5967534e+00   1.7977777e+00
   1.6656840e+00   2.0232181e+00   1.3488123e+00
   1.4930408e+00   1.9193248e+00   2.7712198e+00
   9.3138912e-01   2.7941402e+00   3.2598137e+00
   1.6168564e+00   1.4142458e+00   2.8291753e+00
   1.5980323e+00   1.7976321e+00   2.3970405e+00
   7.8401692e-01   3.5285793e+00   1.5663321e+00
   1.3228476e+00   2.4264630e+00   2.6463732e+00
   1.7142576e+00   1.7141438e+00   1.7148579e+00
   4.9821611e-01   2.2422922e+00   4.7384923e+00
   9.4729411e-01   2.6066321e+00   3.5547166e+00
   1.3585160e+00   2.0371910e+00   3.1705012e+00
   1.4541418e+00   2.2850853e+00   2.2848654e+00
   1.1494028e+00   1.1493265e+00   4.5975774e+00
   1.3379266e+00   1.7838908e+00   3.5678388e+00
   7.4360726e-01   1.9826166e+00   4.7094804e+00
   8.3724717e-01   3.3532109e+00   2.0957344e+00
   1.3665464e+00   1.3664557e+00   3.8719188e+00
   8.8905009e-01   3.1111502e+00   2.6660804e+00
   6.0290628e-01   3.6183098e+00   1.8086359e+00
   1.0405278e+00   3.1216168e+00   2.0810120e+00
   1.2493858e+00   3.1234822e+00   4.4617907e-04
   7.2926278e-01   2.6738935e+00   3.8893113e+00
   1.2847304e+00   6.4223915e-01   4.4963485e+00
   9.7011110e-01   1.9402672e+00   4.3657219e+00
   1.6104874e+00   1.0065003e+00   3.2214323e+00
   7.1716481e-01   2.8684130e+00   3.5858803e+00
   9.6000283e-01   1.4395923e+00   4.8002701e+00
   1.6000003e+00   5.3296537e-04   3.5999987e+00
   1.5612907e+00   2.4981061e+00   1.4191981e-01
   1.8164137e+00   1.1559336e+00   1.8164140e+00
   7.3792047e-01   2.4597437e+00   4.1816262e+00
   1.9097544e+00   7.9556733e-01   1.3234258e+00
   1.4758934e+00   1.6855959e+00   3.1627318e+00
   6.7766831e-04   3.1705313e+00   3.6581950e+00
   9.6641203e-01   2.1771118e+00   4.1145892e+00
   9.7833318e-01   3.3288224e+00   1.5663318e+00
   1.9403073e+00   9.6996404e-01   2.9101967e-04
   1.0958163e+00   2.8498057e+00   2.6305030e+00
   1.1621572e+00   2.5566874e+00   3.0227556e+00
   1.5054807e+00   1.2903721e+00   3.4431623e+00
   7.3310957e-01   1.4662190e+00   5.1308778e+00
   1.5051541e+00   2.6340168e+00   4.1576967e-04
   3.9659885e-04   3.9999999e+00   3.9920983e-04
   1.8125389e+00   4.5157022e-04   2.5362025e+00
   1.8181379e+00   1.6665830e+00   3.6360608e-04
   1.3375698e+00   2.9721750e+00   1.4852567e-01
   5.4572096e-04   3.8461136e+00   1.6482322e+00
   6.3512488e-04   3.4634802e+00   3.0016132e+00
   4.8945366e-01   1.4684080e+00   5.3844606e+00
   5.7461845e-01   3.8313515e+00   4.3946083e-04
   1.1109163e+00   6.6632179e-01   4.8881304e+00
   1.9230368e+00   3.5774482e-04   1.6484428e+00
   4.1897543e-01   2.6797341e-04   5.8668677e+00
   9.3136928e-01   9.3130196e-01   5.1226442e+00
   6.3686216e-04   3.6192646e+00   2.5548139e+00
   1.2000866e+00   1.6801136e+00   4.0849566e+00
   8.3827996e-01   6.2665249e-04   5.4475297e+00
   1.6896396e+00   4.5905120e-04   3.2103055e+00
   1.9665275e+00   3.1034454e-04   1.0931272e+00
   2.4422509e-01   1.9695205e+00   5.1706298e+00
   1.8569536e+00   1.4855617e+00   3.4806575e-04
   1.0289877e+00   2.0045097e-04   5.1449644e+00
   1.1533933e+00   3.2678334e+00   4.4556702e-04
   7.1479247e-04   2.7858093e+00   4.3056178e+00
   4.9164611e-04   3.9455843e+00   9.8631549e-01
   7.1852643e-04   2.1630347e+00   5.0470662e+00
   1.6873415e+00   2.1474437e+00   3.6669548e-04
   1.0733209e+00   3.3736537e+00   1.5289594e-01
   8.9431410e-01   3.5778218e+00   4.4661844e-04
   7.0199539e-04   2.9895950e+00   3.9862538e+00
   6.1256173e-04   3.3282357e+00   3.3281229e+00
   1.7557914e+00   4.7826554e-04   2.8731111e+00
   1.7006705e+00   1.3227812e+00   2.4561234e+00
   1.2323566e+00   6.1493938e-04   4.7256400e+00
   1.8666913e+00   4.0356477e-04   2.1538736e+00
   1.3755124e+00   5.8854694e-04   4.3556503e+00
   1.5051534e+00   5.6411681e-04   3.9510275e+00
   4.3379165e-01   3.9047790e+00   4.3045816e-04
   3.1030573e-04   1.6613007e+00   5.4580380e+00
   1.4500155e+00   2.7549627e+00   4.3493166e-04
   5.6914613e-04   1.8392261e-04   5.9999998e+00
   1.5588320e+00   2.1433960e+00   1.9477056e+00
   5.8824388e-04   3.7510058e+00   2.0838418e+00
   5.1730637e-04   1.1492061e+00   5.7470409e+00
   1.9727870e+00   6.5760569e-01   2.4517723e-04
   7.4093545e-04   2.4785123e+00   4.7093729e+00
   1.7585924e+00   1.9051012e+00   3.7655801e-04
   9.7127133e-01   3.4966452e+00   4.5601890e-04
   1.8973655e+00   1.2649175e+00   3.1602719e-04
   7.4274625e-01   3.7139348e+00   4.2977460e-04
   6.3232463e-01   1.1739850e-04   5.6922307e+00
   1.6213587e+00   2.3419614e+00   4.0505988e-04
   2.0000000e+00   1.9977287e-04   1.9942339e-04
