   1.6000182e+00   5.3328023e-04   3.5999271e+00
   1.1963579e+00   2.9738256e+00   1.7945368e+00
   1.1930931e+00   2.1477133e+00   3.5791406e+00
   1.7585852e+00   1.9051280e+00   3.7649824e-04
   9.4765349e-01   2.6064236e+00   3.5541985e+00
   9.7877556e-01   3.3283159e+00   1.5662662e+00
   7.2072911e-04   2.1631045e+00   5.0469989e+00
   7.1713800e-01   2.8685437e+00   3.5856933e+00
   9.6757498e-01   2.1770392e+00   4.1122151e+00
   1.5859927e+00   2.1796386e+00   1.6347135e+00
   1.2007155e+00   1.6809236e+00   4.0825427e+00
   1.1611472e+00   2.5605061e+00   3.0189740e+00
   1.7065625e+00   2.0858038e+00   3.9371115e-04
   6.6585489e-01   3.3276634e+00   2.6635901e+00
   3.6542316e-01   3.8390147e+00   1.2796939e+00
   1.5029367e+00   1.7174482e+00   3.0056562e+00
   1.8435214e+00   1.0753962e+00   1.6765400e+00
   7.1735891e-04   2.7859056e+00   4.3054777e+00
   1.8973764e+00   3.7918878e-04   1.8972782e+00
   1.7888687e+00   4.4720157e-04   2.6831958e+00
   1.3642558e+00   2.9231859e+00   1.5155569e-01
   1.7888729e+00   1.7887801e+00   3.5774211e-04
   1.3702051e+00   1.5986612e+00   3.6541043e+00
   1.8036486e+00   9.8382178e-01   2.1316376e+00
   1.9784194e+00   2.9674964e-04   8.7903957e-01
   6.9982843e-04   2.9896379e+00   3.9861814e+00
   6.8530136e-04   3.1705550e+00   3.6581488e+00
   7.3797725e-01   2.4592814e+00   4.1821477e+00
   3.9983107e-04   3.9999999e+00   3.9999948e-04
   1.3563388e+00   1.1302081e+00   4.0705064e+00
   6.4889053e-04   3.4633954e+00   3.0018335e+00
   1.1495424e+00   1.1494997e+00   4.5971659e+00
   9.1154930e-01   2.9625431e+00   2.9621297e+00
   1.0289999e+00   6.1715457e-04   5.1449423e+00
   2.4620017e-01   1.9695362e+00   5.1697732e+00
   1.0407704e+00   3.1211370e+00   2.0815394e+00
   6.0301430e-01   3.6181434e+00   1.8090607e+00
   8.3811958e-01   6.2856955e-04   5.4477518e+00
   7.2920447e-01   2.6739039e+00   3.8893937e+00
   1.4757814e+00   2.1079907e+00   2.5299147e+00
   4.3386584e-01   3.9047460e+00   4.3386302e-04
   1.7329513e+00   1.5404514e+00   1.9059612e+00
   1.2883031e+00   3.0595915e+00   4.3674424e-04
   9.6045732e-01   1.4405627e+00   4.7987966e+00
   1.4278603e+00   2.4486098e+00   2.0397627e+00
   1.3584126e+00   2.0376356e+00   3.1702568e+00
   1.5167803e+00   1.8929054e-01   3.9004843e+00
   8.9442927e-01   3.5777067e+00   4.4720396e-04
   1.5980282e+00   1.7976411e+00   2.3970500e+00
   5.2975072e-04   3.8873963e+00   1.4136248e+00
   7.2756427e-04   2.5607460e+00   4.6093167e+00
   1.2981824e+00   2.5964162e+00   2.3800009e+00
   7.8396675e-01   3.5282717e+00   1.5681157e+00
   1.5517522e+00   2.5218058e+00   1.4036286e-01
   4.9852016e-01   2.2436087e+00   4.7368021e+00
   7.4018889e-01   1.7270330e+00   4.9353964e+00
   1.7332003e+00   4.7273956e-04   2.9940192e+00
   1.4142172e+00   2.8284197e+00   4.2405388e-04
   1.0958375e+00   2.8497452e+00   2.6305709e+00
   7.4277188e-01   3.7139143e+00   4.4559563e-04
   1.8419715e+00   1.5583848e+00   3.4528901e-04
   6.6424485e-04   3.3282035e+00   3.3281954e+00
   7.0824062e-01   9.4315492e-01   5.4299253e+00
   5.8918111e-04   3.7316879e+00   2.1604707e+00
   1.1763540e+00   3.2349289e+00   4.4110349e-04
   7.4275224e-01   2.2282857e+00   4.4567974e+00
   9.6001592e-01   2.3999260e+00   3.8400683e+00
   8.6422227e-01   3.2406994e+00   2.3766112e+00
   1.5058702e+00   1.2895803e+00   3.4422964e+00
   1.9402971e+00   9.7004583e-01   2.9100508e-04
   2.0000000e+00   1.9999384e-04   1.9997968e-04
   9.3141717e-01   2.7942589e+00   3.2595126e+00
   1.7028042e+00   1.1334853e+00   2.6482720e+00
   1.1109560e+00   6.6573239e-01   4.8882299e+00
   1.3014220e+00   2.3859316e+00   2.8192555e+00
   1.9468201e+00   3.4260752e-04   1.3744170e+00
   6.8777474e-04   2.3999999e+00   4.7999997e+00
   9.7009845e-01   1.9402969e+00   4.3657175e+00
   1.6160787e+00   1.4138129e+00   2.8279245e+00
   1.6640825e+00   4.9919796e-04   3.3282826e+00
   1.4482776e+00   5.6412883e-04   4.1379255e+00
   1.8973865e+00   1.2647916e+00   3.1612064e-04
   1.2326072e+00   5.3639954e-04   4.7250517e+00
   6.3006163e-04   3.5777047e+00   2.6832932e+00
   1.0398937e+00   3.4167944e+00   4.4560909e-04
   3.0320742e-04   1.1492930e+00   5.7470020e+00
   1.3379365e+00   5.8146795e-04   4.4597458e+00
   4.8890062e-01   1.4685781e+00   5.3848084e+00
   5.8817175e-01   3.8231160e+00   4.4085495e-04
   1.6380867e+00   2.2931221e+00   1.3648557e-01
   1.5999995e+00   2.4000014e+00   3.9701140e-04
   1.4948179e+00   2.6574569e+00   4.1955865e-04
   9.3137272e-01   9.3133484e-01   5.1226252e+00
   1.8461723e+00   4.2580794e-04   2.3075590e+00
   7.0235867e-01   3.0414006e+00   3.2783328e+00
   2.7341675e-04   1.6611586e+00   5.4581353e+00
   6.3244539e-01   1.7674532e-04   5.6921099e+00
   1.9727878e+00   6.5759593e-01   2.6470999e-04
   5.9846233e-04   4.9828992e-04   5.9999997e+00
   4.1900975e-01   1.1182572e-04   5.8668456e+00
