   1.3700555e+00   1.5983934e+00   3.6548726e+00
   9.4721268e-01   3.4102513e+00   1.3259004e+00
   1.8006970e+00   1.1462461e+00   1.9649894e+00
   1.1925746e+00   2.9814186e+00   1.7888444e+00
   1.3015253e+00   2.3860157e+00   2.8186659e+00
   1.5808441e+00   1.9758148e+00   2.1736466e+00
   1.9402857e+00   9.7013723e-01   2.8858106e-04
   9.6019036e-01   1.4399491e+00   4.7996917e+00
   1.2001303e+00   1.9192470e+00   3.8404805e+00
   8.9443051e-01   3.5777054e+00   4.4719247e-04
   1.2979497e+00   2.5971011e+00   2.3794615e+00
   6.0302592e-01   3.6181319e+00   1.8090776e+00
   1.5536007e+00   2.3305103e+00   1.4340668e+00
   1.3582387e+00   2.0389699e+00   3.1689971e+00
   1.7382682e+00   1.0697521e+00   2.4961932e+00
   1.1325146e+00   9.0599982e-01   4.7549780e+00
   6.4526468e-01   3.4418031e+00   2.3662592e+00
   1.5051739e+00   5.6443863e-04   3.9509573e+00
   4.9517287e-01   1.7332238e+00   5.1994316e+00
   1.8737078e+00   1.0129871e+00   1.4471179e+00
   9.3126590e-01   2.7941603e+00   3.2600916e+00
   1.0102353e+00   3.2323623e+00   1.8183640e+00
   2.4594935e-01   2.2208686e+00   4.9353826e+00
   9.7018022e-01   1.9403605e+00   4.3654903e+00
   1.1621712e+00   2.5563773e+00   3.0232974e+00
   1.1618244e+00   1.3940994e+00   4.4134536e+00
   9.5986906e-01   2.3998678e+00   3.8404805e+00
   1.3982007e+00   2.5968926e+00   1.7976784e+00
   1.7609426e+00   1.8963980e+00   3.7713080e-04
   9.3137094e-01   9.3118812e-01   5.1226881e+00
   7.2224161e-01   1.2019672e+00   5.2966661e+00
   1.6739360e+00   2.1890072e+00   3.8607297e-04
   1.1547432e+00   2.3094865e+00   3.4638453e+00
   1.8181313e+00   1.6666115e+00   3.6356354e-04
   1.6640850e+00   4.9717239e-04   3.3282713e+00
   1.4759112e+00   1.6863735e+00   3.1617242e+00
   1.7271305e+00   2.0150077e+00   1.3268347e-01
   7.2931876e-01   2.6740213e+00   3.8890192e+00
   7.3826363e-04   2.4784056e+00   4.7094992e+00
   8.9180743e-01   3.1044881e+00   2.6752497e+00
   5.9093685e-04   3.7510059e+00   2.0838416e+00
   6.8506085e-04   3.1705498e+00   3.6581589e+00
   1.2846909e+00   6.4234174e-01   4.4964171e+00
   1.7332241e+00   4.7258231e-04   2.9938951e+00
   1.2477052e+00   3.1192444e+00   3.1191850e-01
   1.6163281e+00   1.2116402e+00   3.0305429e+00
   7.3722020e-01   2.4599775e+00   4.1824283e+00
   7.4005900e-01   1.7272731e+00   4.9353826e+00
   8.3811822e-01   3.3524689e+00   2.0952718e+00
   1.4920358e+00   1.9186292e+00   2.7716246e+00
   1.6099123e+00   1.6099194e+00   2.6157217e+00
   1.7142611e+00   1.7142609e+00   1.7145634e+00
   5.1061946e-04   3.9201675e+00   1.1927460e+00
   5.4489215e-04   3.8461325e+00   1.6481330e+00
   6.4935665e-04   3.4633950e+00   3.0018345e+00
   1.9700650e+00   6.8947527e-01   2.6821472e-04
   1.0696184e+00   2.9940344e+00   2.3523828e+00
   1.3378819e+00   2.9732622e+00   4.4499182e-04
   1.4540976e+00   2.2850105e+00   2.2852871e+00
   1.9727869e+00   2.9589958e-04   9.8641016e-01
   9.6754304e-01   2.1771842e+00   4.1121100e+00
   2.0000000e+00   1.9963565e-04   1.9963589e-04
   1.6000167e+00   5.3305819e-04   3.5999330e+00
   4.7122660e-01   9.4179043e-01   5.6573694e+00
   1.2325973e+00   6.1582336e-04   4.7250751e+00
   1.8461618e+00   4.2588328e-04   2.3076351e+00
   7.1680689e-01   2.8687200e+00   3.5859718e+00
   4.3375958e-01   3.9047933e+00   4.3385253e-04
   1.5057241e+00   1.2905257e+00   3.4420746e+00
   1.9115657e+00   1.1762934e+00   3.1759343e-04
   9.4766133e-01   2.6063010e+00   3.5543819e+00
   1.3755494e+00   5.8892573e-04   4.3555453e+00
   7.8417650e-01   3.5280968e+00   1.5680573e+00
   1.4498160e+00   2.7553827e+00   4.3464216e-04
   1.7888689e+00   4.4696161e-04   2.6831941e+00
   1.9402848e+00   3.4130434e-04   1.4552163e+00
   1.3331130e+00   1.3334701e+00   4.0005584e+00
   1.0399451e+00   3.4167319e+00   4.4564790e-04
   4.1903912e-01   3.7520409e-04   5.8668267e+00
   5.7476190e-01   3.8312654e+00   4.4206475e-04
   3.9928434e-04   3.9999999e+00   3.9985119e-04
   6.2753272e-04   1.4051765e+00   5.6175906e+00
   1.8726529e+00   1.4045228e+00   3.2435996e-04
   6.6006155e-04   3.3281886e+00   3.3282289e+00
   6.8514023e-01   3.1944566e+00   2.9690069e+00
   7.1588644e-04   2.7858354e+00   4.3055798e+00
   1.0600122e+00   6.3255941e-04   5.0879628e+00
   7.0244102e-04   2.9896545e+00   3.9861535e+00
   1.8973949e+00   3.7891228e-04   1.8971118e+00
   1.5136564e+00   2.6144555e+00   4.1265039e-04
   6.3824559e-04   3.6192754e+00   2.5547798e+00
   1.6000108e+00   2.3999711e+00   3.9965559e-04
   7.4280164e-01   3.7138905e+00   4.4563806e-04
   1.1533883e+00   3.2678405e+00   4.4493092e-04
   7.4260212e-01   2.2281536e+00   4.4571712e+00
   7.1818929e-04   1.9154140e+00   5.2673685e+00
   5.7266633e-04   4.6752804e-04   5.9999997e+00
   6.3245515e-01   3.9681802e-04   5.6921001e+00
   5.5574114e-04   8.9941335e-01   5.8463555e+00
   8.3811291e-01   3.1312947e-04   5.4477611e+00
