   1.8133488e+00   1.6873247e+00
   1.8840671e+00   1.3420748e+00
   7.3970731e-01   3.7163601e+00
   1.1418713e+00   3.2839793e+00
   1.4715287e+00   2.7089506e+00
   1.5061794e+00   2.6316713e+00
   1.9409668e+00   9.6467208e-01
   1.7318737e+00   2.0006133e+00
   1.8445446e+00   1.5461633e+00
   2.0062562e-01   3.9798238e+00
   9.3002101e-01   3.5412206e+00
   1.2049195e+00   3.1925970e+00
   1.8654940e+00   1.4421264e+00
   7.1198607e-01   3.7379544e+00
   1.5703871e+00   2.4770017e+00
   1.8553314e+00   1.4936471e+00
   1.1578743e+00   3.2614887e+00
   1.6629037e+00   2.2223874e+00
   1.6000004e+00   2.3999991e+00
   1.2504559e+00   3.1217687e+00
   1.9946350e+00   2.9278900e-01
   9.0336115e-01   3.5687189e+00
   1.5228630e+00   2.5929815e+00
   1.9176575e+00   1.1359399e+00
   1.9856720e+00   4.7793965e-01
   1.4890676e+00   2.6703390e+00
   1.8750630e+00   1.3916016e+00
   1.6873213e+00   2.1475071e+00
   1.6457940e+00   2.2727624e+00
   1.8925325e+00   1.2935542e+00
   1.3970729e+00   2.8622979e+00
   1.0342312e+00   3.4236622e+00
   1.1894033e+00   3.2157859e+00
   1.9692171e+00   6.9909708e-01
   1.2726363e+00   3.0857069e+00
   1.7553697e+00   1.9169532e+00
   1.5391236e+00   2.5542893e+00
   1.6989861e+00   2.1103993e+00
   1.5549651e+00   2.5156180e+00
   1.2944131e+00   3.0492587e+00
   1.3367361e+00   2.9753228e+00
   1.1094006e+00   3.3282009e+00
   4.7993675e-01   3.8831228e+00
   1.8331010e+00   1.5996760e+00
   1.9094009e+00   1.1902745e+00
   1.9749950e+00   6.3053887e-01
   1.6752978e+00   2.1848362e+00
   1.7212530e+00   2.0369468e+00
   1.9904481e+00   3.9046925e-01
   8.2221547e-01   3.6463471e+00
   1.3193534e-01   3.9912870e+00
   1.7421604e+00   1.9645631e+00
   7.9483677e-01   3.6705501e+00
   1.6280062e+00   2.3234423e+00
   1.8027697e+00   1.7320755e+00
   4.0635187e-01   3.9165690e+00
   1.7916996e+00   1.7774279e+00
   1.3157833e+00   3.0124504e+00
   1.9556050e+00   8.3811511e-01
   6.2847080e-01   3.7973804e+00
   1.3773876e+00   2.9002093e+00
   1.9625165e+00   7.7078875e-01
   1.7801221e+00   1.8233653e+00
   9.8264237e-01   3.4839139e+00
   1.9004898e+00   1.2460155e+00
   1.3572732e+00   2.9378969e+00
   1.0595976e+00   3.3924935e+00
   8.4944035e-01   3.6212987e+00
   1.2278811e+00   3.1574090e+00
   1.9253019e+00   1.0829820e+00
   6.5635194e-01   3.7784664e+00
   1.1737181e+00   3.2387564e+00
   1.9486864e+00   9.0026944e-01
   2.6211134e-01   3.9655000e+00
   1.8234537e+00   1.6431880e+00
   6.8420044e-01   3.7586539e+00
   1.5853988e+00   2.4384508e+00
   1.4535602e+00   2.7474808e+00
   1.4351614e+00   2.7859015e+00
   5.1696092e-01   3.8640659e+00
   1.1257119e+00   3.3062200e+00
   3.1564827e-01   3.9498689e+00
   1.0846595e+00   3.3606629e+00
   4.4305399e-01   3.9006170e+00
   1.4163322e+00   2.8241834e+00
   1.0085757e+00   3.4541425e+00
   1.6142019e+00   2.3616537e+00
   1.7680170e+00   1.8698834e+00
   8.7649483e-01   3.5954175e+00
   5.5408704e-01   3.8434295e+00
   1.9980083e+00   1.7847165e-01
   9.5645146e-01   3.5129478e+00
   1.9804036e+00   5.5857507e-01
   7.6732777e-01   3.6938912e+00
   1.9334965e+00   1.0229201e+00
   5.9127049e-01   3.8212036e+00
   2.0004923e+00   5.0745633e-04
   1.7102933e+00   2.0735445e+00
   3.6079419e-01   3.9343755e+00
   3.6503780e-04   3.9999999e+00
