   1.3856564e+00   3.0272618e+00
   2.0042711e+00   9.0046910e-01
   1.9213737e+00   1.4613265e+00
   1.9112444e+00   1.5139255e+00
   1.2508777e+00   3.2486827e+00
   9.4185906e-01   3.6302723e+00
   1.7342275e+00   2.2071999e+00
   1.1863327e+00   3.3416549e+00
   1.8298756e+00   1.8743276e+00
   1.8936956e+00   1.6002085e+00
   1.9026827e+00   1.5567404e+00
   5.3592829e-01   3.9301411e+00
   1.8640128e+00   1.7344674e+00
   1.5919672e+00   2.5974200e+00
   1.3424098e+00   3.1026559e+00
   1.9308954e+00   1.4097536e+00
   1.8109843e+00   1.9462429e+00
   1.0673177e+00   3.4938726e+00
   1.7907931e+00   2.0194053e+00
   1.4066289e+00   2.9890869e+00
   8.8654730e-01   3.6832843e+00
   1.8205880e+00   1.9101270e+00
   1.8417798e+00   1.8271045e+00
   2.5713637e-01   4.0284894e+00
   2.0295892e+00   6.2000506e-01
   1.1192063e+00   3.4304129e+00
   2.0348803e+00   5.4091770e-01
   1.0231656e+00   3.5445379e+00
   2.0394721e+00   4.5988095e-01
   1.4669009e+00   2.8730421e+00
   1.9482358e+00   1.3096839e+00
   2.0471518e+00   2.6339903e-01
   1.9576270e+00   1.2515976e+00
   1.6237461e+00   2.5184597e+00
   1.7090083e+00   2.2840022e+00
   1.2027206e+00   3.3187828e+00
   3.1155871e-01   4.0156460e+00
   1.2974648e+00   3.1765518e+00
   6.5028416e-01   3.8655780e+00
   1.6080722e+00   2.5579164e+00
   1.1530776e+00   3.3865969e+00
   1.1020492e+00   3.4518774e+00
   7.1700439e-01   3.8209973e+00
   1.5410291e+00   2.7159574e+00
   8.0230227e-01   3.7562333e+00
   1.9474263e-01   4.0395110e+00
   1.4472541e+00   2.9119440e+00
   1.8842664e+00   1.6443232e+00
   1.7579358e+00   2.1313028e+00
   1.9896780e+00   1.0249858e+00
   1.5754275e+00   2.6369449e+00
   1.7218103e+00   2.2454957e+00
   7.7395881e-01   3.7787444e+00
   1.8010548e+00   1.9826739e+00
   1.2269892e+00   3.2840046e+00
   1.6389920e+00   2.4790777e+00
   1.9817575e+00   1.0859787e+00
   6.1211934e-01   3.8887612e+00
   5.7398592e-01   3.9102791e+00
   1.9663153e+00   1.1949638e+00
   2.0500000e+00   5.0022198e-02
   1.8743780e+00   1.6890791e+00
   1.2743724e+00   3.2128546e+00
   8.5861625e-01   3.7084914e+00
   4.1329426e-01   3.9834551e+00
   1.5584490e+00   2.6764666e+00
   9.6920175e-01   3.6025023e+00
   1.0847529e+00   3.4730317e+00
   7.4552012e-01   3.8003343e+00
   1.1362167e+00   3.4086505e+00
   3.6676734e-01   3.9995106e+00
   1.5231656e+00   2.7553895e+00
   1.3201464e+00   3.1398078e+00
   9.1430142e-01   3.6572056e+00
   2.0435098e+00   3.7198537e-01
   1.9398397e+00   1.3592075e+00
   1.9743450e+00   1.1397639e+00
   1.4271621e+00   2.9506375e+00
   8.3052784e-01   3.7328121e+00
   1.4861020e+00   2.8339620e+00
   1.5048563e+00   2.7947354e+00
   2.0108685e+00   8.3738716e-01
   1.6538165e+00   2.4397887e+00
   1.6729357e+00   2.3875882e+00
   1.9968710e+00   9.6584555e-01
   1.8531527e+00   1.7804801e+00
   4.6021369e-01   3.9649584e+00
   6.8843232e-01   3.8407277e+00
   1.6913285e+00   2.3356427e+00
   9.9631015e-01   3.5739166e+00
   1.7462671e+00   2.1691300e+00
   2.0237182e+00   6.9633247e-01
   1.0497512e+00   3.5143888e+00
   1.7692414e+00   2.0937310e+00
   4.9799141e-01   3.9483605e+00
   9.0165698e-02   4.0491933e+00
   1.3642483e+00   3.0651294e+00
   1.1697843e+00   3.3642619e+00
   1.7801913e+00   2.0564278e+00
   2.0174181e+00   7.6907210e-01
