   1.0052903e+00   3.5642114e+00
   1.7976717e+00   1.9948842e+00
   1.9026831e+00   1.5567387e+00
   9.4185877e-01   3.6302726e+00
   1.9690629e+00   1.1764056e+00
   1.3785685e+00   3.0399203e+00
   1.0231656e+00   3.5445379e+00
   1.3350346e+00   3.1150847e+00
   1.6634680e+00   2.4136591e+00
   1.4406061e+00   2.9248667e+00
   1.3126318e+00   3.1521031e+00
   1.7175862e+00   2.2583081e+00
   1.6776013e+00   2.3745767e+00
   6.0258134e-01   3.8942965e+00
   1.4797512e+00   2.8470067e+00
   2.0378359e+00   4.9049247e-01
   3.9463186e-01   3.9901669e+00
   1.0585516e+00   3.5041706e+00
   2.0042709e+00   9.0047105e-01
   1.5526915e+00   2.6896350e+00
   2.0425531e+00   3.9485915e-01
   4.8853054e-01   3.9526611e+00
   1.5351240e+00   2.7291093e+00
   1.1780784e+00   3.3529921e+00
   1.4986549e+00   2.8078246e+00
   1.4203670e+00   2.9634819e+00
   1.9605990e+00   1.2325590e+00
   1.1106461e+00   3.4411825e+00
   2.0467170e+00   2.7909679e-01
   9.8730053e-01   3.5835352e+00
   1.9907486e+00   1.0164259e+00
   1.7765801e+00   2.0688324e+00
   1.8793804e+00   1.6666228e+00
   1.9415617e+00   1.3492217e+00
   1.8475313e+00   1.8037176e+00
   2.0328073e+00   5.7335537e-01
   1.2108522e+00   3.3072517e+00
   4.4140570e-01   3.9726530e+00
   1.9514473e+00   1.2901583e+00
   1.6185685e+00   2.5316067e+00
   1.7655120e+00   2.1062283e+00
   6.7889939e-01   3.8470966e+00
   7.4552006e-01   3.8003343e+00
   8.8654771e-01   3.6832839e+00
   1.8692561e+00   1.7116945e+00
   6.4074274e-01   3.8715301e+00
   2.0100853e+00   8.4514946e-01
   1.8237191e+00   1.8981566e+00
   1.7301306e+00   2.2199411e+00
   1.5865024e+00   2.6105939e+00
   2.0219297e+00   7.1781228e-01
   1.9233258e+00   1.4509291e+00
   7.1700423e-01   3.8209974e+00
   1.7046542e+00   2.2968819e+00
   1.7422947e+00   2.1817959e+00
   1.6339567e+00   2.4921966e+00
   1.2898126e+00   3.1887034e+00
   1.8586457e+00   1.7573965e+00
   1.9133205e+00   1.5033227e+00
   2.0160381e+00   7.8401466e-01
   1.0760524e+00   3.4834918e+00
   1.1277300e+00   3.4195685e+00
   1.9978425e+00   9.5754557e-01
   1.8358954e+00   1.8506417e+00
   1.9768824e+00   1.1216796e+00
   1.6027520e+00   2.5710802e+00
   8.3052787e-01   3.7328121e+00
   3.3907110e-01   4.0079984e+00
   1.8109836e+00   1.9462454e+00
   2.6614857e-01   4.0265713e+00
   8.0230226e-01   3.7562333e+00
   1.3570164e+00   3.0776778e+00
   2.0500000e+00   5.0089291e-02
   1.6780661e-01   4.0430548e+00
   1.9327293e+00   1.3995632e+00
   1.7872975e+00   2.0317140e+00
   7.7395957e-01   3.7787438e+00
   1.6913277e+00   2.3356450e+00
   1.2269897e+00   3.2840039e+00
   1.1446661e+00   3.3976596e+00
   1.2665851e+00   3.2248516e+00
   1.4604012e+00   2.8860314e+00
   1.5698168e+00   2.6501208e+00
   5.2643103e-01   3.9348493e+00
   1.6489216e+00   2.4528731e+00
   1.1614502e+00   3.3754645e+00
   8.5861629e-01   3.7084913e+00
   1.0409210e+00   3.5245219e+00
   1.8913805e+00   1.6111765e+00
   1.9840980e+00   1.0683613e+00
   1.1945468e+00   3.3302516e+00
   1.3996868e+00   3.0018439e+00
   1.5171122e+00   2.7685155e+00
   1.2429584e+00   3.2605141e+00
   1.0934188e+00   3.4624931e+00
   9.6920122e-01   3.6025029e+00
   2.0275744e+00   6.4732543e-01
   1.7540870e+00   2.1438841e+00
   5.6446261e-01   3.9153994e+00
   9.1430112e-01   3.6572059e+00
