   6.5028416e-01   3.8655780e+00
   9.8730051e-01   3.5835352e+00
   1.1020502e+00   3.4518762e+00
   2.0441740e+00   3.5509156e-01
   4.8853105e-01   3.9526609e+00
   1.9649143e+00   1.2043021e+00
   1.8109837e+00   1.9462450e+00
   1.7579356e+00   2.1313035e+00
   1.1697844e+00   3.3642619e+00
   1.7090080e+00   2.2840030e+00
   1.8205881e+00   1.9101265e+00
   1.0142427e+00   3.5544178e+00
   1.9465991e+00   1.3195068e+00
   1.8982431e+00   1.5783945e+00
   1.8298759e+00   1.8743264e+00
   1.6586656e+00   2.4267161e+00
   1.7907932e+00   2.0194051e+00
   1.5809891e+00   2.6237694e+00
   1.9193975e+00   1.4717636e+00
   1.3497366e+00   3.0901873e+00
   1.8531526e+00   1.7804805e+00
   8.2113501e-01   3.7407185e+00
   1.0673182e+00   3.4938720e+00
   1.2821149e+00   3.2008048e+00
   1.9290382e+00   1.4199862e+00
   1.2349959e+00   3.2722878e+00
   1.8866663e+00   1.6332335e+00
   2.0403810e+00   4.4183313e-01
   1.4538526e+00   2.8989984e+00
   1.1530774e+00   3.3865973e+00
   7.6448960e-01   3.7860432e+00
   1.9907488e+00   1.0164246e+00
   1.7801913e+00   2.0564279e+00
   1.9743451e+00   1.1397634e+00
   8.4926945e-01   3.7166979e+00
   4.5080475e-01   3.9688547e+00
   1.8743783e+00   1.6890774e+00
   1.1192067e+00   3.4304124e+00
   2.4815071e-01   4.0303197e+00
   6.7889934e-01   3.8470966e+00
   7.0748548e-01   3.8276780e+00
   1.7462670e+00   2.1691301e+00
   1.7218104e+00   2.2454953e+00
   1.9561118e+00   1.2611774e+00
   2.0051381e+00   8.9246029e-01
   1.2587534e+00   3.2367948e+00
   1.9091428e+00   1.5245683e+00
   1.7692414e+00   2.0937310e+00
   1.4924033e+00   2.8209007e+00
   1.4339089e+00   2.9377647e+00
   1.6439801e+00   2.4659698e+00
   1.1863327e+00   3.3416548e+00
   9.6011240e-01   3.6118509e+00
   7.9286664e-01   3.7638385e+00
   1.8640128e+00   1.7344675e+00
   1.5973835e+00   2.5842490e+00
   9.3269631e-01   3.6393438e+00
   2.0254240e+00   6.7514043e-01
   1.6133442e+00   2.5447584e+00
   3.5751480e-01   4.0024345e+00
   1.5468846e+00   2.7027996e+00
   1.3050714e+00   3.1643512e+00
   4.0395494e-01   3.9868596e+00
   2.0360392e+00   5.2179815e-01
   1.5641574e+00   2.6632948e+00
   8.7725560e-01   3.6917843e+00
   5.6446261e-01   3.9153994e+00
   1.9978424e+00   9.5754577e-01
   1.2027200e+00   3.3187836e+00
   1.8010548e+00   1.9826738e+00
   2.0474215e+00   2.5305182e-01
   1.5110095e+00   2.7816305e+00
   1.6913287e+00   2.3356421e+00
   1.0847527e+00   3.4730319e+00
   1.6288745e+00   2.5053251e+00
   2.0310152e+00   5.9983236e-01
   1.7342278e+00   2.2071990e+00
   1.9829360e+00   1.0771480e+00
   1.0409209e+00   3.5245219e+00
   1.4135225e+00   2.9762990e+00
   5.9304615e-01   3.8997277e+00
   1.1362169e+00   3.4086502e+00
   1.5291699e+00   2.7422530e+00
   9.0507110e-01   3.6659941e+00
   5.2643108e-01   3.9348493e+00
   1.2189421e+00   3.2956582e+00
   2.0124007e+00   8.2196731e-01
   1.9380956e+00   1.3692349e+00
   1.4733507e+00   2.8600341e+00
   3.0243089e-01   4.0180114e+00
   1.6729359e+00   2.3875878e+00
   1.8417797e+00   1.8271051e+00
   2.0500000e+00   5.0026912e-02
   1.3926958e+00   3.0145694e+00
   1.7049231e-01   4.0427342e+00
   2.0194113e+00   7.4690499e-01
   7.3602231e-01   3.8073253e+00
   1.3714324e+00   3.0525432e+00
   1.3276142e+00   3.1274678e+00
   6.2165855e-01   3.8831222e+00
