   1.2429584e+00   3.2605141e+00
   1.7801914e+00   2.0564275e+00
   1.5351237e+00   2.7291100e+00
   1.8109838e+00   1.9462446e+00
   1.9449412e+00   1.3293713e+00
   1.6027518e+00   2.5710807e+00
   9.3269636e-01   3.6393437e+00
   1.9173967e+00   1.4822424e+00
   1.9363293e+00   1.3793033e+00
   1.2108519e+00   3.3072522e+00
   9.8730051e-01   3.5835352e+00
   9.6011224e-01   3.6118510e+00
   1.2665851e+00   3.2248516e+00
   1.8768941e+00   1.6778304e+00
   9.0507077e-01   3.6659945e+00
   1.1614505e+00   3.3754641e+00
   1.3126315e+00   3.1521037e+00
   1.8959831e+00   1.5892810e+00
   1.9271576e+00   1.4302598e+00
   1.5698175e+00   2.6501191e+00
   1.8205884e+00   1.9101256e+00
   4.1329375e-01   3.9834553e+00
   1.4406060e+00   2.9248668e+00
   1.4604014e+00   2.8860309e+00
   7.0748588e-01   3.8276778e+00
   1.3996864e+00   3.0018447e+00
   1.1780783e+00   3.3529921e+00
   1.1106462e+00   3.4411825e+00
   1.8866661e+00   1.6332340e+00
   1.1446664e+00   3.3976591e+00
   1.8559149e+00   1.7689197e+00
   7.6448971e-01   3.7860431e+00
   1.5526916e+00   2.6896349e+00
   1.6339568e+00   2.4921964e+00
   1.6489215e+00   2.4528733e+00
   2.0391573e+00   4.6594901e-01
   1.9070157e+00   1.5352510e+00
   1.6185690e+00   2.5316053e+00
   5.2643099e-01   3.9348493e+00
   1.4203670e+00   2.9634819e+00
   1.7907932e+00   2.0194051e+00
   1.7046547e+00   2.2968802e+00
   1.4986550e+00   2.8078244e+00
   1.0934197e+00   3.4624920e+00
   8.2113364e-01   3.7407197e+00
   3.6676735e-01   3.9995106e+00
   1.1277300e+00   3.4195685e+00
   1.8666493e+00   1.7230635e+00
   1.5865027e+00   2.6105933e+00
   1.5171122e+00   2.7685155e+00
   8.4927032e-01   3.7166971e+00
   1.7579357e+00   2.1313031e+00
   6.0258161e-01   3.8942963e+00
   4.5080525e-01   3.9688545e+00
   1.9530221e+00   1.2804582e+00
   1.2898122e+00   3.1887040e+00
   7.9286666e-01   3.7638385e+00
   1.3785682e+00   3.0399208e+00
   2.0500000e+00   5.0038922e-02
   1.4797512e+00   2.8470067e+00
   1.9852448e+00   1.0596092e+00
   1.8446720e+00   1.8153923e+00
   6.7889902e-01   3.8470968e+00
   1.6785809e-01   4.0430487e+00
   1.6867975e+00   2.3486031e+00
   1.9605990e+00   1.2325592e+00
   1.9690631e+00   1.1764046e+00
   8.7725563e-01   3.6917842e+00
   1.7342274e+00   2.2072000e+00
   1.3350356e+00   3.1150831e+00
   2.0068353e+00   8.7654874e-01
   5.6446261e-01   3.9153994e+00
   2.0435098e+00   3.7198615e-01
   1.8010548e+00   1.9826738e+00
   2.0131502e+00   8.1430701e-01
   1.9768825e+00   1.1216788e+00
   2.4815071e-01   4.0303197e+00
   1.7692414e+00   2.0937311e+00
   1.0760524e+00   3.4834918e+00
   2.0295892e+00   6.2000556e-01
   3.1155787e-01   4.0156462e+00
   7.3602230e-01   3.8073253e+00
   1.2269903e+00   3.2840030e+00
   1.7462669e+00   2.1691305e+00
   1.1945481e+00   3.3302497e+00
   1.9928465e+00   9.9941551e-01
   6.4074178e-01   3.8715307e+00
   1.0409201e+00   3.5245229e+00
   1.3570160e+00   3.0776785e+00
   1.0142431e+00   3.5544174e+00
   4.8853112e-01   3.9526609e+00
   1.0585515e+00   3.5041708e+00
   2.0187570e+00   7.5426086e-01
   2.0242958e+00   6.8923720e-01
   1.7218100e+00   2.2454965e+00
   2.0344801e+00   5.4734744e-01
   1.6682249e+00   2.4006153e+00
   1.9997448e+00   9.4105634e-01
   2.0471517e+00   2.6340321e-01
   1.8329027e+00   1.8624655e+00
