   1.6729358e+00   2.3875880e+00
   1.7907932e+00   2.0194051e+00
   1.1945468e+00   3.3302515e+00
   2.0314748e+00   5.9316712e-01
   1.6586655e+00   2.4267164e+00
   1.9498518e+00   1.2999013e+00
   1.9591228e+00   1.2420575e+00
   1.7462671e+00   2.1691300e+00
   1.7692414e+00   2.0937310e+00
   1.8205884e+00   1.9101255e+00
   1.1106462e+00   3.4411825e+00
   1.8388543e+00   1.8388547e+00
   1.8818382e+00   1.6554517e+00
   1.8913807e+00   1.6111755e+00
   1.8503581e+00   1.7920802e+00
   1.1446659e+00   3.3976598e+00
   1.7218106e+00   2.2454949e+00
   2.9332546e-01   4.0202860e+00
   1.6288748e+00   2.5053243e+00
   1.5809891e+00   2.6237696e+00
   1.4733508e+00   2.8600339e+00
   8.5861623e-01   3.7084914e+00
   1.7342271e+00   2.2072010e+00
   2.0475506e+00   2.4790692e-01
   1.9112444e+00   1.5139253e+00
   5.1694195e-01   3.9394551e+00
   1.9004764e+00   1.5675468e+00
   1.0409215e+00   3.5245213e+00
   1.8613447e+00   1.7459131e+00
   1.3276144e+00   3.1274674e+00
   1.1277298e+00   3.4195688e+00
   1.9676981e+00   1.1856654e+00
   2.3918997e-01   4.0320634e+00
   1.5110095e+00   2.7816304e+00
   1.0934190e+00   3.4624928e+00
   1.9756222e+00   1.1307016e+00
   9.1430142e-01   3.6572056e+00
   8.0230195e-01   3.7562335e+00
   1.1780786e+00   3.3529918e+00
   1.5291695e+00   2.7422537e+00
   1.7801911e+00   2.0564283e+00
   1.7579358e+00   2.1313029e+00
   1.5973835e+00   2.5842487e+00
   1.4538521e+00   2.8989992e+00
   1.9308957e+00   1.4097519e+00
   1.1614502e+00   3.3754645e+00
   2.0265165e+00   6.6117150e-01
   1.9398398e+00   1.3592068e+00
   6.6936338e-01   3.8533611e+00
   5.5494480e-01   3.9204164e+00
   1.3497363e+00   3.0901879e+00
   1.6439800e+00   2.4659701e+00
   1.9840979e+00   1.0683619e+00
   6.3120105e-01   3.8773779e+00
   2.0364118e+00   5.1548115e-01
   1.4339089e+00   2.9377647e+00
   9.4185906e-01   3.6302723e+00
   1.6913282e+00   2.3356437e+00
   8.3052790e-01   3.7328121e+00
   1.8718322e+00   1.7003666e+00
   1.7090084e+00   2.2840019e+00
   2.0206899e+00   7.3229420e-01
   1.8109839e+00   1.9462446e+00
   1.8010548e+00   1.9826738e+00
   1.0585503e+00   3.5041722e+00
   1.3050712e+00   3.1643515e+00
   3.8532588e-01   3.9933775e+00
   3.3907312e-01   4.0079978e+00
   1.9918049e+00   1.0079013e+00
   1.0760524e+00   3.4834918e+00
   1.0231656e+00   3.5445379e+00
   5.9304616e-01   3.8997277e+00
   1.2108521e+00   3.3072519e+00
   2.0076656e+00   8.6864633e-01
   7.0748423e-01   3.8276789e+00
   2.0146156e+00   7.9909441e-01
   1.3926954e+00   3.0145701e+00
   1.5468848e+00   2.7027992e+00
   1.9997449e+00   9.4105529e-01
   7.4552012e-01   3.8003343e+00
   4.7908169e-01   3.9568601e+00
   2.0406722e+00   4.3587150e-01
   1.4924034e+00   2.8209006e+00
   1.2587535e+00   3.2367947e+00
   1.8298759e+00   1.8743264e+00
   4.3201972e-01   3.9763525e+00
   2.0443856e+00   3.4950764e-01
   2.0500000e+00   5.0120671e-02
   1.6133441e+00   2.5447588e+00
   8.8654732e-01   3.6832842e+00
   9.6920090e-01   3.6025032e+00
   1.4135223e+00   2.9762993e+00
   1.3714324e+00   3.0525431e+00
   7.7395955e-01   3.7787438e+00
   9.9630945e-01   3.5739174e+00
   1.9213734e+00   1.4613278e+00
   1.5641573e+00   2.6632950e+00
   1.6800515e-01   4.0430313e+00
   1.2821147e+00   3.2008053e+00
   1.2349956e+00   3.2722883e+00
