   1.2102211e+00   3.2720887e+00
   1.6058143e+00   2.5116582e+00
   1.3891509e+00   2.9792486e+00
   1.7798349e+00   1.9910020e+00
   1.8642807e+00   1.6532300e+00
   1.1199014e+00   3.3958301e+00
   9.9861614e-01   3.5405464e+00
   1.4492470e+00   2.8639879e+00
   1.4096208e+00   2.9410606e+00
   6.6554066e-01   3.8313559e+00
   1.3682474e+00   3.0171611e+00
   1.8542299e+00   1.6979346e+00
   7.7868590e-01   3.7485595e+00
   1.9435614e+00   1.2321920e+00
   1.9136193e+00   1.4086364e+00
   1.1366739e+00   3.3739369e+00
   4.3919524e-01   3.9527571e+00
   1.9040336e+00   1.4599836e+00
   5.8979529e-01   3.8783509e+00
   1.5232095e+00   2.7079271e+00
   9.7183713e-01   3.5694578e+00
   1.2573930e+00   3.2014479e+00
   1.6996419e+00   2.2530137e+00
   2.0075587e+00   6.9804426e-01
   1.9859519e+00   9.1748653e-01
   1.4871108e+00   2.7861960e+00
   8.3470021e-01   3.7017140e+00
   1.7898973e+00   1.9546569e+00
   1.0687170e+00   3.4597453e+00
   1.6733736e+00   2.3299141e+00
   1.6210499e+00   2.4725105e+00
   4.7662487e-01   3.9365692e+00
   1.9782304e+00   9.8319399e-01
   1.3251556e+00   3.0920301e+00
   6.9391666e-01   3.8120357e+00
   1.8326716e+00   1.7892092e+00
   1.8938418e+00   1.5123486e+00
   1.6502711e+00   2.3945102e+00
   1.8436995e+00   1.7432645e+00
   1.6642664e+00   2.3557031e+00
   2.0140686e+00   6.1526351e-01
   9.1757553e-01   3.6248776e+00
   1.8738688e+00   1.6091612e+00
   1.5053804e+00   2.7471065e+00
   7.2224626e-01   3.7917929e+00
   9.4481773e-01   3.5975750e+00
   3.4664483e-01   3.9864156e+00
   1.1029818e+00   3.4174345e+00
   1.8211284e+00   1.8357567e+00
   1.8090520e+00   1.8828910e+00
   2.0289096e+00   3.5243966e-01
   3.9271409e-01   3.9707856e+00
   1.5740689e+00   2.5901346e+00
   1.8830127e+00   1.5657286e+00
   1.9243641e+00   1.3483640e+00
   1.4683996e+00   2.8251665e+00
   2.0198206e+00   5.3045809e-01
   1.7996337e+00   1.9186174e+00
   8.6249757e-01   3.6769638e+00
   1.6867031e+00   2.2913723e+00
   1.9612648e+00   1.1128179e+00
   1.7361747e+00   2.1392213e+00
   1.5405988e+00   2.6686877e+00
   1.1532950e+00   3.3517642e+00
   1.9343290e+00   1.2895526e+00
   2.0011265e+00   7.7051686e-01
   1.7694395e+00   2.0276404e+00
   5.1422922e-01   3.9187849e+00
   1.7587027e+00   2.0645643e+00
   3.0105377e-01   3.9997151e+00
   1.4296534e+00   2.9026302e+00
   1.9696103e+00   1.0512658e+00
   7.5050934e-01   3.7706320e+00
   1.2803881e+00   3.1654039e+00
   1.7476174e+00   2.1017602e+00
   1.3029782e+00   3.1289202e+00
   5.5196753e-01   3.8993836e+00
   6.2766825e-01   3.8556764e+00
   1.5575512e+00   2.6294143e+00
   1.1860683e+00   3.3066147e+00
   1.5901554e+00   2.5508742e+00
   1.9521066e+00   1.1762692e+00
   1.0251361e+00   3.5108645e+00
   2.0352093e+00   3.5209255e-02
   1.9936598e+00   8.4631112e-01
   2.0247144e+00   4.4444948e-01
   2.4706665e-01   4.0127042e+00
   1.2340011e+00   3.2370201e+00
   8.9012927e-01   3.6513463e+00
   1.7121953e+00   2.2148585e+00
   1.7243709e+00   2.1769216e+00
   1.0859188e+00   3.4387424e+00
   1.6358676e+00   2.4334527e+00
   1.0513814e+00   3.4804345e+00
   1.3469138e+00   3.0547663e+00
   2.0324282e+00   2.4607826e-01
   3.6859869e-02   4.0352079e+00
   1.1697612e+00   3.3293203e+00
   8.0675612e-01   3.7255835e+00
   1.7647073e-01   4.0252194e+00
