   1.7856807e+00   1.9657504e+00
   1.4156754e+00   2.9268863e+00
   1.2873731e+00   3.1518446e+00
   5.1406065e-01   3.9174964e+00
   1.1527883e+00   3.3502908e+00
   1.2016761e+00   3.2821899e+00
   5.8959259e-01   3.8770192e+00
   1.0682612e+00   3.4582685e+00
   1.8558526e+00   1.6858518e+00
   1.4355491e+00   2.8883937e+00
   1.3953636e+00   2.9651485e+00
   1.5623402e+00   2.6150394e+00
   1.0159004e+00   3.5193694e+00
   1.7987279e+00   1.9176521e+00
   1.4549835e+00   2.8497005e+00
   1.9802556e+00   9.5780928e-01
   1.3746177e+00   3.0031456e+00
   1.6902154e+00   2.2774265e+00
   9.8930744e-01   3.5488001e+00
   1.1855414e+00   3.3051456e+00
   1.5106410e+00   2.7327280e+00
   1.9199118e+00   1.3676085e+00
   2.0071824e+00   6.9064325e-01
   2.0180555e+00   5.4292888e-01
   1.8681917e+00   1.6302961e+00
   1.1025051e+00   3.4159584e+00
   1.9483643e+00   1.1941588e+00
   7.4082277e-01   3.7763828e+00
   1.9942712e+00   8.3047521e-01
   6.2744824e-01   3.8543247e+00
   1.6252308e+00   2.4582634e+00
   2.0008453e+00   7.6275275e-01
   1.9107925e+00   1.4181149e+00
   2.2919982e-01   4.0152509e+00
   6.8421504e-01   3.8171992e+00
   8.2508174e-01   3.7083351e+00
   1.9395971e+00   1.2505286e+00
   1.9876603e+00   8.9300679e-01
   2.0231346e+00   4.5619718e-01
   1.7391571e+00   2.1256365e+00
   1.7614343e+00   2.0511956e+00
   1.0509354e+00   3.4789588e+00
   1.7274807e+00   2.1632423e+00
   1.8454487e+00   1.7310026e+00
   1.8112099e+00   1.8701113e+00
   1.8231454e+00   1.8231454e+00
   5.5178303e-01   3.8980725e+00
   1.2412809e+00   3.2237583e+00
   9.0808442e-01   3.6323377e+00
   1.7154366e+00   2.2010853e+00
   2.0126082e+00   6.2169590e-01
   1.9651588e+00   1.0768827e+00
   2.8288638e-01   4.0032709e+00
   1.1692442e+00   3.3278490e+00
   7.9710860e-01   3.7319168e+00
   1.5283109e+00   2.6935424e+00
   1.3534405e+00   3.0408468e+00
   1.4925286e+00   2.7718395e+00
   1.8345523e+00   1.7767712e+00
   1.9010916e+00   1.4696382e+00
   1.9301282e+00   1.3083416e+00
   9.3538159e-01   3.6053052e+00
   1.1361771e+00   3.3724623e+00
   9.6246277e-01   3.5774518e+00
   1.6399007e+00   2.4192584e+00
   1.9564739e+00   1.1392127e+00
   1.7720508e+00   2.0143825e+00
   8.5291534e-01   3.6838686e+00
   1.6725406e+00   2.3287524e+00
   1.4739760e+00   2.8108406e+00
   1.0854525e+00   3.4372659e+00
   7.6901500e-01   3.7546031e+00
   2.0313519e+00   2.5106570e-01
   1.6101447e+00   2.4973662e+00
   1.1194147e+00   3.3943543e+00
   1.7504725e+00   2.0882832e+00
   1.3318370e+00   3.0782190e+00
   8.8058962e-01   3.6585308e+00
   1.5455435e+00   2.6543030e+00
   3.3738659e-01   3.9880907e+00
   1.6541595e+00   2.3803736e+00
   1.7030166e+00   2.2391535e+00
   1.2176450e+00   3.2589914e+00
   2.0275090e+00   3.6342141e-01
   6.5584153e-01   3.8362246e+00
   1.3098123e+00   3.1152294e+00
   4.3905706e-01   3.9515167e+00
   1.6772371e-01   4.0253789e+00
   1.8907787e+00   1.5221797e+00
   2.0342910e+00   3.4290975e-02
   1.9730669e+00   1.0164275e+00
   3.9259538e-01   3.9695765e+00
   4.7647122e-01   3.9353045e+00
   1.0334799e+00   3.4993286e+00
   1.5946369e+00   2.5365466e+00
   1.8798230e+00   1.5757340e+00
   1.2645264e+00   3.1880321e+00
   1.5787035e+00   2.5757788e+00
   3.8845673e-02   4.0342806e+00
   7.1254853e-01   3.7972508e+00
