   1.2244898e+00   1.7142264e+00   4.1632535e+00
   2.4922828e-01   1.9938591e+00   5.2338803e+00
   1.1882681e+00   2.1388811e+00   3.8023990e+00
   1.9441329e+00   1.2498361e+00   1.1435919e-01
   1.4016640e+00   2.9590897e+00   3.1146301e-01
   1.3427929e+00   3.0692304e+00   1.5345663e-01
   8.8045650e-01   3.3000006e+00   2.4212209e+00
   1.5931993e+00   2.1906814e+00   1.9915054e+00
   1.3657868e+00   1.8210385e+00   3.6420985e+00
   7.5599825e-01   2.0160921e+00   4.7881957e+00
   1.5375717e+00   1.3179152e+00   3.5144552e+00
   6.6149312e-01   2.2037286e-01   5.7329476e+00
   1.2175884e+00   3.0408567e+00   1.8263783e+00
   1.1301601e+00   6.7808410e-01   4.9726804e+00
   1.7583568e+00   2.0780597e+00   1.3525562e-01
   1.0296088e+00   3.2947404e+00   1.8532923e+00
   1.4282543e+00   2.6525836e+00   1.8363034e+00
   9.4906202e-01   2.8471927e+00   3.3217062e+00
   1.4850463e+00   2.1214854e+00   2.7578986e+00
   9.2857070e-01   3.0184870e+00   3.0185237e+00
   1.3592513e+00   2.0388138e+00   3.3982632e+00
   7.1429459e-01   3.0953200e+00   3.3335551e+00
   1.9495853e+00   1.2997147e-01   1.7996156e+00
   1.7983789e+00   1.9367209e+00   1.2909806e-01
   1.7354657e+00   9.6413708e-01   2.8924483e+00
   2.0174350e+00   1.0086083e-01   8.9660725e-01
   2.4720912e-01   1.7304669e+00   5.4386223e+00
   1.5456826e+00   1.9320770e-01   3.9746120e+00
   1.3251233e+00   2.6525920e+00   2.4293827e+00
   1.3308484e+00   8.8723280e-01   4.4361038e+00
   1.5169453e+00   2.7304969e+00   1.5169251e-01
   1.1856675e+00   2.6100504e+00   3.0827868e+00
   9.8566372e-01   2.2179197e+00   4.1894128e+00
   1.1780346e+00   2.3560208e+00   3.5341104e+00
   1.2867674e+00   2.1445515e-01   4.7181129e+00
   1.0260176e+00   3.4884751e+00   6.9768995e-01
   2.2141855e-01   3.5426258e+00   2.8784411e+00
   1.7381020e+00   1.3518250e+00   2.5105713e+00
   1.7989072e+00   1.6353265e-01   2.8782535e+00
   1.3721002e+00   2.2867717e+00   2.9728877e+00
   9.7816831e-01   2.4454498e+00   3.9126863e+00
   1.1707221e+00   1.1707194e+00   4.6828289e+00
   1.8568057e+00   1.7020541e+00   1.2378607e-01
   1.9310124e-01   3.8618864e+00   1.7379114e+00
   9.7694749e-01   1.4653677e+00   4.8846162e+00
   1.9036043e+00   1.4642246e-01   2.1964700e+00
   1.0909863e+00   3.0528225e+00   2.4001697e+00
   3.8254177e-02   3.8254177e-02   6.0382542e+00
   6.1107535e-01   3.8698946e+00   1.5478854e-01
   9.8807103e-01   1.9761362e+00   4.4463162e+00
   1.9806519e+00   9.9031997e-01   1.0424115e-01
   1.8404777e+00   1.1712758e+00   2.0078993e+00
   2.0737563e-01   3.7328083e+00   2.2811740e+00
   1.6447003e+00   1.0279168e+00   3.2894473e+00
   8.7662206e-01   2.1914658e-01   5.4789002e+00
   4.7946476e-01   3.3563736e+00   3.1165146e+00
   1.5843645e+00   2.5746295e+00   1.4402541e-01
   6.5618358e-01   3.4996124e+00   2.4059994e+00
   1.2349115e+00   3.2423219e+00   1.5439489e-01
   7.5067686e-01   2.5022832e+00   4.2538617e+00
   1.6295187e+00   1.8331897e-01   3.6664146e+00
   7.1582928e-01   3.7581332e+00   8.9478974e-01
   1.6513430e+00   2.4019505e+00   1.4127480e-01
   1.0753508e+00   2.1496610e-01   5.1616919e+00
   7.2959650e-01   2.9185729e+00   3.6482238e+00
   2.4919082e-01   2.4918950e+00   4.7346244e+00
   2.5052570e-01   3.0068035e+00   4.0090005e+00
   2.0129800e+00   6.7099248e-01   9.5854962e-02
   2.4711670e-01   2.7182858e+00   4.4480848e+00
   2.4535866e-01   3.1898087e+00   3.6805478e+00
   2.4986513e-01   2.2491075e+00   4.9980197e+00
   1.3944313e+00   1.3944310e+00   3.9509025e+00
   8.0954925e-01   3.7239254e+00   3.2381940e-01
   4.5570083e-01   3.9494194e+00   1.5189984e-01
   7.4458397e-01   1.4892737e+00   5.2124791e+00
   9.4740493e-01   3.6001944e+00   1.5789477e-01
   1.8963633e+00   1.5170573e+00   1.1852155e-01
   1.1297006e+00   3.3891109e+00   1.6137967e-01
   1.6980202e+00   2.2640320e+00   2.8298771e-01
   4.3781227e-01   2.1885656e-01   5.9110551e+00
   1.4384244e+00   2.0548701e-01   4.3152607e+00
   7.4193534e-01   2.7204417e+00   3.9570172e+00
   1.9156240e+00   1.1174617e+00   1.3261960e+00
   1.4858146e+00   2.3347994e+00   2.3348496e+00
   1.6333530e+00   1.8375483e+00   2.4500282e+00
   3.8406945e-02   4.0382542e+00   3.8336328e-02
   8.2571220e-01   3.5092928e+00   1.8578539e+00
   4.8777405e-01   1.2194740e+00   5.6097895e+00
   9.4672280e-01   9.4670501e-01   5.2069364e+00
   1.8564654e+00   1.5470218e-01   2.5315375e+00
   1.7525398e+00   1.7525394e+00   1.7525421e+00
   1.7217389e+00   1.7215684e-01   3.2712976e+00
   2.3410431e-01   9.3676798e-01   5.8553238e+00
   1.6513089e+00   1.4447711e+00   2.8898046e+00
   3.5653837e-01   3.9269463e+00   1.0708512e+00
   6.1293811e-01   3.6766719e+00   1.8387980e+00
   1.5354299e+00   1.7547735e+00   3.0708599e+00
   1.9882045e+00   1.1694725e-01   1.3669038e+00
   9.6576174e-01   2.6558754e+00   3.6216465e+00
   2.0382542e+00   3.8254177e-02   3.8254177e-02
