   1.2960232e+00   3.1424129e+00
   8.1636564e-01   3.7189990e+00
   1.0167047e+00   3.5221539e+00
   1.9383443e+00   1.2708350e+00
   1.8390726e+00   1.7669520e+00
   9.9898431e-01   3.5418577e+00
   1.9008791e+00   1.4814687e+00
   1.0517780e+00   3.4817482e+00
   1.7088136e+00   2.2285450e+00
   1.8277844e+00   1.8132204e+00
   1.8904326e+00   1.5342643e+00
   1.9945239e+00   8.4667816e-01
   6.1838588e-01   3.8627004e+00
   1.9107069e+00   1.4296899e+00
   1.9645930e+00   1.0955209e+00
   1.7330548e+00   2.1527183e+00
   1.9286258e+00   1.3291911e+00
   1.0691230e+00   3.4610593e+00
   1.5692953e+00   2.6043626e+00
   1.5179706e+00   2.7221707e+00
   1.1371161e+00   3.3752494e+00
   1.1537463e+00   3.3530753e+00
   1.1203346e+00   3.3971434e+00
   8.9961914e-01   3.6439115e+00
   1.9727186e+00   1.0344744e+00
   3.6511618e-01   3.9815052e+00
   1.6013457e+00   2.5258270e+00
   1.5355164e+00   2.6829348e+00
   5.8050947e-01   3.8849427e+00
   1.8793356e+00   1.5880735e+00
   1.0343036e+00   3.5021157e+00
   1.4626884e+00   2.8393364e+00
   1.3617506e+00   3.0309933e+00
   9.8115110e-01   3.5612160e+00
   7.6016586e-01   3.7646310e+00
   1.0863336e+00   3.4400569e+00
   1.9199462e+00   1.3789302e+00
   8.7203368e-01   3.6698084e+00
   1.7772023e+00   2.0040790e+00
   1.8601467e+00   1.6762537e+00
   1.2026909e+00   3.2849618e+00
   1.2501432e+00   3.2146561e+00
   1.9473447e+00   1.2139289e+00
   1.1702213e+00   3.3306299e+00
   2.0012914e+00   7.7827933e-01
   1.8498538e+00   1.7212938e+00
   1.3828099e+00   2.9931707e+00
   1.7211206e+00   2.1905183e+00
   1.6462422e+00   2.4085411e+00
   1.9801082e+00   9.7527530e-01
   3.1931046e-01   3.9956986e+00
   1.6961255e+00   2.2667861e+00
   1.9556721e+00   1.1584555e+00
   6.5161050e-02   4.0356023e+00
   1.7446223e+00   2.1151623e+00
   1.3402626e+00   3.0684969e+00
   6.4681114e-01   3.8449333e+00
   9.2701261e-01   3.6171685e+00
   1.3183516e+00   3.1056474e+00
   2.6503426e-01   4.0097180e+00
   2.0078199e+00   7.0544978e-01
   1.6316935e+00   2.4475387e+00
   1.4999848e+00   2.7613354e+00
   1.5526239e+00   2.6436564e+00
   8.4427605e-01   3.6948424e+00
   2.0290703e+00   3.6935793e-01
   1.5855344e+00   2.5650787e+00
   2.0139270e+00   6.2902122e-01
   4.5801507e-01   3.9459760e+00
   1.4034363e+00   2.9550615e+00
   1.6603812e+00   2.3696698e+00
   7.3191650e-01   3.7860867e+00
   1.7666887e+00   2.0408300e+00
   5.0496108e-01   3.9245228e+00
   1.2266085e+00   3.2500678e+00
   1.8159715e+00   1.8600845e+00
   6.7521909e-01   3.8262421e+00
   1.7906987e+00   1.9555330e+00
   7.0359430e-01   3.8066253e+00
   1.6786054e+00   2.3180742e+00
   7.8832197e-01   3.7422657e+00
   1.9877224e+00   9.0983213e-01
   2.0194587e+00   5.4982669e-01
   1.4433776e+00   2.8781130e+00
   9.5419649e-01   3.5895963e+00
   1.7558312e+00   2.0778616e+00
   4.1137452e-01   3.9649523e+00
   1.1034057e+00   3.4187488e+00
   1.8036157e+00   1.9075277e+00
   1.1865382e+00   3.3079211e+00
   2.0246199e+00   4.6262798e-01
   2.0329888e+00   2.5641299e-01
   1.6167291e+00   2.4866428e+00
   1.4236264e+00   2.9166982e+00
   5.4268408e-01   3.9055478e+00
   1.4815575e+00   2.8004006e+00
   1.8699681e+00   1.6318449e+00
   1.2732847e+00   3.1787598e+00
   1.9400425e-01   4.0235287e+00
   2.0360267e+00   3.6026710e-02
