   2.4579407e-01   3.1953350e+00   3.6869254e+00
   1.7445205e+00   1.1629888e+00   2.7136982e+00
   9.3095764e-01   3.0257046e+00   3.0257056e+00
   2.4753236e-01   2.7228879e+00   4.4556354e+00
   1.1957723e+00   1.9132325e+00   4.0655011e+00
   1.6556589e+00   1.2416801e+00   3.1044530e+00
   1.3132083e+00   3.1189064e+00   4.9244419e-01
   1.8613345e+00   1.5506644e-01   2.5380786e+00
   1.5397098e+00   1.7596280e+00   3.0794217e+00
   1.8325275e+00   1.4660284e+00   1.6659012e+00
   1.7374939e+00   1.9116204e+00   1.5640452e+00
   1.2075640e+00   2.4151952e+00   3.3811780e+00
   6.3596954e-01   3.6039247e+00   2.1199534e+00
   7.9006503e-01   3.7531874e+00   1.5799328e-01
   8.8225974e-01   3.3083229e+00   2.4263269e+00
   1.8319450e+00   1.8319438e+00   1.3085150e-01
   1.1451468e+00   2.7483471e+00   2.9773760e+00
   2.3962446e-01   3.3554038e+00   3.3554084e+00
   1.3324609e+00   2.4428616e+00   2.8869869e+00
   1.5679072e+00   1.9598677e-01   3.9197696e+00
   7.3117980e-01   2.9251407e+00   3.6564024e+00
   8.2760381e-01   3.5173474e+00   1.8620658e+00
   9.4953176e-01   3.6082442e+00   1.5825138e-01
   1.3871686e+00   1.1559718e+00   4.1615344e+00
   2.2180095e-01   3.5485997e+00   2.8834995e+00
   1.4891841e+00   2.1274100e+00   2.7656310e+00
   2.0772724e-01   3.7389989e+00   2.2850149e+00
   1.9370851e+00   8.9399730e-01   1.4900656e+00
   1.5388981e+00   2.6930783e+00   3.0776860e-01
   1.0343552e+00   3.5167589e+00   1.5983839e-01
   9.5140176e-01   2.8541960e+00   3.3296241e+00
   1.5977206e+00   2.1969564e+00   1.9970571e+00
   1.2549018e+00   2.0910240e-01   4.8104505e+00
   1.1552714e+00   9.2420530e-01   4.8521512e+00
   7.4359791e-01   2.7265309e+00   3.9658295e+00
   1.0775862e+00   2.1550645e-01   5.1721380e+00
   1.1314177e+00   3.3942503e+00   3.2325438e-01
   7.1992827e-01   9.5990705e-01   5.5194911e+00
   1.6708514e+00   2.3670636e+00   1.3923427e-01
   1.6380037e+00   1.8427501e+00   2.4569986e+00
   1.3292292e+00   2.6584091e+00   2.4369222e+00
   9.7913819e-01   1.4687097e+00   4.8956912e+00
   1.3629544e+00   2.0442634e+00   3.4074022e+00
   1.6666124e+00   1.8516523e-01   3.5415462e+00
   1.5984660e+00   2.5574350e+00   1.4531273e-01
   7.5710812e-01   2.2713355e+00   4.5426749e+00
   9.8810095e-01   2.2232255e+00   4.1994186e+00
   1.9085930e+00   1.4680785e-01   2.2023047e+00
   1.3952888e+00   2.9899318e+00   1.5500185e-01
   9.9039448e-01   1.9808402e+00   4.4568937e+00
   1.7690530e+00   2.0639282e+00   1.3608008e-01
   9.8055733e-01   2.4513574e+00   3.9222297e+00
   1.4899637e+00   2.3413766e+00   2.3413635e+00
   1.3504441e+00   2.2507404e+00   3.1510046e+00
   2.4959529e-01   2.4959786e+00   4.7423794e+00
   1.2256867e+00   3.2685029e+00   1.5562955e-01
   6.7854039e-01   3.3922017e+00   2.7141705e+00
   1.7959155e-01   3.9510675e+00   1.2571523e+00
   7.5234636e-01   2.5078225e+00   4.2633064e+00
   1.8617614e+00   1.1846835e+00   1.8617582e+00
   2.5099653e-01   3.0119632e+00   4.0159715e+00
   1.7158213e+00   2.2305759e+00   2.8596386e-01
   1.8171830e+00   1.6518605e-01   2.8084223e+00
   1.2201469e+00   3.0500692e+00   1.8302148e+00
   1.7522193e+00   1.7518732e-01   3.1540072e+00
   1.0933831e+00   3.0614316e+00   2.4054399e+00
   1.9351817e+00   1.3396737e+00   1.1382521e-01
   2.0432809e+00   4.3280941e-02   4.3280941e-02
   1.9859861e+00   9.9297638e-01   1.0449097e-01
   1.8862493e+00   1.5959714e+00   1.2574078e-01
   1.4832976e+00   2.8182592e+00   1.4832690e-01
   1.0321500e+00   3.3028962e+00   1.8578844e+00
   1.5417452e+00   1.3214818e+00   3.5239992e+00
   1.7358092e+00   1.5429467e+00   2.3143798e+00
   6.1220316e-01   3.8773068e+00   1.5508705e-01
   2.0067362e+00   1.1148373e-01   1.1804382e+00
   4.0007920e-01   3.8007583e+00   1.8003590e+00
   4.3281408e-02   4.3281408e-02   6.0432809e+00
   4.5649612e-01   3.9563037e+00   1.5213083e-01
   1.1913307e+00   2.1442492e+00   3.8123900e+00
   9.6812720e-01   2.6623464e+00   3.6304876e+00
   2.0214563e+00   6.3170155e-01   9.1881142e-02
   7.4610235e-01   1.4922403e+00   5.2231015e+00
   1.9546936e+00   1.3029066e-01   1.8043830e+00
   2.4757449e-01   1.7330437e+00   5.4469794e+00
   2.3979381e-01   1.1993143e+00   5.7569063e+00
   7.1590237e-01   3.1022510e+00   3.3409019e+00
   4.3280944e-02   4.0432809e+00   4.3280987e-02
   9.4870475e-01   9.4849789e-01   5.2180447e+00
   2.5030477e-01   2.2527775e+00   5.0061482e+00
   1.4322215e+00   2.6598441e+00   1.8413883e+00
   1.3632714e+00   2.0655606e-01   4.5442414e+00
   7.5765147e-01   2.0203984e+00   4.7984715e+00
   4.3844707e-01   2.1921635e-01   5.9190744e+00
   6.6252162e-01   2.1719612e-01   5.7424751e+00
   8.7819692e-01   2.1955895e-01   5.4890427e+00
   1.4716554e+00   4.2046690e-01   4.2047244e+00
   2.4933775e-01   1.9970258e+00   5.2422566e+00
   1.1867021e+00   1.4239807e+00   4.5091566e+00
   1.4024467e+00   1.6361790e+00   3.7399060e+00
