   1.3650543e+00   3.0334544e+00   1.5166873e-01
   6.4153460e-01   3.8491369e+00   3.2076680e-01
   6.5646662e-01   3.5013031e+00   2.4071400e+00
   1.7091453e+00   2.0545056e+00   1.3696605e+00
   1.2051218e+00   2.4102415e+00   3.3742850e+00
   1.2519685e+00   3.2193429e+00   1.5649467e-01
   1.9507140e+00   1.3001923e-01   1.8006657e+00
   1.6164664e+00   2.4981953e+00   1.4693255e-01
   1.5065404e+00   1.2913160e+00   3.6587466e+00
   1.1599930e+00   2.8013927e+00   2.7839795e+00
   1.8061947e+00   1.2643266e+00   2.1674122e+00
   7.5104481e-01   2.5035113e+00   4.2559442e+00
   1.8556798e+00   1.7129322e+00   1.2367974e-01
   1.2248159e+00   1.9597078e+00   3.9194371e+00
   1.1844171e+00   1.4212953e+00   4.5006175e+00
   1.2947425e+00   2.8144936e+00   2.1579023e+00
   3.9364113e-02   3.9364113e-02   6.0393641e+00
   2.3934049e-01   3.3508935e+00   3.3508705e+00
   1.9818292e+00   9.9091258e-01   1.0428733e-01
   9.4788447e-01   3.6019629e+00   1.5798016e-01
   6.9690741e-01   3.2521823e+00   3.0199312e+00
   2.4542595e-01   3.1910319e+00   3.6819696e+00
   9.8560345e-01   1.7248085e+00   4.6815676e+00
   1.8575388e+00   1.5478452e-01   2.5329947e+00
   1.7319677e+00   1.5395272e+00   2.3092183e+00
   1.6523094e+00   1.4457603e+00   2.8916053e+00
   2.4996240e-01   2.2499182e+00   4.9998176e+00
   1.9529079e+00   1.2017887e+00   1.0924213e-01
   1.0614928e+00   3.1844339e+00   2.1229864e+00
   9.2633699e-01   6.9474017e-01   5.3264330e+00
   1.5406859e+00   1.5406782e+00   3.3017131e+00
   1.4291113e+00   2.6542295e+00   1.8374196e+00
   1.4391773e+00   2.0556975e-01   4.3175124e+00
   1.7970617e+00   1.9468133e+00   1.2978725e-01
   1.0937392e+00   3.4374667e+00   1.5624254e-01
   1.4802503e+00   2.8124744e+00   1.4802421e-01
   8.8071895e-01   3.3020999e+00   2.4219778e+00
   1.6168224e+00   2.0210355e+00   2.2231293e+00
   4.0126930e-02   4.0393638e+00   4.0102780e-02
   1.3475970e+00   2.2459864e+00   3.1443730e+00
   1.6457040e+00   1.0285559e+00   3.2913519e+00
   8.7698008e-01   2.1921048e-01   5.4811304e+00
   1.6847462e+00   1.8718385e+00   2.0590290e+00
   1.1722125e+00   3.3213383e+00   5.0233736e-01
   1.3665968e+00   1.8220879e+00   3.6442698e+00
   7.8884859e-01   3.7470401e+00   1.5776922e-01
   9.4956527e-01   2.8487146e+00   3.3235371e+00
   8.2614640e-01   3.5111072e+00   1.8585706e+00
   2.0393641e+00   3.9364113e-02   3.9364113e-02
   7.4216354e-01   2.7218568e+00   3.9590811e+00
   1.5671819e+00   2.3507825e+00   1.7630177e+00
   1.4867209e+00   2.3362795e+00   2.3362816e+00
   7.5576718e-01   2.2674782e+00   4.5350056e+00
   7.2999476e-01   2.9199990e+00   3.6499922e+00
   4.1418741e-01   3.7276937e+00   2.0708842e+00
   1.7907992e+00   1.6277541e-01   2.9303860e+00
   1.5256225e+00   1.9615080e+00   2.8333561e+00
   7.3351288e-01   1.2225391e+00   5.3791802e+00
   2.1457251e-01   3.6476811e+00   2.5748774e+00
   1.0758447e+00   2.1516644e-01   5.1639941e+00
   1.9312957e-01   3.8632676e+00   1.7385318e+00
   1.9134706e+00   1.4350860e+00   1.1958703e-01
   2.4721123e-01   2.7193361e+00   4.4497081e+00
   1.3952427e+00   1.3952357e+00   3.9531815e+00
   1.3315828e+00   8.8771063e-01   4.4384812e+00
   9.2922392e-01   3.0200017e+00   3.0199505e+00
   9.6629333e-01   2.6572896e+00   3.6236030e+00
   1.1834754e+00   3.1557581e+00   1.5779618e+00
   1.7227102e+00   1.7227091e-01   3.2731497e+00
   1.1532029e+00   9.2252335e-01   4.8434597e+00
   1.3296701e+00   2.4376806e+00   2.8808724e+00
   4.5585710e-01   3.9509495e+00   1.5195561e-01
   2.3253858e-01   3.4881533e+00   3.0230400e+00
   1.7280832e-01   3.9746616e+00   1.0368405e+00
   1.5465176e+00   1.9329489e-01   3.9767594e+00
   1.7329266e+00   2.1661662e+00   1.3538067e-01
   1.0140850e+00   2.2816819e+00   4.0563652e+00
   1.8104962e+00   1.6294425e+00   1.4812502e+00
   9.6440754e-01   1.2054894e+00   5.0632066e+00
   1.2874031e+00   2.1454891e-01   4.7204468e+00
   9.9790961e-01   3.3930167e+00   1.5966042e+00
   2.4931873e-01   1.9945572e+00   5.2357106e+00
   7.5271103e-01   1.7563285e+00   5.0180488e+00
   2.5061280e-01   3.0078273e+00   4.0107461e+00
   1.5356982e+00   2.6873953e+00   3.0713953e-01
   5.6984837e-01   3.7989623e+00   1.3295098e+00
   2.0173330e+00   6.3041319e-01   9.1696916e-02
   2.3960791e-01   1.1980437e+00   5.7506171e+00
   1.3069271e+00   2.6138550e+00   2.6135728e+00
   1.3600620e+00   2.0401271e+00   3.4001595e+00
   2.0026880e+00   1.1125702e-01   1.1780489e+00
   2.4717995e-01   1.7309656e+00   5.4405587e+00
   1.9047081e+00   1.4650819e-01   2.1977421e+00
   2.4927407e-01   2.4927619e+00   4.7362065e+00
   4.9639624e-01   1.4891597e+00   5.4606927e+00
   4.3797662e-01   2.1887250e-01   5.9128188e+00
   1.6304261e+00   1.8341392e-01   3.6684148e+00
   1.8971066e+00   1.1066445e+00   1.5808533e+00
   1.6738911e+00   2.3434546e+00   1.3945630e-01
   6.6159697e-01   2.1980514e-01   5.7351677e+00
