   7.3449693e-01   1.2241613e+00   5.3863109e+00
   1.6822684e+00   2.0561294e+00   1.6822549e+00
   1.8140027e+00   1.6326066e+00   1.4841928e+00
   1.7286011e+00   1.7279596e-01   3.2651677e+00
   1.5490687e+00   1.9359495e-01   3.9833938e+00
   1.6552010e+00   1.2414020e+00   3.1035079e+00
   1.5384828e+00   2.6923440e+00   3.0767819e-01
   1.0652669e+00   3.1861526e+00   2.1305209e+00
   5.7058631e-01   3.8041135e+00   1.3313551e+00
   1.4870508e+00   2.8088654e+00   1.4869467e-01
   1.3500770e+00   2.2501089e+00   3.1501635e+00
   7.5690190e-01   2.2708520e+00   4.5417102e+00
   6.9794197e-01   3.2570754e+00   3.0244470e+00
   1.3996933e+00   1.8662569e+00   3.4992830e+00
   9.6790228e-01   2.6617166e+00   3.6295249e+00
   1.1324482e+00   6.7946014e-01   4.9825503e+00
   1.6495178e+00   1.6495178e+00   2.6803271e+00
   1.9395958e+00   1.3854223e-01   1.9395992e+00
   9.9017477e-01   1.9803591e+00   4.4558041e+00
   1.5413218e+00   1.3211256e+00   3.5230404e+00
   1.2540856e+00   3.2247724e+00   1.5675013e-01
   1.2893470e+00   2.1488924e-01   4.7276250e+00
   1.2983843e+00   2.8165802e+00   2.1639668e+00
   9.0772215e-01   3.1755575e+00   2.7231682e+00
   7.8293940e-01   3.7579936e+00   1.5657795e-01
   7.9938349e-01   3.5972228e+00   1.5987689e+00
   2.2835621e-01   3.4251300e+00   3.1970204e+00
   7.5376070e-01   1.7588181e+00   5.0252078e+00
   1.1938716e+00   1.6714245e+00   4.2979610e+00
   1.5117523e+00   2.1596405e+00   2.5915719e+00
   6.4237723e-01   3.8542637e+00   3.2115551e-01
   1.1807675e+00   2.3615143e+00   3.5424115e+00
   9.4932295e-01   3.6074261e+00   1.5821596e-01
   1.6661761e+00   1.8511000e-01   3.5406998e+00
   1.5392727e+00   1.7591694e+00   3.0785391e+00
   1.5972759e+00   2.1962492e+00   1.9965945e+00
   1.7862173e+00   1.6538422e-01   2.9770201e+00
   1.0954929e+00   3.4429764e+00   1.5647539e-01
   6.3585187e-01   3.6031579e+00   2.1194443e+00
   2.4748760e-01   2.7224227e+00   4.4548769e+00
   1.1741874e+00   3.3268863e+00   5.0318204e-01
   1.2269570e+00   1.9631346e+00   3.9263107e+00
   4.6595080e-01   3.4946308e+00   2.7957390e+00
   2.5095292e-01   3.0114487e+00   4.0152571e+00
   2.0135675e+00   1.0599746e-01   1.0599962e+00
   9.9957535e-01   3.3985596e+00   1.5993218e+00
   1.3545853e+00   2.4834114e+00   2.7091828e+00
   1.8304390e+00   1.8304385e+00   2.6148870e-01
   1.3977122e+00   1.3977123e+00   3.9602449e+00
   1.3338076e+00   8.8920542e-01   4.4458485e+00
   8.5519243e-01   3.4204684e+00   2.1379881e+00
   1.8004265e+00   1.9504525e+00   1.3001451e-01
   1.4626332e+00   2.5073685e+00   2.0894703e+00
   1.3674330e+00   3.0387393e+00   1.5193531e-01
   4.9699904e-01   1.4909168e+00   5.4672174e+00
   2.4752692e-01   1.7328319e+00   5.4461070e+00
   9.5114548e-01   2.8534358e+00   3.3289778e+00
   9.8029031e-01   2.4507609e+00   3.9213234e+00
   1.6769924e+00   2.3477970e+00   1.3974806e-01
   9.7891355e-01   1.4682795e+00   4.8946413e+00
   7.4333058e-01   2.7259591e+00   3.9650347e+00
   1.1732200e+00   1.1732195e+00   4.6928831e+00
   2.3981416e-01   1.1991748e+00   5.7560675e+00
   1.8857168e+00   1.5955718e+00   1.2568942e-01
   7.5217340e-01   2.5072660e+00   4.2623570e+00
   6.6245140e-01   2.2067220e-01   5.7412631e+00
   1.8350840e+00   3.3361029e-01   2.6692321e+00
   1.9007318e+00   1.1087584e+00   1.5839371e+00
   1.9346461e+00   1.3393181e+00   1.1380242e-01
   1.7436856e+00   2.1460762e+00   1.3412194e-01
   1.4414788e+00   2.0591741e-01   4.3244463e+00
   4.2773398e-02   4.2773526e-02   6.0427734e+00
   2.0427734e+00   4.2773398e-02   4.2773398e-02
   1.5980018e+00   2.5568120e+00   1.4526355e-01
   1.8913256e+00   1.4549419e-01   2.3279322e+00
   9.4851370e-01   9.4851330e-01   5.2168327e+00
   1.1650974e+00   2.7981304e+00   2.7962287e+00
   1.8477231e+00   1.0078757e+00   2.1837331e+00
   1.9785496e+00   1.0474499e+00   1.0474250e-01
   2.1480853e-01   3.6518612e+00   2.5777738e+00
   1.4424794e+00   2.8849583e+00   4.8080922e-01
   1.1855072e+00   3.1613510e+00   1.5806292e+00
   2.4956686e-01   2.4956793e+00   4.7414377e+00
   1.7921915e-01   3.9504978e+00   1.2569584e+00
   2.0177479e+00   6.7256841e-01   9.6036460e-02
   8.7810293e-01   2.1952330e-01   5.4879300e+00
   1.7425231e+00   1.3552811e+00   2.5169676e+00
   2.4575251e-01   3.1947819e+00   3.6862731e+00
   1.0773205e+00   2.1518402e-01   5.1711774e+00
   2.5006657e-01   2.2524150e+00   5.0053942e+00
   1.1651858e+00   2.5634082e+00   3.2624185e+00
   4.5641721e-01   3.9556089e+00   1.5211316e-01
   1.7226072e+00   1.7226073e+00   2.1053641e+00
   4.3837801e-01   2.1886188e-01   5.9182910e+00
   1.9778658e+00   1.2361470e-01   1.5540813e+00
   9.8785937e-01   2.2226745e+00   4.1984181e+00
   2.4945687e-01   1.9967069e+00   5.2413656e+00
   2.0050619e-01   3.8096201e+00   2.0050506e+00
   7.3108040e-01   2.9244278e+00   3.6555638e+00
   4.2784969e-02   4.0427734e+00   4.2774868e-02
