   1.1488107e+00   3.3740659e+00
   1.9566753e+00   1.1992535e+00
   1.3801624e+00   3.0152594e+00
   8.1846738e-01   3.7285743e+00
   2.0148986e+00   7.0059813e-01
   2.0018226e+00   8.4167493e-01
   1.8507427e+00   1.7499247e+00
   3.4741904e-01   3.9953192e+00
   1.4010220e+00   2.9771728e+00
   1.9647985e+00   1.1440603e+00
   1.6321414e+00   2.4687164e+00
   1.9803239e+00   1.0292875e+00
   1.7934009e+00   1.9742489e+00
   1.0980438e+00   3.4393254e+00
   1.3588696e+00   3.0530442e+00
   1.8924150e+00   1.5609000e+00
   1.4609692e+00   2.8614243e+00
   5.8183339e-01   3.8938146e+00
   2.0306983e+00   4.7016169e-01
   1.0106724e+00   3.5419058e+00
   9.5680358e-01   3.5994044e+00
   2.0391467e+00   2.6237326e-01
   1.6974663e+00   2.2871963e+00
   1.3150031e+00   3.1275770e+00
   1.7145358e+00   2.2360106e+00
   1.8280874e+00   1.8427709e+00
   3.0170261e-01   4.0083602e+00
   1.2223400e+00   3.2715575e+00
   1.5346984e+00   2.7047997e+00
   1.5520254e+00   2.6654329e+00
   8.7433523e-01   3.6794952e+00
   1.1818945e+00   3.3291532e+00
   1.0372201e+00   3.5119885e+00
   1.1320359e+00   3.3961100e+00
   1.9316571e+00   1.3534744e+00
   1.8396741e+00   1.7960466e+00
   8.4647698e-01   3.7044766e+00
   2.0084824e+00   7.7334957e-01
   4.3088519e-01   3.9659060e+00
   1.9723017e+00   1.0902783e+00
   1.0634860e+00   3.4813262e+00
   1.4414281e+00   2.9002227e+00
   9.2951903e-01   3.6269406e+00
   9.8386209e-01   3.5710509e+00
   7.6207228e-01   3.7740712e+00
   4.6837897e-01   3.9503011e+00
   1.3371481e+00   3.0904943e+00
   1.4800669e+00   2.8224523e+00
   1.9132441e+00   1.4551432e+00
   1.9227374e+00   1.4037981e+00
   7.0530899e-01   3.8159091e+00
   1.8613108e+00   1.7044199e+00
   1.9400322e+00   1.3041693e+00
   1.6797005e+00   2.3387198e+00
   1.1151129e+00   3.4178651e+00
   1.8713966e+00   1.6595405e+00
   1.6013839e+00   2.5472790e+00
   7.9032580e-01   3.7517760e+00
   1.2461005e+00   3.2362826e+00
   1.2694728e+00   3.2005022e+00
   2.0351952e+00   3.7617334e-01
   2.4757921e-01   4.0210289e+00
   1.7726340e+00   2.0476983e+00
   1.9031471e+00   1.5075108e+00
   3.9362038e-01   3.9799397e+00
   9.0202244e-01   3.6536443e+00
   1.8032853e+00   1.9379705e+00
   1.5853645e+00   2.5866475e+00
   2.0203883e+00   6.3103997e-01
   1.4214451e+00   2.9388159e+00
   1.7268921e+00   2.1978628e+00
   1.6612226e+00   2.3905395e+00
   1.8159635e+00   1.8900860e+00
   1.8810173e+00   1.6152972e+00
   6.7684215e-01   3.8354382e+00
   1.7388723e+00   2.1599453e+00
   5.4389705e-01   3.9142741e+00
   6.1983180e-01   3.8717055e+00
   1.2924428e+00   3.1642564e+00
   1.0808329e+00   3.4604823e+00
   2.0258950e+00   5.5157940e-01
   1.7504847e+00   2.1222685e+00
   5.0606432e-01   3.9330974e+00
   1.1981966e+00   3.3063019e+00
   1.4987207e+00   2.7833376e+00
   1.5169312e+00   2.7441098e+00
   1.6169752e+00   2.5079596e+00
   1.5689130e+00   2.6260402e+00
   1.9951224e+00   9.0476511e-01
   1.7617357e+00   2.0848503e+00
   6.4834319e-01   3.8540374e+00
   1.9478901e+00   1.2558789e+00
   1.6468896e+00   2.4295670e+00
   2.0421793e+00   4.2179348e-02
   1.9876150e+00   9.7014478e-01
   1.1654314e+00   3.3517442e+00
   1.7680366e-01   4.0331072e+00
   7.3372690e-01   3.7954510e+00
   4.7382123e-02   4.0421658e+00
   1.7831866e+00   2.0108272e+00
