   1.4688543e+00   2.8513051e+00
   1.7635846e+00   2.0870379e+00
   3.1099101e-01   4.0083321e+00
   2.0385172e+00   3.4292671e-01
   1.9962669e+00   9.1374297e-01
   1.5592931e+00   2.6550120e+00
   1.1829883e+00   3.3322341e+00
   1.5244465e+00   2.7337837e+00
   1.2314603e+00   3.2629190e+00
   1.6082827e+00   2.5367757e+00
   1.9514288e+00   1.2476327e+00
   1.7406940e+00   2.1622075e+00
   1.1161228e+00   3.4209562e+00
   1.5420902e+00   2.6944213e+00
   7.7210799e-01   3.7697000e+00
   7.4376023e-01   3.7913629e+00
   1.0204436e+00   3.5351027e+00
   1.7523200e+00   2.1244947e+00
   1.9030457e+00   1.5196975e+00
   9.3943175e-01   3.6209154e+00
   1.7744956e+00   2.0498491e+00
   1.0990309e+00   3.4424191e+00
   6.8685291e-01   3.8319159e+00
   6.4882202e-01   3.8568835e+00
   1.9132749e+00   1.4670707e+00
   9.1197173e-01   3.6478866e+00
   1.3457416e+00   3.0810415e+00
   1.8178740e+00   1.8920739e+00
   1.3012559e+00   3.1551017e+00
   1.7952862e+00   1.9763245e+00
   1.9228938e+00   1.4154641e+00
   7.1533489e-01   3.8121035e+00
   1.0731315e+00   3.4740366e+00
   2.0306307e+00   5.0765293e-01
   2.0348425e+00   4.2864598e-01
   1.2551229e+00   3.2274612e+00
   1.9823610e+00   1.0303452e+00
   1.2783916e+00   3.1915103e+00
   1.9755303e+00   1.0825655e+00
   1.9896526e+00   9.7113966e-01
   1.6676406e+00   2.3800295e+00
   1.5760573e+00   2.6155838e+00
   1.8416099e+00   1.7979353e+00
   1.3885272e+00   3.0055456e+00
   1.3237088e+00   3.1182668e+00
   1.9319322e+00   1.3648807e+00
   1.7850599e+00   2.0129420e+00
   1.9601041e+00   1.1911903e+00
   1.2154698e+00   3.2862697e+00
   2.0091119e+00   7.8909236e-01
   1.8300107e+00   1.8447101e+00
   1.4878291e+00   2.8122555e+00
   8.5648098e-01   3.6992648e+00
   9.6667577e-01   3.5931140e+00
   1.6859623e+00   2.3282314e+00
   1.5923859e+00   2.5761635e+00
   1.8921740e+00   1.5733462e+00
   2.0441059e+00   4.4105862e-02
   1.1330667e+00   3.3992001e+00
   1.8526896e+00   1.7517650e+00
   1.7035741e+00   2.2767413e+00
   1.7163273e+00   2.2383488e+00
   5.3479734e-01   3.9218484e+00
   1.7286991e+00   2.2001629e+00
   1.8632678e+00   1.7062126e+00
   1.8051818e+00   1.9400085e+00
   1.4295727e+00   2.9288808e+00
   8.0035644e-01   3.7471236e+00
   2.0257529e+00   5.8475316e-01
   2.0030626e+00   8.5030289e-01
   1.6237518e+00   2.4974455e+00
   1.0469313e+00   3.5049388e+00
   1.9681244e+00   1.1361732e+00
   1.4494351e+00   2.8901906e+00
   6.1077036e-01   3.8801931e+00
   4.5929071e-01   3.9569675e+00
   2.0151057e+00   7.2280955e-01
   9.9368461e-01   3.5645037e+00
   3.6607262e-01   3.9919343e+00
   4.9696417e-01   3.9402164e+00
   1.8733632e+00   1.6612854e+00
   5.7274656e-01   3.9018456e+00
   1.6534253e+00   2.4190508e+00
   2.0416549e+00   2.4207492e-01
   2.0208570e+00   6.5223416e-01
   8.2848740e-01   3.7236415e+00
   8.8431533e-01   3.6740084e+00
   1.3673498e+00   3.0434561e+00
   1.6387976e+00   2.4581964e+00
   1.1498622e+00   3.3771543e+00
   4.1248639e-01   3.9756683e+00
   1.1665040e+00   3.3548293e+00
   1.7691193e-01   4.0352774e+00
   1.8829930e+00   1.6169939e+00
   1.4092687e+00   2.9673441e+00
   6.1070303e-02   4.0439620e+00
   1.1993119e+00   3.3093770e+00
   1.5063598e+00   2.7730715e+00
   1.9420531e+00   1.3055275e+00
   2.4772032e-01   4.0233224e+00
