   4.6533141e-01   3.9245880e+00
   1.9296944e+00   1.2337374e+00
   1.7052877e+00   2.1880639e+00
   1.5019848e+00   2.7170738e+00
   1.0968702e+00   3.3984996e+00
   1.2111804e+00   3.2416896e+00
   1.1631319e+00   3.3104520e+00
   1.7400853e+00   2.0758920e+00
   5.4019305e-01   3.8876209e+00
   1.9120511e+00   1.3397359e+00
   1.2803943e+00   3.1347586e+00
   1.6302881e+00   2.4050781e+00
   1.1953285e+00   3.2648514e+00
   1.9383251e+00   1.1779540e+00
   2.9093385e-01   3.9875052e+00
   1.8731019e+00   1.5449678e+00
   1.9707064e+00   9.3594005e-01
   6.5307551e-01   3.8200526e+00
   1.8448174e+00   1.6758265e+00
   8.3054175e-01   3.6832734e+00
   1.7288457e+00   2.1130354e+00
   9.1283864e-01   3.6061645e+00
   1.6157251e+00   2.4438853e+00
   1.7750637e+00   1.9540618e+00
   1.6444436e+00   2.3663939e+00
   1.5853557e+00   2.5217834e+00
   1.4840099e+00   2.7560183e+00
   8.8558661e-01   3.6327124e+00
   5.7778621e-01   3.8667238e+00
   1.8004331e+00   1.8589849e+00
   1.8837461e+00   1.4921429e+00
   1.1793109e+00   3.2877758e+00
   8.5814823e-01   3.6584204e+00
   1.7172490e+00   2.1504301e+00
   1.8236368e+00   1.7661994e+00
   1.2346426e+00   3.2065190e+00
   1.3669866e+00   2.9864741e+00
   6.1542882e-01   3.8442026e+00
   9.3988547e-01   3.5787946e+00
   1.5195233e+00   2.6780550e+00
   1.3245266e+00   3.0613232e+00
   1.1303030e+00   3.3550245e+00
   3.3621406e-01   3.9742266e+00
   1.9203750e+00   1.2909547e+00
   1.8937654e+00   1.4403294e+00
   7.4691357e-01   3.7525654e+00
   2.0130861e+00   4.2997952e-01
   7.7490523e-01   3.7303569e+00
   1.0456629e+00   3.4615032e+00
   1.4655974e+00   2.7948601e+00
   1.6929547e+00   2.2259219e+00
   1.9914035e+00   7.3654646e-01
   1.8546933e+00   1.6315722e+00
   1.7615216e+00   2.0024126e+00
   1.5532986e+00   2.5999053e+00
   1.9548668e+00   1.0619027e+00
   1.6802428e+00   2.2639892e+00
   4.2814610e-01   3.9406940e+00
   9.9329078e-01   3.5216672e+00
   1.7509747e+00   2.0390139e+00
   1.9031907e+00   1.3895263e+00
   1.9974828e+00   6.6582765e-01
   1.9463112e+00   1.1235800e+00
   8.0278781e-01   3.7072561e+00
   1.3459684e+00   3.0240590e+00
   1.1467945e+00   3.3328714e+00
   1.3026664e+00   3.0982341e+00
   1.4274593e+00   2.8721170e+00
   1.3875767e+00   2.9486007e+00
   1.5366271e+00   2.6389899e+00
   1.6721207e-01   4.0130942e+00
   2.0031639e+00   5.9160789e-01
   6.9068307e-01   3.7942725e+00
   3.8197402e-01   3.9586452e+00
   1.0628664e+00   3.4408086e+00
   1.8122967e+00   1.8122973e+00
   1.7880270e+00   1.9062504e+00
   1.0196143e+00   3.4919532e+00
   2.3731808e-01   4.0005053e+00
   1.9779099e+00   8.7210434e-01
   2.0206554e+00   2.3453843e-01
   1.2577171e+00   3.1708643e+00
   1.0799381e+00   3.4198034e+00
   1.9850968e+00   8.0296038e-01
   1.1136598e+00   3.3769040e+00
   1.8344710e+00   1.7207054e+00
   1.6626932e+00   2.3150418e+00
   1.6007492e+00   2.4827947e+00
   1.4467472e+00   2.8335696e+00
   5.2119147e-02   4.0230312e+00
   5.0269409e-01   3.9069037e+00
   7.1883283e-01   3.7738729e+00
   2.0171957e+00   3.3934124e-01
   9.6670897e-01   3.5506216e+00
   1.5695402e+00   2.5608282e+00
   1.9626602e+00   1.0020832e+00
   2.0083023e+00   5.1469048e-01
   1.8641159e+00   1.5879505e+00
   2.0234424e+00   2.3442437e-02
   1.4077352e+00   2.9104710e+00
