   8.3813332e-01   2.8869559e-16   5.4477328e+00
   6.8479745e-01   3.1953794e+00   2.9674840e+00
   3.6560269e-01   3.8389763e+00   1.2794918e+00
   1.5074651e+00   1.5074564e+00   3.2303226e+00
   1.3665391e+00   1.3665162e+00   3.8718939e+00
   1.1616242e+00   1.3939355e+00   4.4140443e+00
   1.4978534e+00   1.0698769e+00   3.6376482e+00
   1.1322897e+00   9.0583092e-01   4.7555324e+00
   1.3675268e+00   1.8233691e+00   3.4188178e+00
   1.6640916e+00   4.9922876e-04   3.3282413e+00
   1.7277422e+00   1.7277132e+00   1.5549689e+00
   1.7323709e+00   1.9988908e+00   3.7476397e-04
   1.4921683e+00   1.9184947e+00   2.7711918e+00
   7.2922248e-01   2.6739527e+00   3.8893858e+00
   1.3379291e+00   2.9731773e+00   4.4597035e-04
   1.2675960e+00   2.7548325e+00   2.1126584e+00
   1.1999767e+00   1.9199895e+00   3.8400773e+00
   1.2476762e+00   3.1192904e+00   3.1192824e-01
   3.9992955e-04   3.9999999e+00   3.9999618e-04
   1.7557972e+00   1.2843216e-14   2.8730796e+00
   1.7888521e+00   1.7888636e+00   3.5776103e-04
   1.6739426e+00   2.1889872e+00   3.8628809e-04
   1.9570996e+00   8.2404194e-01   2.7956658e-04
   1.7189834e+00   1.7189567e-01   3.0560399e+00
   9.5987915e-01   2.4000596e+00   3.8401881e+00
   1.6162431e+00   1.2121340e+00   3.0305066e+00
   5.8176437e-01   3.6846389e+00   1.5513490e+00
   1.9253044e+00   1.0829646e+00   3.0283554e-04
   3.3210068e-12   1.1493777e+00   5.7469640e+00
   1.4499878e+00   2.7550212e+00   4.3472426e-04
   1.5536245e+00   2.3304342e+00   1.4341131e+00
   9.1195272e-01   2.9612848e+00   2.9638426e+00
   1.8203504e+00   1.6549177e+00   1.2135669e-01
   1.2792084e+00   2.5584163e+00   2.5583728e+00
   1.3434979e+00   2.2392160e+00   2.9109142e+00
   1.0140392e+00   3.4477381e+00   4.4969243e-04
   1.6098666e+00   1.6098771e+00   2.6160333e+00
   1.0599979e+00   8.5577543e-05   5.0879898e+00
   1.0101807e+00   3.2324963e+00   1.8181012e+00
   6.6910993e-12   3.7947223e+00   1.8974154e+00
   1.5372319e-16   3.5777068e+00   2.6832874e+00
   1.9727878e+00   7.1173223e-05   9.8639389e-01
   1.3982188e+00   2.5968547e+00   1.7976754e+00
   6.4525220e-01   3.4418155e+00   2.3662491e+00
   1.7006847e+00   1.3227056e+00   2.4561262e+00
   7.1805318e-04   2.4785770e+00   4.7092963e+00
   1.8569561e+00   1.4855493e+00   3.4815690e-04
   1.6151562e+00   2.0174527e+00   1.8340324e+00
   1.8164180e+00   1.1559083e+00   1.8164122e+00
   4.3386103e-01   3.9047482e+00   4.3336658e-04
   1.1196069e+00   2.6869721e+00   2.9109778e+00
   6.3478505e-04   2.9896371e+00   3.9861828e+00
   6.3244894e-01   6.3088150e-04   5.6921063e+00
   1.1078503e+00   3.3235741e+00   3.1651877e-01
   6.8552570e-04   3.1705398e+00   3.6581784e+00
   1.2326064e+00   6.1624801e-04   4.7250537e+00
   2.0000000e+00   1.9999172e-04   1.9995068e-04
   7.3791258e-01   2.4597781e+00   4.1816227e+00
   4.9828258e-01   1.9931296e+00   4.9826858e+00
   9.7016523e-01   1.9403366e+00   4.3657574e+00
   1.8123664e+00   4.7815619e-16   2.5373119e+00
   8.9442730e-01   3.5777086e+00   4.4720789e-04
   1.8973673e+00   1.2649067e+00   3.1621700e-04
   1.9753505e-05   5.9999766e-04   5.9999999e+00
   1.3754893e+00   3.2343846e-04   4.3557161e+00
   7.4277001e-01   3.7139158e+00   4.4565950e-04
   1.4541228e+00   2.2850561e+00   2.2850400e+00
   5.7669580e-12   3.6728429e+00   2.3765536e+00
   8.1123483e-01   3.4477399e+00   1.8252784e+00
   1.1803306e+00   2.3606820e+00   3.3049256e+00
   1.8666912e+00   9.6401411e-05   2.1538745e+00
   1.5136559e+00   2.6144567e+00   4.1279859e-04
   1.8973721e+00   3.9889452e-16   1.8973171e+00
   1.6000000e+00   7.9597015e-05   3.6000000e+00
   1.1863990e+00   3.2202220e+00   4.4489191e-04
   4.1905817e-01   5.8571156e-04   5.8668144e+00
   1.2846913e+00   6.4234005e-01   4.4964167e+00
   6.6079129e-04   3.3282607e+00   3.3282605e+00
   6.4843367e-04   3.4634669e+00   3.0016477e+00
   1.9402764e+00   3.4234977e-04   1.4553171e+00
   5.0469523e-04   3.9201237e+00   1.1930699e+00
   5.8818406e-01   3.8231084e+00   4.4112601e-04
   5.0407917e-06   1.9154111e+00   5.2673805e+00
   1.4830715e+00   4.6135705e-04   4.0254799e+00
   9.4777451e-01   2.6063762e+00   3.5541543e+00
   4.8935057e-01   1.4685336e+00   5.3846233e+00
   1.9845558e+00   4.9613871e-01   2.2290135e-04
   5.8870425e-06   2.1630339e+00   5.0470791e+00
   7.4255579e-01   2.2284732e+00   4.4569464e+00
   9.3138979e-01   9.3137218e-01   5.1226439e+00
   1.0696598e+00   2.9936900e+00   2.3532517e+00
   9.5995763e-01   1.4400555e+00   4.8001851e+00
   9.6739857e-01   2.1774657e+00   4.1129907e+00
   1.5999963e+00   2.4000098e+00   3.9988356e-04
   8.6424565e-01   3.2406566e+00   2.3766754e+00
   7.1713747e-01   2.8685499e+00   3.5856850e+00
   1.8616013e-04   1.6611670e+00   5.4581297e+00
   7.0804908e-01   9.4431555e-01   5.4298144e+00
   1.2502263e-04   2.7859015e+00   4.3054841e+00
   7.4022399e-01   1.7273018e+00   4.9351481e+00
