   1.7830655e+00   1.8118249e+00
   1.5601509e+00   2.5027419e+00
   7.3047776e-01   3.7236553e+00
   1.9334966e+00   1.0229192e+00
   1.7421596e+00   1.9645659e+00
   1.8805317e+00   1.3617643e+00
   1.2578937e+00   3.1097932e+00
   1.9253019e+00   1.0829822e+00
   1.7945149e+00   1.7660307e+00
   1.6188437e+00   2.3489104e+00
   9.9996015e-01   3.4641476e+00
   1.5283303e+00   2.5800825e+00
   8.1310582e-01   3.6545090e+00
   1.6989858e+00   2.1104001e+00
   1.5444500e+00   2.5413965e+00
   1.8400472e+00   1.5674516e+00
   1.7521208e+00   1.9288057e+00
   1.7710944e+00   1.8581975e+00
   4.4305409e-01   3.9006169e+00
   1.5117870e+00   2.6187785e+00
   1.9079614e+00   1.1994723e+00
   1.8054597e+00   1.7208316e+00
   1.4413419e+00   2.7731091e+00
   7.0273545e-01   3.7449501e+00
   1.2126134e+00   3.1809236e+00
   1.9749950e+00   6.3053864e-01
   1.3640241e+00   2.9253637e+00
   5.1696118e-01   3.8640658e+00
   7.8568297e-01   3.6784248e+00
   1.9625161e+00   7.7079320e-01
   5.5408661e-01   3.8434297e+00
   1.0257110e+00   3.4338998e+00
   1.4774227e+00   2.6960877e+00
   1.7617631e+00   1.8933472e+00
   1.1894007e+00   3.2157898e+00
   1.9901689e+00   3.9611922e-01
   1.9163253e+00   1.1448973e+00
   7.5813385e-01   3.7014770e+00
   1.8283337e+00   1.6213526e+00
   1.1011886e+00   3.3390919e+00
   1.9556050e+00   8.3811459e-01
   1.5903127e+00   2.4256177e+00
   1.4226564e+00   2.8114400e+00
   1.1175743e+00   3.3172444e+00
   1.8892086e+00   1.3128456e+00
   1.8159188e+00   1.6762326e+00
   1.6501348e+00   2.2601373e+00
   1.3436299e+00   2.9628761e+00
   1.7102940e+00   2.0735424e+00
   3.6987534e-01   3.9310010e+00
   1.9856719e+00   4.7794138e-01
   2.7098129e-01   3.9631145e+00
   1.3228143e+00   3.0001082e+00
   1.4035406e+00   2.8496131e+00
   1.9486863e+00   9.0027001e-01
   1.7318738e+00   2.0006129e+00
   1.5754359e+00   2.4641441e+00
   1.4948182e+00   2.6574563e+00
   1.4043824e-01   3.9901264e+00
   2.0000000e+00   1.9687981e-04
   1.8510939e+00   1.5145314e+00
   1.8989379e+00   1.2554441e+00
   1.3839963e+00   2.8875972e+00
   6.7492261e-01   3.7653576e+00
   1.8713057e+00   1.4116868e+00
   1.8615032e+00   1.4626086e+00
   9.4766645e-01   3.5224584e+00
   1.2354491e+00   3.1455782e+00
   3.2464059e-01   3.9469525e+00
   2.0936942e-01   3.9780218e+00
   1.3015823e+00   3.0370272e+00
   8.4038348e-01   3.6297414e+00
   1.0763401e+00   3.3713451e+00
   1.6752972e+00   2.1848380e+00
   9.2115681e-01   3.5504761e+00
   4.7993654e-01   3.8831229e+00
   1.6047779e+00   2.3872058e+00
   3.2381538e-04   3.9999999e+00
   1.6873230e+00   2.1475020e+00
   4.0635447e-01   3.9165679e+00
   1.7212531e+00   2.0369466e+00
   8.9442718e-01   3.5777088e+00
   1.1658164e+00   3.2501520e+00
   8.6749678e-01   3.6041361e+00
   5.9126894e-01   3.8212045e+00
   1.4595975e+00   2.7346482e+00
   1.9974384e+00   2.0238359e-01
   1.6369828e+00   2.2980751e+00
   6.1917210e-01   3.8034857e+00
   1.0511754e+00   3.4029577e+00
   1.1498910e+00   3.2727669e+00
   1.9409661e+00   9.6467698e-01
   1.9692168e+00   6.9909950e-01
   1.9804036e+00   5.5857512e-01
   9.7394013e-01   3.4936746e+00
   6.4706211e-01   3.7848702e+00
   1.2799405e+00   3.0735987e+00
   1.1338094e+00   3.2951336e+00
   1.6629041e+00   2.2223860e+00
   1.9940411e+00   3.0854648e-01
