   1.7027944e+00   2.0980861e+00
   8.6749669e-01   3.6041362e+00
   1.7617631e+00   1.8933471e+00
   1.7139857e+00   2.0613134e+00
   6.4706358e-01   3.7848692e+00
   1.7488360e+00   1.9406933e+00
   1.8957754e+00   1.2744184e+00
   1.4163323e+00   2.8241833e+00
   1.3157830e+00   3.0124509e+00
   1.7859757e+00   1.8003230e+00
   1.5853976e+00   2.4384541e+00
   1.6141993e+00   2.3616609e+00
   1.5061782e+00   2.6316741e+00
   7.5813381e-01   3.7014771e+00
   1.3970728e+00   2.8622980e+00
   1.3194333e-01   3.9912860e+00
   1.2278809e+00   3.1574093e+00
   1.9136083e+00   1.1629330e+00
   3.4268198e-01   3.9408471e+00
   1.9215536e+00   1.1092914e+00
   5.7267447e-01   3.8325156e+00
   1.7741371e+00   1.8465509e+00
   1.9653142e+00   7.4172747e-01
   1.4890676e+00   2.6703391e+00
   1.4535602e+00   2.7474808e+00
   1.1498908e+00   3.2727671e+00
   1.9716335e+00   6.7130081e-01
   1.6912499e+00   2.1351102e+00
   1.8081195e+00   1.7096242e+00
   8.9442763e-01   3.5777083e+00
   1.2504562e+00   3.1217683e+00
   1.6793468e+00   2.1723669e+00
   1.5703874e+00   2.4770010e+00
   7.3047726e-01   3.7236557e+00
   1.8769086e+00   1.3816139e+00
   1.1011893e+00   3.3390909e+00
   1.3572733e+00   2.9378967e+00
   6.7492190e-01   3.7653581e+00
   1.6414096e+00   2.2854097e+00
   5.3551426e-01   3.8539458e+00
   1.6670768e+00   2.2098460e+00
   1.0763411e+00   3.3713438e+00
   1.9969207e+00   2.2188008e-01
   1.6000000e+00   2.3999999e+00
   1.8283336e+00   1.6213527e+00
   6.0987192e-01   3.8094914e+00
   1.8377593e+00   1.5781517e+00
   1.8574139e+00   1.4832579e+00
   1.4351614e+00   2.7859015e+00
   1.9833814e+00   5.1457982e-01
   1.4715287e+00   2.7089505e+00
   9.2115721e-01   3.5504757e+00
   1.2944131e+00   3.0492588e+00
   1.9587853e+00   8.0786137e-01
   1.1338089e+00   3.2951342e+00
   1.3773862e+00   2.9002118e+00
   9.7394012e-01   3.4936747e+00
   1.2726347e+00   3.0857096e+00
   1.9289062e+00   1.0570165e+00
   1.9775695e+00   5.9739036e-01
   4.9842887e-01   3.8737933e+00
   1.8858023e+00   1.3322910e+00
   4.6147477e-01   3.8920643e+00
   1.0511763e+00   3.4029566e+00
   1.9883794e+00   4.3056965e-01
   8.4038336e-01   3.6297415e+00
   1.0257102e+00   3.4339008e+00
   7.0273438e-01   3.7449509e+00
   1.7972978e+00   1.7546747e+00
   9.4766621e-01   3.5224587e+00
   3.8651986e-04   3.9999999e+00
   1.6280008e+00   2.3234574e+00
   2.9772004e-01   3.9554331e+00
   1.7353391e+00   1.9885654e+00
   1.8674555e+00   1.4319358e+00
   3.8808494e-01   3.9239725e+00
   1.9367835e+00   9.9773695e-01
   9.9996119e-01   3.4641464e+00
   1.5228627e+00   2.5929822e+00
   1.1815802e+00   3.2273012e+00
   1.9050295e+00   1.2179698e+00
   4.2467944e-01   3.9087836e+00
   1.2049190e+00   3.1925978e+00
   1.1175743e+00   3.3172444e+00
   1.6544334e+00   2.2475322e+00
   1.8184594e+00   1.6651794e+00
   2.4443779e-01   3.9700127e+00
   8.1310591e-01   3.6545089e+00
   1.9929626e+00   3.3526260e-01
   1.1658158e+00   3.2501530e+00
   1.3367379e+00   2.9753197e+00
   7.8568296e-01   3.6784248e+00
   1.7248316e+00   2.0248022e+00
   1.8467537e+00   1.5355791e+00
   1.9197406e-01   3.9815303e+00
   1.5391235e+00   2.5542896e+00
   1.5549636e+00   2.5156217e+00
   1.9449316e+00   9.3218285e-01
   1.9522413e+00   8.6891650e-01
   2.0000000e+00   1.9939069e-04
