   1.9094006e+00   1.1902764e+00
   1.9004896e+00   1.2460164e+00
   1.4890675e+00   2.6703392e+00
   1.8209711e+00   1.6541637e+00
   1.9892987e+00   4.1323445e-01
   1.0929424e+00   3.3499116e+00
   1.5853980e+00   2.4384528e+00
   1.7176384e+00   2.0491151e+00
   1.2944140e+00   3.0492572e+00
   1.9176577e+00   1.1359380e+00
   1.8750636e+00   1.3915982e+00
   1.6586897e+00   2.2349482e+00
   1.7972978e+00   1.7546744e+00
   1.7859762e+00   1.8003212e+00
   1.9794888e+00   5.7139881e-01
   6.5635323e-01   3.7784655e+00
   1.8925333e+00   1.2935497e+00
   1.7283714e+00   2.0126921e+00
   1.9409667e+00   9.6467283e-01
   1.6142005e+00   2.3616576e+00
   1.9486863e+00   9.0027049e-01
   4.7070114e-01   3.8876422e+00
   7.9483892e-01   3.6705482e+00
   3.3064814e-04   3.9999999e+00
   3.5172910e-01   3.9376575e+00
   1.5228630e+00   2.5929815e+00
   1.9334967e+00   1.0229182e+00
   2.5326265e-01   3.9677994e+00
   8.4944044e-01   3.6212986e+00
   1.2504562e+00   3.1217683e+00
   1.3367379e+00   2.9753197e+00
   7.3970691e-01   3.7163604e+00
   1.5061795e+00   2.6316713e+00
   5.8197151e-01   3.8269095e+00
   1.0595977e+00   3.3924933e+00
   1.7065630e+00   2.0858022e+00
   1.3773865e+00   2.9002113e+00
   1.9845559e+00   4.9613658e-01
   1.7617630e+00   1.8933473e+00
   1.6951381e+00   2.1227407e+00
   1.6712080e+00   2.1973291e+00
   1.6833552e+00   2.1599215e+00
   1.9253022e+00   1.0829801e+00
   1.4535602e+00   2.7474809e+00
   1.3970739e+00   2.8622960e+00
   1.9936232e+00   3.1916426e-01
   4.3386002e-01   3.9047486e+00
   3.0667446e-01   3.9526957e+00
   1.7488364e+00   1.9406919e+00
   1.6000003e+00   2.3999991e+00
   1.8840670e+00   1.3420751e+00
   7.1199121e-01   3.7379505e+00
   1.5549636e+00   2.5156217e+00
   6.8419953e-01   3.7586545e+00
   1.7387673e+00   1.9765509e+00
   1.6280018e+00   2.3234546e+00
   1.8654951e+00   1.4421206e+00
   1.3157831e+00   3.0124507e+00
   1.1094004e+00   3.3282012e+00
   2.0000000e+00   1.9928089e-04
   9.0336026e-01   3.5687198e+00
   3.9721284e-01   3.9203173e+00
   1.8445447e+00   1.5461628e+00
   2.0066299e-01   3.9798163e+00
   1.7741370e+00   1.8465511e+00
   6.1917209e-01   3.8034857e+00
   1.0342324e+00   3.4236608e+00
   1.2278812e+00   3.1574089e+00
   1.0763398e+00   3.3713455e+00
   1.5391232e+00   2.5542904e+00
   7.6732977e-01   3.6938896e+00
   1.9744558e+00   6.3725812e-01
   1.9971868e+00   2.1208475e-01
   1.1815802e+00   3.2273012e+00
   1.1418693e+00   3.2839821e+00
   1.0085744e+00   3.4541440e+00
   9.8264254e-01   3.4839137e+00
   9.3001829e-01   3.5412235e+00
   1.3572736e+00   2.9378960e+00
   1.8331014e+00   1.5996740e+00
   8.7649527e-01   3.5954171e+00
   9.5645130e-01   3.5129480e+00
   1.4715292e+00   2.7089496e+00
   1.9625161e+00   7.7079354e-01
   1.8553322e+00   1.4936429e+00
   1.3194332e-01   3.9912860e+00
   1.9556046e+00   8.3811811e-01
   8.2221566e-01   3.6463469e+00
   1.4351626e+00   2.7858989e+00
   1.9685902e+00   7.0612328e-01
   1.8081197e+00   1.7096236e+00
   1.2726360e+00   3.0857074e+00
   1.1257109e+00   3.3062214e+00
   1.5703871e+00   2.4770018e+00
   1.1578732e+00   3.2614902e+00
   1.6457937e+00   2.2727630e+00
   5.4479824e-01   3.8487374e+00
   1.4163323e+00   2.8241834e+00
   1.2049165e+00   3.1926016e+00
   5.0769424e-01   3.8689774e+00
