   1.8674555e+00   1.4319357e+00
   1.3905582e+00   2.8749594e+00
   7.8568254e-01   3.6784252e+00
   1.3087055e+00   3.0247577e+00
   1.9522412e+00   8.6891722e-01
   8.6749676e-01   3.6041362e+00
   1.2652872e+00   3.0977723e+00
   1.7972976e+00   1.7546753e+00
   1.9136084e+00   1.1629325e+00
   2.4443818e-01   3.9700126e+00
   1.8377598e+00   1.5781494e+00
   1.7176389e+00   2.0491135e+00
   1.8574138e+00   1.4832585e+00
   8.4038313e-01   3.6297417e+00
   1.3707294e+00   2.9128000e+00
   1.9775695e+00   5.9738997e-01
   1.9300768e+00   1.0484343e+00
   1.8283336e+00   1.6213530e+00
   1.6833537e+00   2.1599263e+00
   1.5652925e+00   2.4898670e+00
   1.1578732e+00   3.2614902e+00
   1.8769087e+00   1.3816134e+00
   1.1094000e+00   3.3282018e+00
   1.8184589e+00   1.6651812e+00
   8.9442675e-01   3.5777092e+00
   1.3297973e+00   2.9877344e+00
   1.5951778e+00   2.4128056e+00
   8.1310691e-01   3.6545080e+00
   1.4655870e+00   2.7218044e+00
   1.2202700e+00   3.1691898e+00
   1.0763403e+00   3.3713449e+00
   1.7617627e+00   1.8933486e+00
   1.2871987e+00   3.0614504e+00
   1.9050306e+00   1.2179626e+00
   1.4099602e+00   2.8369083e+00
   9.4766681e-01   3.5224580e+00
   1.6325135e+00   2.3107570e+00
   1.7387679e+00   1.9765486e+00
   1.1418696e+00   3.2839816e+00
   1.5337498e+00   2.5671864e+00
   9.9996006e-01   3.4641477e+00
   1.8467533e+00   1.5355809e+00
   1.9449312e+00   9.3218581e-01
   1.6712080e+00   2.1973291e+00
   9.2115643e-01   3.5504765e+00
   7.0273428e-01   3.7449510e+00
   6.0057176e-01   3.8153970e+00
   1.1971810e+00   3.2042208e+00
   1.0511759e+00   3.4029571e+00
   1.3504751e+00   2.9504013e+00
   4.4305044e-01   3.9006186e+00
   1.0929444e+00   3.3499089e+00
   1.9587862e+00   8.0785309e-01
   1.9653141e+00   7.4172859e-01
   1.2429725e+00   3.1337003e+00
   1.9880615e+00   4.3640108e-01
   1.0257105e+00   3.4339004e+00
   7.3047790e-01   3.7236552e+00
   1.9215540e+00   1.1092883e+00
   1.9378503e+00   9.8941606e-01
   1.6951367e+00   2.1227450e+00
   1.7283715e+00   2.0126918e+00
   1.7065636e+00   2.0858002e+00
   1.7488364e+00   1.9406917e+00
   3.5172922e-01   3.9376575e+00
   6.3776777e-01   3.7911752e+00
   1.9829768e+00   5.2078004e-01
   3.9721277e-01   3.9203173e+00
   1.7859760e+00   1.8003217e+00
   1.9197999e-01   3.9815292e+00
   1.6095110e+00   2.3744257e+00
   4.8918079e-01   3.8785060e+00
   1.8957756e+00   1.2744176e+00
   1.6234437e+00   2.3361769e+00
   6.7492258e-01   3.7653576e+00
   1.8081198e+00   1.7096231e+00
   1.6457932e+00   2.2727647e+00
   1.2347329e-01   3.9923699e+00
   5.6337933e-01   3.8380223e+00
   1.7741367e+00   1.8465524e+00
   1.6586897e+00   2.2349483e+00
   1.9716332e+00   6.7130462e-01
   7.5813425e-01   3.7014767e+00
   1.9927337e+00   3.4066043e-01
   1.8858024e+00   1.3322905e+00
   1.5005222e+00   2.6445666e+00
   2.9772067e-01   3.9554329e+00
   1.9967824e+00   2.2680595e-01
   1.5173485e+00   2.6058806e+00
   3.9940252e-04   3.9999999e+00
   1.4289331e+00   2.7986784e+00
   9.7394004e-01   3.4936747e+00
   1.4474752e+00   2.7603011e+00
   1.4832689e+00   2.6832169e+00
   1.1257108e+00   3.3062215e+00
   1.5497304e+00   2.5285061e+00
   5.2623465e-01   3.8590554e+00
   1.5804397e+00   2.4512939e+00
   2.0000000e+00   1.9990135e-04
   1.1737186e+00   3.2387557e+00
