   1.7521209e+00   1.9288053e+00
   1.8000496e+00   1.7433548e+00
   1.9346067e+00   1.0144888e+00
   1.8941641e+00   1.2839663e+00
   1.6047778e+00   2.3872062e+00
   1.7176385e+00   2.0491150e+00
   1.9755262e+00   6.2384692e-01
   9.5645226e-01   3.5129470e+00
   1.1011902e+00   3.3390898e+00
   1.4035406e+00   2.8496131e+00
   1.9035352e+00   1.2272795e+00
   1.3015826e+00   3.0370267e+00
   1.4413419e+00   2.7731090e+00
   6.0057175e-01   3.8153970e+00
   1.4595972e+00   2.7346487e+00
   4.5225823e-01   3.8963894e+00
   1.0846600e+00   3.3606622e+00
   5.6337566e-01   3.8380244e+00
   1.3839959e+00   2.8875979e+00
   1.7065636e+00   2.0858003e+00
   9.3001829e-01   3.5412235e+00
   1.9974384e+00   2.0238368e-01
   1.5117870e+00   2.6187785e+00
   1.1498910e+00   3.2727669e+00
   1.1338095e+00   3.2951334e+00
   7.1199030e-01   3.7379512e+00
   1.5601509e+00   2.5027419e+00
   1.8445448e+00   1.5461624e+00
   7.3970718e-01   3.7163602e+00
   1.5903104e+00   2.4256239e+00
   1.9632308e+00   7.6347840e-01
   1.9940411e+00   3.0854628e-01
   1.9564168e+00   8.3050177e-01
   1.8107488e+00   1.6984566e+00
   1.7888541e+00   1.7888555e+00
   1.3640255e+00   2.9253612e+00
   1.8654951e+00   1.4421206e+00
   1.7649076e+00   1.8815963e+00
   1.5283298e+00   2.5800837e+00
   1.8750636e+00   1.3915986e+00
   1.6369838e+00   2.2980722e+00
   6.2847031e-01   3.7973807e+00
   1.9122237e+00   1.1720076e+00
   9.8264241e-01   3.4839138e+00
   1.2799401e+00   3.0735994e+00
   3.6987313e-01   3.9310018e+00
   1.2354488e+00   3.1455787e+00
   1.4948185e+00   2.6574557e+00
   1.9856721e+00   4.7793859e-01
   1.1894012e+00   3.2157891e+00
   1.9419780e+00   9.5649655e-01
   1.6544334e+00   2.2475321e+00
   4.8918092e-01   3.8785059e+00
   1.6951380e+00   2.1227409e+00
   4.1551045e-01   3.9127234e+00
   2.7987402e-01   3.9606416e+00
   1.7283713e+00   2.0126923e+00
   1.9808501e+00   5.5220623e-01
   1.9277203e+00   1.0656347e+00
   6.8419918e-01   3.7586548e+00
   8.7649482e-01   3.5954175e+00
   5.2623481e-01   3.8590553e+00
   1.4226565e+00   2.8114399e+00
   3.2464109e-01   3.9469523e+00
   1.1658157e+00   3.2501530e+00
   3.7991824e-04   3.9999999e+00
   7.6732953e-01   3.6938898e+00
   9.0336027e-01   3.5687198e+00
   1.6712080e+00   2.1973291e+00
   1.6833552e+00   2.1599216e+00
   1.7771463e+00   1.8349400e+00
   1.0342313e+00   3.4236622e+00
   1.0085743e+00   3.4541441e+00
   1.8209708e+00   1.6541650e+00
   1.3228142e+00   3.0001083e+00
   1.8553321e+00   1.4936436e+00
   1.9495935e+00   8.9237935e-01
   1.5444501e+00   2.5413964e+00
   8.4944033e-01   3.6212987e+00
   1.8332535e-01   3.9831605e+00
   1.7387680e+00   1.9765483e+00
   1.9698345e+00   6.9210443e-01
   8.2221550e-01   3.6463470e+00
   1.2126154e+00   3.1809205e+00
   1.5754362e+00   2.4641436e+00
   1.6188437e+00   2.3489104e+00
   1.1175744e+00   3.3172443e+00
   1.8331016e+00   1.5996730e+00
   1.9901687e+00   3.9612468e-01
   1.3436299e+00   2.9628761e+00
   1.8840672e+00   1.3420743e+00
   6.5635319e-01   3.7784656e+00
   1.4774226e+00   2.6960878e+00
   1.2347529e-01   3.9923696e+00
   7.9483862e-01   3.6705485e+00
   1.0595977e+00   3.3924934e+00
   2.0000000e+00   1.9381684e-04
   2.3563523e-01   3.9721410e+00
   1.9202720e+00   1.1181330e+00
   1.2578937e+00   3.1097932e+00
