   1.6188437e+00   2.3489105e+00
   1.9673087e+00   7.2026790e-01
   1.1338095e+00   3.2951335e+00
   1.5117870e+00   2.6187785e+00
   1.4948186e+00   2.6574555e+00
   1.8989376e+00   1.2554456e+00
   1.8892095e+00   1.3128405e+00
   1.8532257e+00   1.5040673e+00
   7.2123874e-01   3.7308523e+00
   7.4892610e-01   3.7089673e+00
   1.6047781e+00   2.3872053e+00
   1.8354440e+00   1.5888931e+00
   1.2799408e+00   3.0735982e+00
   9.1226873e-01   3.5596437e+00
   6.6564022e-01   3.7719613e+00
   1.0679858e+00   3.3819558e+00
   1.0846586e+00   3.3606641e+00
   1.8445445e+00   1.5461638e+00
   1.8615030e+00   1.4626095e+00
   1.0427201e+00   3.4133473e+00
   1.6544330e+00   2.2475333e+00
   1.9458893e+00   9.2415371e-01
   1.5601510e+00   2.5027415e+00
   1.6369838e+00   2.2980724e+00
   5.1696098e-01   3.8640659e+00
   1.8259078e+00   1.6322510e+00
   1.1658158e+00   3.2501530e+00
   4.7993184e-01   3.8831253e+00
   1.3436299e+00   2.9628761e+00
   1.9240688e+00   1.0917130e+00
   1.6912506e+00   2.1351077e+00
   1.4035404e+00   2.8496135e+00
   1.1011894e+00   3.3390909e+00
   1.8713058e+00   1.4116862e+00
   1.7248316e+00   2.0248022e+00
   1.7455164e+00   1.9526109e+00
   1.9603096e+00   7.9293423e-01
   1.9733523e+00   6.5078639e-01
   1.3015822e+00   3.0370273e+00
   1.2354485e+00   3.1455792e+00
   1.9389031e+00   9.8113168e-01
   7.7651319e-01   3.6862052e+00
   1.8159188e+00   1.6762326e+00
   1.1175743e+00   3.3172445e+00
   1.7830653e+00   1.8118258e+00
   4.3386090e-01   3.9047482e+00
   8.3130631e-01   3.6380928e+00
   1.5283298e+00   2.5800836e+00
   1.8805317e+00   1.3617643e+00
   1.7353393e+00   1.9885649e+00
   1.9163254e+00   1.1448963e+00
   3.8808422e-01   3.9239728e+00
   6.2847054e-01   3.7973806e+00
   1.7585839e+00   1.9051327e+00
   1.5754363e+00   2.4641433e+00
   1.3194334e-01   3.9912860e+00
   8.5847814e-01   3.6127636e+00
   1.9079624e+00   1.1994656e+00
   8.8547197e-01   3.5866081e+00
   9.6520980e-01   3.5033527e+00
   1.4226564e+00   2.8114401e+00
   5.5408622e-01   3.8434300e+00
   9.9131585e-01   3.4740713e+00
   1.9892986e+00   4.1323593e-01
   1.2578933e+00   3.1097938e+00
   1.3640248e+00   2.9253625e+00
   1.9936232e+00   3.1916473e-01
   1.1498911e+00   3.2727667e+00
   6.9347030e-01   3.7518523e+00
   1.4595976e+00   2.7346480e+00
   1.9312315e+00   1.0398939e+00
   1.3839962e+00   2.8875974e+00
   1.5903106e+00   2.4256234e+00
   5.9127163e-01   3.8212029e+00
   1.7139855e+00   2.0613138e+00
   1.5444500e+00   2.5413966e+00
   3.5895666e-04   3.9999999e+00
   1.7027944e+00   2.0980860e+00
   1.4413422e+00   2.7731084e+00
   1.9198140e-01   3.9815289e+00
   1.7945147e+00   1.7660315e+00
   1.9530998e+00   8.6116506e-01
   2.4443647e-01   3.9700130e+00
   1.1893995e+00   3.2157915e+00
   3.4268220e-01   3.9408471e+00
   1.7710944e+00   1.8581977e+00
   1.4774226e+00   2.6960879e+00
   1.8054602e+00   1.7208293e+00
   1.9845558e+00   4.9613888e-01
   9.3885547e-01   3.5318836e+00
   1.6670768e+00   2.2098460e+00
   2.9772074e-01   3.9554329e+00
   1.2126149e+00   3.1809213e+00
   8.0398209e-01   3.6625744e+00
   1.3228143e+00   3.0001082e+00
   1.9790207e+00   5.7784740e-01
   2.0000000e+00   1.9993157e-04
   1.9971866e+00   2.1209060e-01
   1.0171580e+00   3.4440613e+00
   1.6793452e+00   2.1723716e+00
