   1.9367836e+00   9.9773633e-01
   1.9974384e+00   2.0238273e-01
   8.0397765e-01   3.6625783e+00
   5.0769011e-01   3.8689796e+00
   1.9513709e+00   8.7670168e-01
   1.3773861e+00   2.9002120e+00
   1.9904480e+00   3.9047019e-01
   1.9215538e+00   1.1092898e+00
   6.9346991e-01   3.7518526e+00
   1.7387679e+00   1.9765486e+00
   1.8858023e+00   1.3322907e+00
   1.9050292e+00   1.2179719e+00
   1.9942433e+00   3.0327214e-01
   1.5853976e+00   2.4384541e+00
   8.5847802e-01   3.6127638e+00
   1.8000493e+00   1.7433558e+00
   3.7897246e-01   3.9275335e+00
   1.8209708e+00   1.6541647e+00
   5.8197227e-01   3.8269091e+00
   1.9439598e+00   9.4025561e-01
   1.1338094e+00   3.2951335e+00
   1.2726360e+00   3.0857075e+00
   1.8957756e+00   1.2744176e+00
   1.7065637e+00   2.0858001e+00
   2.4443785e-01   3.9700127e+00
   1.9817217e+00   5.3955271e-01
   7.4892617e-01   3.7089673e+00
   1.4715290e+00   2.7089499e+00
   1.1658158e+00   3.2501530e+00
   9.9131592e-01   3.4740712e+00
   1.8445444e+00   1.5461640e+00
   1.1498914e+00   3.2727663e+00
   6.3776778e-01   3.7911752e+00
   1.6951378e+00   2.1227414e+00
   1.8654951e+00   1.4421205e+00
   1.4535602e+00   2.7474808e+00
   4.2467912e-01   3.9087838e+00
   1.5061790e+00   2.6316722e+00
   1.2504556e+00   3.1217693e+00
   1.9198071e-01   3.9815291e+00
   1.1175745e+00   3.3172441e+00
   1.0679862e+00   3.3819554e+00
   1.2049195e+00   3.1925970e+00
   7.7651300e-01   3.6862054e+00
   1.9653141e+00   7.4172878e-01
   1.4163325e+00   2.8241828e+00
   1.6501351e+00   2.2601364e+00
   7.2123874e-01   3.7308523e+00
   9.6521020e-01   3.5033523e+00
   1.8331016e+00   1.5996730e+00
   1.3157821e+00   3.0124525e+00
   1.2347500e-01   3.9923697e+00
   1.7771462e+00   1.8349401e+00
   1.8553322e+00   1.4936433e+00
   1.2944142e+00   3.0492568e+00
   1.8750634e+00   1.3915994e+00
   4.7070095e-01   3.8876423e+00
   1.6833552e+00   2.1599216e+00
   8.3130822e-01   3.6380911e+00
   1.4890676e+00   2.6703390e+00
   1.3970734e+00   2.8622970e+00
   2.8878693e-01   3.9580814e+00
   1.5391234e+00   2.5542899e+00
   1.0427202e+00   3.4133471e+00
   1.5228629e+00   2.5929818e+00
   1.7521208e+00   1.9288056e+00
   1.9863850e+00   4.6593813e-01
   3.9992610e-04   3.9999999e+00
   1.9587854e+00   8.0786109e-01
   3.3364899e-01   3.9439464e+00
   1.5703877e+00   2.4770001e+00
   5.4479757e-01   3.8487378e+00
   1.1011893e+00   3.3390909e+00
   1.0171601e+00   3.4440589e+00
   1.9289062e+00   1.0570164e+00
   1.9136084e+00   1.1629324e+00
   1.6141995e+00   2.3616605e+00
   1.3367376e+00   2.9753203e+00
   1.1815814e+00   3.2272995e+00
   8.8547187e-01   3.5866082e+00
   1.4351620e+00   2.7859003e+00
   1.8107492e+00   1.6984550e+00
   1.7888539e+00   1.7888563e+00
   1.6670768e+00   2.2098460e+00
   1.2278810e+00   3.1574091e+00
   1.7649076e+00   1.8815962e+00
   1.7176384e+00   2.0491151e+00
   9.1227081e-01   3.5596415e+00
   1.3572732e+00   2.9378969e+00
   6.6564010e-01   3.7719614e+00
   1.0846584e+00   3.3606643e+00
   1.6000004e+00   2.3999990e+00
   6.0986990e-01   3.8094927e+00
   2.0000000e+00   1.7670242e-04
   1.6325139e+00   2.3107561e+00
   1.9710426e+00   6.7820634e-01
   9.3885528e-01   3.5318838e+00
   1.9765636e+00   6.1056120e-01
   1.7283712e+00   2.0126929e+00
   1.5549640e+00   2.5156209e+00
