   2.0379706e+00   1.4526298e+00
   2.0774021e+00   1.2200023e+00
   1.9429342e+00   1.6567918e+00
   2.1894506e+00   6.1728423e-01
   8.3778171e-01   3.7652725e+00
   1.6140473e+00   2.5440498e+00
   1.9558375e+00   1.5985970e+00
   1.6788206e+00   2.3757882e+00
   1.7217376e+00   2.2813149e+00
   1.3847833e+00   2.8887632e+00
   1.5643812e+00   2.6636241e+00
   3.3708556e-01   4.1008041e+00
   1.0391515e+00   3.5181705e+00
   1.4235992e-01   4.1421722e+00
   1.9154214e+00   1.7814813e+00
   7.6388797e-01   3.8382592e+00
   4.9760040e-01   4.0265595e+00
   6.7907233e-01   3.9098982e+00
   1.5471791e+00   2.7029935e+00
   1.5814168e+00   2.6235637e+00
   1.8604709e+00   1.9991104e+00
   1.9294165e+00   1.7190521e+00
   1.5291209e+00   2.7426470e+00
   1.2890079e+00   3.0951881e+00
   2.1737302e+00   7.6406088e-01
   2.0499586e+00   1.4011108e+00
   2.1123771e+00   9.2997665e-01
   1.3461770e+00   2.9683970e+00
   1.1526051e+00   3.3496907e+00
   1.1979952e+00   3.2722119e+00
   3.8408933e-01   4.0830416e+00
   2.1486974e+00   8.4417135e-01
   2.1046947e+00   9.9955216e-01
   1.9773210e+00   1.5772072e+00
   1.5975760e+00   2.5846238e+00
   1.1369800e+00   3.3748123e+00
   2.0690170e+00   1.2787860e+00
   9.1835477e-01   3.6733154e+00
   2.9077698e-01   4.1152829e+00
   1.2411924e+00   3.1916884e+00
   9.3591045e-01   3.6516670e+00
   1.1755751e+00   3.3113764e+00
   2.0223348e+00   1.5030388e+00
   1.7718346e+00   2.2550280e+00
   1.6979801e+00   2.3262084e+00
   1.1051765e+00   3.4243476e+00
   5.2610921e-01   4.0094420e+00
   1.4221876e+00   2.8177812e+00
   1.6637675e+00   2.4140805e+00
   1.8467334e+00   2.0492606e+00
   2.0977012e+00   1.0612124e+00
   4.2182938e-01   4.0663585e+00
   9.6177617e-01   3.6182947e+00
   6.2196014e-01   3.9512094e+00
   2.1951942e+00   4.9488925e-01
   1.4052145e+00   2.8533663e+00
   1.2198582e+00   3.2321861e+00
   1.3640453e+00   2.9262422e+00
   2.3559068e-01   4.1286201e+00
   1.8098693e+00   2.1758238e+00
   1.9021765e+00   1.8371600e+00
   1.6291956e+00   2.5056911e+00
   5.9310176e-01   3.9700067e+00
   1.7911002e+00   2.2243477e+00
   8.1947401e-01   3.7843575e+00
   8.9176079e-01   3.7050778e+00
   2.0598632e+00   1.3391962e+00
   4.5975805e-01   4.0475150e+00
   2.1632278e+00   8.0794164e-01
   2.1168926e+00   8.9133960e-01
   1.0647021e+00   3.4833117e+00
   1.0219726e+00   3.5404480e+00
   1.5082244e+00   2.7762952e+00
   9.7888959e-01   3.5954485e+00
   7.3591281e-01   3.8634294e+00
   8.6490022e-01   3.7356909e+00
   5.6438050e-01   3.9878492e+00
   7.0742738e-01   3.8873295e+00
   1.3084962e+00   3.0531585e+00
   1.8360626e+00   2.0873056e+00
   1.0047458e+00   3.5624449e+00
   2.0910393e+00   1.1164157e+00
   1.8885504e+00   1.8925895e+00
   1.4834787e+00   2.8039206e+00
   2.0015736e+00   1.5471650e+00
   6.5056450e-01   3.9311141e+00
   1.2688833e+00   3.1369662e+00
   1.3277295e+00   3.0112810e+00
   2.1821576e+00   7.0406435e-01
   1.1213575e+00   3.3998483e+00
   7.9185133e-01   3.8119988e+00
   2.1329273e+00   8.7126596e-01
   1.8249432e+00   2.1255335e+00
   2.2024596e+00   2.0253725e-01
   2.0838760e+00   1.1721635e+00
   1.6444171e+00   2.4659324e+00
   2.2002312e+00   2.4112059e-01
   1.0889697e+00   3.4484370e+00
   1.8770691e+00   1.9390170e+00
   1.2555130e+00   3.1651249e+00
