   1.5431530e+00   2.8658836e+00   3.1609853e-01
   2.0521785e+00   6.2333120e-01   1.8799417e+00
   6.6968025e-01   3.3453003e+00   2.6790708e+00
   1.1545552e+00   3.2711699e+00   1.3463903e+00
   1.9964955e+00   1.6902291e+00   1.5063826e-01
   2.0058482e+00   1.3371942e+00   1.5041921e+00
   1.5340999e+00   2.4114368e+00   2.4086798e+00
   5.0635989e-01   1.7707976e+00   5.3179345e+00
   7.0749176e-01   3.0708621e+00   3.3079550e+00
   1.3803694e+00   2.3038707e+00   2.9917960e+00
   1.1776946e+00   1.1775799e+00   4.7081855e+00
   9.7517595e-01   2.1919899e+00   4.1464687e+00
   1.9578128e+00   1.5438025e-01   2.7309099e+00
   7.2991777e-01   1.2156563e+00   5.3542120e+00
   1.7551886e+00   1.9195499e-01   3.7290377e+00
   1.8165273e+00   2.3618011e+00   1.5007804e-01
   2.2149081e-01   3.5481783e+00   2.8833973e+00
   6.0177217e-01   3.6195956e+00   1.8103261e+00
   2.1518854e+00   1.0750179e+00   2.1703711e-01
   9.6876915e-01   1.6975993e+00   4.6086886e+00
   8.2952328e-01   3.7331471e+00   1.5819163e-01
   2.1469980e+00   2.1754679e-01   1.5750498e+00
   1.8717511e+00   2.1834631e+00   2.9013271e-01
   9.3176179e-01   2.7957075e+00   3.2605765e+00
   1.7314775e+00   2.5981714e+00   1.5686177e-01
   1.3213676e+00   2.0185961e-01   4.8491100e+00
   9.1118891e-01   2.9880311e+00   2.9879399e+00
   1.3467561e+00   9.0013095e-01   4.4999887e+00
   2.5230622e-01   3.0307316e+00   4.0426619e+00
   1.3346652e+00   2.6736989e+00   2.4491748e+00
   1.7916357e+00   1.5921617e+00   2.3888670e+00
   1.2250726e+00   3.0604895e+00   1.8373000e+00
   2.5252365e-01   2.5267760e+00   4.7969300e+00
   1.4801361e+00   2.1045025e-01   4.4396852e+00
   1.1859347e+00   2.6475099e+00   3.0859631e+00
   1.9030535e+00   1.7278073e-01   3.0466354e+00
   2.4952652e-01   2.7496556e+00   4.4995904e+00
   1.5811558e+00   1.8982394e-01   4.1437887e+00
   2.0771987e+00   8.8580146e-01   1.3347904e+00
   1.9103466e-01   3.8452981e+00   1.7300711e+00
   1.4071793e+00   3.1275034e+00   1.3544242e-01
   2.0776815e+00   1.4535374e+00   1.8162884e-01
   6.4605000e-01   4.4964729e-01   5.6384997e+00
   1.5989382e+00   2.7394073e+00   4.8329417e-01
   7.3775678e-01   2.7069258e+00   3.9374415e+00
   1.6658801e+00   6.2424054e-01   3.7491305e+00
   1.5917608e+00   1.5917431e+00   3.4107886e+00
   9.8600083e-01   2.4651626e+00   3.6964277e+00
   2.1826833e+00   2.0041998e-01   9.9752326e-01
   1.1555630e-02   4.0115256e+00   1.1532499e-02
   1.9409826e+00   1.9410922e+00   1.7003252e-01
   1.4890189e+00   2.9781423e+00   1.2243840e-01
   7.4749475e-01   2.4932485e+00   4.2385338e+00
   7.5061408e-01   1.7517320e+00   5.0040331e+00
   7.5343935e-01   2.2589985e+00   4.5213944e+00
   2.4733172e-01   1.4884054e+00   5.7076526e+00
   8.5399052e-01   3.4307284e+00   2.1439528e+00
   1.8469883e+00   1.8274614e-01   3.3252384e+00
   1.7075677e+00   1.2805285e+00   3.1999020e+00
   1.3985575e+00   1.3973711e+00   3.9938550e+00
   4.3260576e-01   1.8344385e-01   5.8517487e+00
   8.8087971e-01   2.0883775e-01   5.5027478e+00
   1.6965464e+00   2.2620913e+00   1.6952692e+00
   9.8820979e-01   3.5559709e+00   7.1081718e-01
   4.5851784e-01   3.7920301e+00   1.3268667e+00
   3.0975193e-02   2.6177167e-04   5.9994702e+00
   2.1839182e+00   7.1358915e-01   2.0045857e-01
   1.1619151e+00   3.4896582e+00   1.4038355e-01
   1.1132851e+00   4.3584471e-01   5.1060891e+00
   3.0706613e-01   3.9122680e+00   8.4712283e-01
   2.4643949e-01   3.2081083e+00   3.7015809e+00
   6.2111555e-01   3.8837341e+00   7.5951252e-02
   2.0626280e-01   3.7273848e+00   2.2776535e+00
   4.6856638e-01   3.2854188e+00   3.2850683e+00
   4.9959205e-01   2.7535747e+00   4.2553208e+00
   2.0205822e+00   1.5388705e-01   2.3074603e+00
   1.7025952e+00   1.7025756e+00   2.7664393e+00
   9.3262219e-01   1.1913239e+00   5.0060379e+00
   2.0804334e+00   1.8252410e-01   2.0746863e+00
   1.1954815e+00   2.1520885e+00   3.8250250e+00
   1.7603428e+00   1.9559482e+00   1.9556365e+00
   1.2893044e+00   3.3160809e+00   1.3205385e-01
   1.0994607e+00   3.0671519e+00   2.4185549e+00
   1.6562580e+00   2.4848528e+00   1.2869238e+00
   1.1714958e-02   1.1702400e-02   6.0117024e+00
   1.2313124e+00   1.7240766e+00   4.1900323e+00
   1.4053986e+00   1.8738064e+00   3.5139031e+00
   1.5782815e+00   1.1271666e+00   3.8357330e+00
   2.0713896e+00   1.1822390e+00   8.2016292e-01
   2.5299094e-01   2.0259117e+00   5.3202416e+00
   1.9564083e+00   1.2448122e+00   2.1344156e+00
   1.5748513e+00   2.0249008e+00   2.9243346e+00
   2.5359724e-01   2.2828424e+00   5.0739416e+00
   2.2010628e+00   2.0109782e-01   2.0112661e-01
   1.6518088e+00   2.0648046e+00   2.4776197e+00
   2.0250385e+00   1.5807027e+00   1.5777019e-01
   1.0345690e+00   3.3158612e+00   1.8652601e+00
   7.2448687e-01   2.8995396e+00   3.6246396e+00
   1.8046303e+00   1.2019172e+00   2.8084494e+00
   2.8018393e-02   3.9999361e+00   3.3330199e-04
