   6.3958640e-01   3.9296060e+00
   8.8879287e-01   3.6932172e+00
   1.7417503e+00   2.2311531e+00
   1.8227041e+00   2.1201899e+00
   1.3440046e+00   2.9643926e+00
   1.8767809e+00   1.9379338e+00
   2.0026038e+00   1.5473833e+00
   1.4837468e+00   2.8043470e+00
   9.0648499e-01   3.6718903e+00
   1.8423001e+00   2.0645536e+00
   2.0759841e+00   1.2295165e+00
   1.8861747e+00   1.9013811e+00
   6.6822380e-01   3.9083456e+00
   3.9236184e-01   4.0694256e+00
   2.1939828e+00   5.1325508e-01
   2.0850320e+00   1.1624926e+00
   1.8569561e+00   2.0117023e+00
   1.6890590e+00   2.3441589e+00
   2.1978169e+00   4.0552526e-01
   1.9780458e+00   1.5789319e+00
   1.1024427e+00   3.4161719e+00
   1.0618508e+00   3.4762105e+00
   2.1742899e+00   7.5595989e-01
   1.6238769e+00   2.5186156e+00
   2.1473066e+00   8.4342007e-01
   9.9496024e-01   3.5689564e+00
   1.3246933e+00   3.0044484e+00
   1.2510791e+00   3.1541838e+00
   5.4413781e-01   3.9916030e+00
   1.3679421e+00   2.9338183e+00
   5.0590327e-01   4.0124592e+00
   3.4577835e-01   4.0896709e+00
   1.4129299e-01   4.1411505e+00
   2.1005815e+00   1.0345911e+00
   1.9204481e+00   1.7584993e+00
   2.0581171e+00   1.3493076e+00
   2.1082533e+00   9.6466568e-01
   1.9543497e+00   1.5995949e+00
   4.3004141e-01   4.0505076e+00
   1.9094792e+00   1.8058039e+00
   2.0489538e+00   1.4005164e+00
   9.2387496e-01   3.6502381e+00
   1.9307538e+00   1.7124417e+00
   1.9411258e+00   1.6667814e+00
   1.5220319e+00   2.7534103e+00
   1.9905456e-01   4.1318928e+00
   2.0380959e+00   1.4518458e+00
   1.1184144e+00   3.3911785e+00
   4.6770344e-01   4.0312150e+00
   1.2106707e+00   3.2362902e+00
   1.3966315e+00   2.8879527e+00
   1.5008251e+00   2.7863681e+00
   5.8250864e-01   3.9685365e+00
   1.4173621e+00   2.8228902e+00
   6.9648552e-01   3.8856229e+00
   1.1341505e+00   3.3661471e+00
   7.2463884e-01   3.8618610e+00
   1.8980959e+00   1.8530608e+00
   1.1933905e+00   3.2648618e+00
   2.1616131e+00   8.0757684e-01
   2.9951041e-01   4.1067673e+00
   1.6554106e+00   2.4360062e+00
   2.0673684e+00   1.2887805e+00
   2.1310614e+00   8.7048110e-01
   1.5921985e+00   2.5973151e+00
   1.7227914e+00   2.2485531e+00
   1.6081847e+00   2.5581011e+00
   2.5333399e-01   4.1203338e+00
   9.7685588e-01   3.5882091e+00
   1.2303664e+00   3.1969551e+00
   2.0932435e+00   1.0977225e+00
   1.6390864e+00   2.4792280e+00
   1.7764770e+00   2.2038223e+00
   1.7050214e+00   2.2973985e+00
   1.8671484e+00   1.9747202e+00
   2.1159988e+00   8.8968120e-01
   1.2717612e+00   3.1122251e+00
   1.5755290e+00   2.6370859e+00
   1.3072307e+00   3.0359654e+00
   2.0234434e+00   1.5017515e+00
   1.5409105e+00   2.7157083e+00
   6.1121827e-01   3.9496455e+00
   1.0115350e+00   3.5449259e+00
   1.0864138e+00   3.4403816e+00
   1.2910862e+00   3.0721533e+00
   1.6686784e+00   2.3997947e+00
   1.1716783e+00   3.3033032e+00
   2.2009250e+00   2.0099373e-01
   2.1833856e+00   6.8931173e-01
   1.8020671e+00   2.1671061e+00
   8.6221670e-01   3.7240602e+00
   7.8040215e-01   3.8101621e+00
   8.0787980e-01   3.7827736e+00
   9.5071369e-01   3.6189716e+00
   1.5585655e+00   2.6764392e+00
   1.0374737e+00   3.5097935e+00
   7.5266364e-01   3.8365610e+00
   2.1899873e+00   6.0340786e-01
   8.3509564e-01   3.7540216e+00
   1.1494922e+00   3.3411902e+00
