   1.3576745e+00   1.1286359e+00   4.2992339e+00
   1.2893969e+00   3.3176442e+00   1.4673241e-01
   1.8149569e+00   2.3688494e+00   1.5070828e-01
   1.6087123e+00   2.7163908e+00   4.8200111e-01
   1.0666948e+00   3.2044810e+00   2.1340776e+00
   1.5821422e+00   1.9545419e-01   4.1286084e+00
   1.2110337e+00   1.6959969e+00   4.2709689e+00
   9.8049570e-01   2.4709149e+00   3.7073552e+00
   6.3012972e-01   3.5847109e+00   1.8976942e+00
   2.4752163e-01   1.4891591e+00   5.7072402e+00
   1.9885202e-01   3.7926525e+00   1.9958474e+00
   1.7618570e+00   2.0654011e+00   1.6840022e+00
   1.6567199e+00   2.4850451e+00   1.2886946e+00
   6.6902077e-01   3.3469527e+00   2.6773949e+00
   1.9749466e+00   1.2542320e+00   1.9759807e+00
   2.5330645e-01   2.2829644e+00   5.0735265e+00
   1.9398515e+00   1.9386873e+00   1.9367920e-01
   1.4806651e+00   2.0021078e-01   4.4410095e+00
   1.8722724e+00   2.1843176e+00   2.8299573e-01
   4.2780860e-01   1.7825817e-01   5.8567634e+00
   9.3366595e-01   9.4859487e-01   5.2237271e+00
   5.3322979e-01   3.7154197e+00   1.5603330e+00
   7.0828584e-01   3.0700599e+00   3.3063905e+00
   1.3602057e+00   2.4951660e+00   2.7199840e+00
   1.3393403e+00   8.9836133e-01   4.5049366e+00
   7.2979463e-01   1.2144462e+00   5.3552706e+00
   1.0391367e+00   3.4828579e+00   9.0463868e-01
   2.5213593e-01   3.0303773e+00   4.0429624e+00
   3.5080498e-01   3.8872115e+00   9.6860304e-01
   1.1704180e+00   2.5766274e+00   3.2783071e+00
   1.6678333e+00   1.8764716e+00   2.7109486e+00
   1.5560354e+00   2.2235245e+00   2.6691670e+00
   1.7590803e+00   1.8509077e-01   3.7158919e+00
   2.0512506e+00   1.5220744e+00   1.6912901e-01
   2.0776207e+00   8.8975388e-01   1.3297280e+00
   1.7306528e+00   2.5941794e+00   1.4822355e-01
   1.6659573e+00   6.2333905e-01   3.7531029e+00
   7.4745971e-01   2.4927186e+00   4.2385786e+00
   2.3942910e-01   3.3618895e+00   3.3617810e+00
   1.7994885e+00   1.3988224e+00   2.5994844e+00
   2.0120900e+00   1.6107657e+00   1.5019011e-01
   1.5886762e+00   1.3616005e+00   3.6356240e+00
   1.4080614e+00   1.6414140e+00   3.7584284e+00
   4.9955176e-01   1.5006776e+00   5.5019611e+00
   7.2419798e-01   2.8995466e+00   3.6246981e+00
   1.1875212e+00   1.1821951e+00   4.6913998e+00
   2.5211321e-01   2.0265185e+00   5.3209092e+00
   2.0683739e+00   1.1918383e+00   8.1549344e-01
   3.0377256e-02   4.0009226e+00   1.3445538e-03
   1.3045654e+00   2.8276944e+00   2.1750014e+00
   1.8226231e+00   1.5893962e-01   3.4438832e+00
   1.7938089e+00   9.9548965e-01   3.0081667e+00
   1.3973358e+00   2.0957678e+00   3.2630882e+00
   8.8143122e-01   3.3050600e+00   2.4249654e+00
   1.1903971e+00   3.1757928e+00   1.5845953e+00
   2.1774456e+00   8.0135562e-01   2.0016559e-01
   2.0145479e+00   1.5373464e-01   2.3218327e+00
   1.5866402e+00   1.8135490e+00   3.1738230e+00
   9.3271714e-01   2.7995313e+00   3.2621996e+00
   1.4809464e+00   2.5432719e+00   2.3311667e+00
   1.7797362e+00   1.7789500e+00   2.1723399e+00
   1.9631651e+00   1.5032487e-01   2.6832299e+00
   9.6391854e-01   3.6730319e+00   1.4764957e-01
   6.4995031e-01   4.4976993e-01   5.6450319e+00
   1.1372113e+00   6.7832733e-01   5.0037422e+00
   1.9872289e-03   1.8358879e-03   6.0018359e+00
   1.1695653e+00   2.8131612e+00   2.8062466e+00
   1.4083934e+00   3.1272614e+00   1.1394656e-01
   1.3093811e-02   4.0130007e+00   1.3001171e-02
   2.0507786e+00   1.6916665e-01   2.2000427e+00
   8.9067761e-01   2.9860506e+00   2.9856822e+00
   9.6121452e-01   1.4347570e+00   4.8034257e+00
   1.2021949e+00   3.4358847e+00   3.3502887e-01
   8.7910950e-01   1.3911821e-01   5.5128800e+00
   1.7005363e+00   1.0624238e+00   3.4003880e+00
   1.7090201e+00   1.4940175e+00   2.9916818e+00
   1.0962902e+00   2.1845138e-01   5.2708102e+00
   9.7054217e-01   2.1835881e+00   4.1222831e+00
   2.2003726e+00   2.0037557e-01   2.0038352e-01
   7.3750242e-01   2.7070324e+00   3.9374133e+00
   1.5376254e+00   2.8831911e+00   1.5280867e-01
   7.9231716e-01   3.7663867e+00   7.9227939e-02
   2.1046782e+00   1.9068812e-01   1.9312832e+00
   1.4860794e+00   2.9732563e+00   4.9457142e-01
   1.1945963e+00   2.1529332e+00   3.8292725e+00
   2.3272861e-01   3.4978352e+00   3.0316648e+00
   2.1372586e-01   3.6463317e+00   2.5746568e+00
   9.7251162e-01   1.9457342e+00   4.3785925e+00
   2.5201520e-01   2.5251022e+00   4.7985757e+00
   1.6732787e+00   2.0916841e+00   2.3000662e+00
   2.4603394e-01   3.2076666e+00   3.7015915e+00
   7.5322912e-01   2.2599147e+00   4.5196984e+00
   2.4991024e-01   2.7504244e+00   4.4978381e+00
   2.1075758e+00   1.3384700e+00   1.9156382e-01
   6.1989063e-01   3.8852648e+00   7.7507565e-02
   1.9027783e+00   1.7208477e-01   3.0448505e+00
   2.1623403e+00   2.5408560e-01   1.3516114e+00
   7.5060547e-01   1.7521662e+00   5.0045863e+00
   3.6799093e-03   3.3928284e-04   6.0003309e+00
   1.3161817e+00   2.0094451e-01   4.8634906e+00
