   1.1801413e+00   3.3242098e+00
   1.8979271e+00   1.8529201e+00
   1.9458157e+00   1.6445109e+00
   1.4780952e+00   2.7938049e+00
   2.0010804e+00   1.5468365e+00
   6.0468063e-01   3.9764341e+00
   1.7242686e+00   2.2396909e+00
   2.0747348e+00   1.2395190e+00
   1.0092307e+00   3.5781233e+00
   2.1778047e+00   7.4122219e-01
   1.8162796e+00   2.1380476e+00
   1.1006088e+00   3.4473944e+00
   2.0987301e+00   1.0525257e+00
   2.0825103e+00   1.1817065e+00
   1.0427232e+00   3.5306126e+00
   2.0565755e+00   1.3597828e+00
   2.1480281e+00   8.4379632e-01
   1.8321852e+00   2.0995831e+00
   2.2706650e-01   4.1406969e+00
   1.1491942e+00   3.3740697e+00
   1.9551976e+00   1.5975903e+00
   1.9093388e+00   1.8053233e+00
   6.9068145e-01   3.9143932e+00
   1.9764318e+00   1.5780281e+00
   1.7902643e+00   2.1861777e+00
   8.6838407e-01   3.7513138e+00
   1.3338815e+00   3.0253742e+00
   8.8660183e-01   3.7312439e+00
   1.5007114e-01   4.1500034e+00
   1.8457842e+00   2.0522476e+00
   9.5768315e-01   3.6464151e+00
   2.1646181e+00   8.0058113e-01
   2.0660069e+00   1.2988466e+00
   3.6650158e-01   4.1038200e+00
   2.0222465e+00   1.5024128e+00
   2.0910875e+00   1.1160984e+00
   1.0260351e+00   3.5544814e+00
   1.9231571e+00   1.7474728e+00
   1.6788550e+00   2.3715945e+00
   5.2834174e-01   4.0265021e+00
   7.4768478e-01   3.8681965e+00
   1.1332026e+00   3.3994342e+00
   1.9333876e+00   1.7007103e+00
   1.4054571e+00   2.8536319e+00
   2.1065402e+00   9.8218198e-01
   1.2604581e+00   3.1777076e+00
   2.0468099e+00   1.4104384e+00
   8.4104491e-01   3.7801859e+00
   1.5975382e+00   2.5843895e+00
   6.3323384e-01   3.9553966e+00
   4.0436835e-01   4.0890600e+00
   2.1163901e+00   8.9197814e-01
   1.6294706e+00   2.5043185e+00
   2.2017703e+00   2.0270601e-01
   1.6636514e+00   2.4138069e+00
   1.1649039e+00   3.3501786e+00
   2.8225522e-01   4.1292725e+00
   1.3525490e+00   2.9824085e+00
   1.6136104e+00   2.5448195e+00
   1.5641844e+00   2.6631412e+00
   1.7648149e+00   2.2152253e+00
   1.6453061e+00   2.4629592e+00
   1.1169377e+00   3.4234274e+00
   5.6656028e-01   4.0025144e+00
   6.6204854e-01   3.9354656e+00
   1.3162999e+00   3.0632133e+00
   1.4238319e+00   2.8097216e+00
   1.3015329e+00   3.0954305e+00
   4.9010201e-01   4.0482406e+00
   1.3882981e+00   2.8966274e+00
   1.5126545e+00   2.7607840e+00
   1.2247750e+00   3.2451761e+00
   1.0757774e+00   3.4826362e+00
   2.1935238e+00   5.2781211e-01
   2.1878305e+00   6.4574112e-01
   1.3707295e+00   2.9398915e+00
   1.8603343e+00   1.9993606e+00
   1.0591825e+00   3.5062418e+00
   8.1332213e-01   3.8080066e+00
   1.8858989e+00   1.9013286e+00
   9.4009394e-01   3.6683454e+00
   9.8360442e-01   3.6127433e+00
   7.6672776e-01   3.8523007e+00
   1.2811834e+00   3.1367294e+00
   9.1352209e-01   3.7002645e+00
   1.5812071e+00   2.6238632e+00
   1.2392163e+00   3.2183042e+00
   1.2027030e+00   3.2851439e+00
   7.8534136e-01   3.8346148e+00
   2.0349030e+00   1.4617763e+00
   2.1969634e+00   4.3718342e-01
   1.6955620e+00   2.3239182e+00
   1.5336520e+00   2.7266535e+00
   1.8734523e+00   1.9499268e+00
   1.5523674e+00   2.6892111e+00
   3.1952232e-01   4.1191687e+00
   7.1938185e-01   3.8918223e+00
   1.7091436e+00   2.2841402e+00
   2.1318563e+00   8.7070152e-01
   4.5191278e-01   4.0677637e+00
