   1.0742272e+00   3.4775671e+00
   1.9452881e+00   1.6438129e+00
   2.1474025e+00   8.4338376e-01
   9.8997756e-01   3.5932960e+00
   1.1232211e+00   3.4057847e+00
   1.9330807e+00   1.7009754e+00
   2.1900713e+00   6.0274032e-01
   6.4201881e-01   3.9439111e+00
   2.1028407e+00   1.0171110e+00
   1.8734856e+00   1.9500826e+00
   7.8407258e-01   3.8282343e+00
   1.0490598e+00   3.5120782e+00
   9.0278932e-01   3.7033132e+00
   9.5559875e-01   3.6386200e+00
   9.7287523e-01   3.6162183e+00
   1.1547548e+00   3.3560001e+00
   1.6959964e+00   2.3229640e+00
   2.1945563e+00   5.0121031e-01
   2.0498230e+00   1.4010094e+00
   1.5587770e+00   2.6767934e+00
   2.0945032e+00   1.0885509e+00
   1.5756640e+00   2.6373379e+00
   1.0069231e+00   3.5700124e+00
   1.8861966e+00   1.9013365e+00
   2.1728228e+00   7.6341996e-01
   7.5600884e-01   3.8539659e+00
   2.1094832e+00   9.5627076e-01
   4.8922220e-01   4.0408488e+00
   2.1312330e+00   8.7048730e-01
   2.0772921e+00   1.2200044e+00
   1.8272588e+00   2.1099121e+00
   1.2785272e+00   3.1302286e+00
   2.1616454e+00   8.0759233e-01
   2.1979452e+00   4.0004679e-01
   1.6686775e+00   2.4000618e+00
   2.0597826e+00   1.3391775e+00
   1.8981395e+00   1.8531152e+00
   1.3181094e+00   3.0464377e+00
   1.3555159e+00   2.9616247e+00
   1.4102345e+00   2.8375936e+00
   1.7609786e+00   2.2232883e+00
   5.1782135e-01   4.0244901e+00
   2.0851147e+00   1.1626399e+00
   5.8443454e-01   3.9815171e+00
   1.2985926e+00   3.0886053e+00
   7.2773043e-01   3.8782562e+00
   1.7843411e+00   2.1985483e+00
   1.4633398e-01   4.1463310e+00
   1.9093829e+00   1.8055089e+00
   1.6395859e+00   2.4786442e+00
   1.8084587e+00   2.1572058e+00
   1.5921665e+00   2.5978751e+00
   8.1196589e-01   3.8015457e+00
   1.1071303e+00   3.4302282e+00
   4.0377203e-01   4.0826418e+00
   1.7089359e+00   2.2850428e+00
   1.0237219e+00   3.5463184e+00
   2.1818126e+00   7.0418814e-01
   5.5589967e-01   4.0007026e+00
   1.8601048e+00   2.0016481e+00
   8.8487048e-01   3.7239855e+00
   1.1929589e+00   3.2918311e+00
   1.3371164e+00   3.0040888e+00
   1.3734616e+00   2.9186500e+00
   1.9550137e+00   1.5990277e+00
   1.1390908e+00   3.3810859e+00
   8.6685694e-01   3.7441141e+00
   1.6084741e+00   2.5579870e+00
   2.0381693e+00   1.4518898e+00
   3.5657031e-01   4.1011462e+00
   1.0907569e+00   3.4540808e+00
   1.8458055e+00   2.0527389e+00
   9.2939302e-01   3.6715443e+00
   1.9773415e+00   1.5789437e+00
   1.2368162e+00   3.2121794e+00
   2.2011931e+00   2.0136357e-01
   1.3909663e+00   2.8759213e+00
   4.5119819e-01   4.0607947e+00
   1.4877611e+00   2.7873335e+00
   1.2579427e+00   3.1714477e+00
   1.5402280e+00   2.7145733e+00
   2.3592999e-01   4.1343716e+00
   6.1321006e-01   3.9631863e+00
   2.0019967e+00   1.5472802e+00
   1.7222634e+00   2.2456093e+00
   8.3949691e-01   3.7733740e+00
   2.1160238e+00   8.8958818e-01
   1.6241927e+00   2.5182880e+00
   1.9230470e+00   1.7469313e+00
   6.7070020e-01   3.9232341e+00
   1.2151087e+00   3.2523525e+00
   1.4242908e+00   2.8100547e+00
   1.6542927e+00   2.4392155e+00
   3.0975998e-01   4.1164289e+00
   1.1701790e+00   3.3307408e+00
   1.5200863e+00   2.7499312e+00
   6.9927695e-01   3.9013851e+00
   1.6823366e+00   2.3618811e+00
   2.0231565e+00   1.5019142e+00
   2.0689242e+00   1.2788728e+00
