   9.3497267e-01   2.8899602e+00   3.1322502e+00
   1.6200147e+00   2.4351875e+00   1.8186810e+00
   4.3242014e-01   1.8073186e-01   5.8549971e+00
   2.0107271e+00   1.6224784e+00   1.5099518e-01
   1.3224371e+00   1.6805177e-01   4.8490651e+00
   1.1675662e+00   2.5754843e+00   3.2783779e+00
   1.3674949e+00   2.0542417e+00   3.4230612e+00
   3.0617812e-01   3.9127049e+00   8.4985673e-01
   1.7998375e+00   1.3991289e+00   2.5996824e+00
   1.2726992e+00   3.3407833e+00   1.3801613e-01
   7.5677707e-01   2.0180217e+00   4.7928364e+00
   2.4538178e-01   3.2185269e+00   3.7149143e+00
   1.3139387e+00   2.6312494e+00   2.6316483e+00
   1.5895993e+00   1.3613177e+00   3.6326778e+00
   2.1520974e+00   1.0748345e+00   2.0408607e-01
   1.7087897e+00   1.4938108e+00   2.9903977e+00
   1.7886633e+00   1.9872822e+00   1.6258971e+00
   1.1101265e+00   4.3161672e-01   5.1091991e+00
   2.1775417e+00   8.0093985e-01   2.0027920e-01
   1.4388387e+00   3.0704181e+00   3.1008551e-01
   1.1914894e+00   3.1735846e+00   1.5795959e+00
   1.1585058e+00   9.2684124e-01   4.8693124e+00
   2.0400382e+00   7.8400278e-01   1.8682763e+00
   1.6667163e+00   6.2116632e-01   3.7506824e+00
   1.1244640e+00   3.5356596e+00   1.2727478e-01
   1.9567256e+00   1.2446192e+00   2.1328429e+00
   9.7592999e-01   1.4624621e+00   4.7566347e+00
   1.1239786e+00   2.9252179e+00   2.7001551e+00
   1.3045572e+00   2.8275163e+00   2.1731539e+00
   8.8132723e-01   1.6033486e-01   5.5057457e+00
   1.5817463e+00   1.9210003e-01   4.1281329e+00
   6.9236595e-01   3.2308742e+00   3.0004868e+00
   1.4874985e+00   2.9750271e+00   4.3246745e-01
   1.3866280e+00   3.1720418e+00   1.0372241e-01
   2.5709959e-01   2.8398051e+00   4.3883167e+00
   1.9887187e+00   1.4456859e+00   1.4915714e+00
   1.7190904e+00   2.3654583e+00   1.0305703e+00
   2.0606291e+00   1.2551679e+00   8.3629833e-01
   8.7455761e-01   3.3050698e+00   2.4244072e+00
   3.1089776e-02   4.2523977e-04   5.9995235e+00
   1.4078474e+00   1.6423052e+00   3.7574553e+00
   1.0491090e-02   1.0482707e-02   6.0104827e+00
   2.4798010e-01   1.4887038e+00   5.7232819e+00
   2.2893186e-01   3.4400107e+00   3.2101700e+00
   6.5771001e-01   3.5084456e+00   2.1933732e+00
   1.5339101e+00   2.4102905e+00   2.4093368e+00
   2.5544185e-02   3.9999075e+00   2.2795368e-04
   2.5315214e-01   2.5331823e+00   4.8132317e+00
   2.5374705e-01   2.0311684e+00   5.3321318e+00
   1.8256920e+00   1.8256203e+00   1.8256705e+00
   1.2277951e+00   1.9628644e+00   3.9612566e+00
   2.1470425e-01   3.6551673e+00   2.5808678e+00
   7.4499927e-01   1.4863827e+00   5.2152486e+00
   1.4802271e+00   1.9440199e-01   4.4422261e+00
   9.7697628e-01   1.9544089e+00   4.3967813e+00
   1.6070670e+00   2.7193256e+00   4.6748272e-01
   1.7000777e+00   1.0612724e+00   3.4012439e+00
   6.1796086e-01   3.8856245e+00   1.0817438e-01
   2.0169827e+00   1.5239762e-01   2.3174700e+00
   1.0680446e+00   3.2003633e+00   2.1364696e+00
   1.9932184e-01   3.8024932e+00   2.0008568e+00
   1.7573210e+00   1.6555026e-01   3.7138556e+00
   2.0658259e+00   8.8520720e-01   1.4752298e+00
   1.6913392e+00   1.9028210e+00   2.5350697e+00
   2.1465392e+00   2.6644847e-01   1.5741469e+00
   6.4933970e-01   4.5056435e-01   5.6363517e+00
   1.5855707e+00   1.8125524e+00   3.1796044e+00
   9.8518972e-01   2.4626625e+00   3.6939052e+00
   8.6727247e-01   9.4698062e-01   5.2183130e+00
   2.0511549e+00   1.5240815e+00   1.6936794e-01
   1.1197683e+00   3.3595465e+00   1.0839114e+00
   7.5016998e-01   2.5006292e+00   4.2540218e+00
   1.8681466e+00   2.1981664e+00   1.5022751e-01
   1.0484105e-02   4.0104704e+00   1.0485159e-02
   1.0033917e+00   3.4108417e+00   1.6043507e+00
   5.0183284e-01   1.5054898e+00   5.5218945e+00
   1.3818446e+00   2.3005794e+00   2.9918472e+00
   1.3460705e+00   8.9943235e-01   4.4986050e+00
   4.9345503e-01   2.9607892e+00   3.9477986e+00
   5.9897365e-01   3.6215156e+00   1.8108732e+00
   7.4075986e-01   2.7163348e+00   3.9512200e+00
   4.5673266e-01   3.4272201e+00   2.9707549e+00
   3.8429766e-01   3.8569631e+00   1.0980192e+00
   9.7457475e-01   2.1922050e+00   4.1421717e+00
   1.7320330e+00   2.5886407e+00   1.4971503e-01
   1.1904162e+00   1.4293619e+00   4.5268164e+00
   1.7980613e+00   9.9846305e-01   2.9990957e+00
   1.9386902e+00   1.9385776e+00   2.6887386e-01
   2.0794509e+00   1.8194353e-01   2.0780054e+00
   7.2729405e-01   2.9100830e+00   3.6378171e+00
   1.5367063e+00   2.8869689e+00   1.4055920e-01
   1.3776882e+00   1.1478902e+00   4.2264274e+00
   1.8226010e+00   1.5138864e-01   3.4435321e+00
   2.5435951e-01   2.2891093e+00   5.0874706e+00
   2.2007901e+00   2.0079726e-01   2.0079478e-01
   9.2133050e-01   3.6468270e+00   3.1156444e-01
   1.9640247e+00   1.6297929e-01   2.6774663e+00
   1.9022885e+00   1.5318705e-01   3.0459679e+00
   7.9243256e-01   3.7648006e+00   5.0346007e-02
   7.5566761e-01   2.2679868e+00   4.5351344e+00
