   2.0477306e+00   1.5335757e+00   1.6797650e-01
   8.8107013e-01   3.6889316e+00   1.6016182e-01
   8.4586882e-01   3.1635497e+00   2.7122828e+00
   6.2119789e-01   3.8836933e+00   8.8591496e-02
   1.7026366e+00   1.7023147e+00   2.7667997e+00
   1.1918518e+00   1.4299164e+00   4.5240341e+00
   9.3247839e-01   1.1913445e+00   5.0039464e+00
   1.1689914e+00   2.5750873e+00   3.2786741e+00
   2.2230966e-01   3.5575739e+00   2.8891065e+00
   7.8506423e-01   3.7703046e+00   1.3074591e-01
   1.3205626e+00   2.1924536e-01   4.8504496e+00
   2.0782304e+00   8.8580395e-01   1.3255271e+00
   4.3167258e-01   1.8338079e-01   5.8528995e+00
   2.0693293e-01   3.7375358e+00   2.2842108e+00
   1.7696937e+00   1.5724328e+00   2.5563046e+00
   1.4800963e+00   2.0129320e-01   4.4402895e+00
   1.6050251e+00   2.7265167e+00   4.7291208e-01
   1.9393272e+00   1.9392298e+00   2.4234848e-01
   1.6202802e+00   2.4319208e+00   1.8228191e+00
   1.3818195e+00   2.3019097e+00   2.9951167e+00
   9.6953595e-01   3.4941048e+00   1.3581144e+00
   2.5564355e-01   2.8355884e+00   4.3837530e+00
   2.1750788e+00   2.4022420e-01   1.1510104e+00
   9.3077878e-01   2.7956857e+00   3.2617512e+00
   3.0994372e-01   3.9136702e+00   8.4751826e-01
   3.8133441e-01   3.8174987e+00   1.5269140e+00
   7.5659796e-01   2.0170994e+00   4.7932932e+00
   1.8428745e-01   3.8942790e+00   1.4830493e+00
   2.0661642e+00   5.8445018e-01   1.7494210e+00
   2.4021694e-01   3.3691093e+00   3.3696407e+00
   2.6209221e-02   4.0000304e+00   4.0151729e-04
   2.1992675e+00   2.0035940e-01   3.9756518e-01
   1.0029838e+00   2.0064119e+00   4.2672576e+00
   6.0016717e-01   3.6211415e+00   1.8099272e+00
   1.7074245e+00   1.2800652e+00   3.2010801e+00
   1.4032592e+00   1.4010675e+00   3.9802380e+00
   1.7248989e+00   2.6118264e+00   1.5243683e-01
   1.0680385e+00   3.2042067e+00   2.1351763e+00
   2.4865247e-01   1.4904402e+00   5.7211727e+00
   2.4681781e-01   3.2159818e+00   3.7114398e+00
   1.2890099e+00   3.3163521e+00   1.5414896e-01
   1.9412095e+00   1.5801893e-01   2.8227297e+00
   2.5350259e-01   2.0317460e+00   5.3326656e+00
   1.5781844e+00   1.8551704e-01   4.1447156e+00
   2.0556156e+00   1.3213935e+00   6.5357897e-01
   1.7036796e+00   5.8344655e-01   3.6176524e+00
   1.1283023e-02   4.0112730e+00   1.1307322e-02
   1.7092398e+00   2.2790829e+00   1.5188709e+00
   2.0092125e+00   1.6278142e+00   1.5059616e-01
   7.0964748e-01   3.0796373e+00   3.3152598e+00
   1.9060618e+00   2.0647828e+00   2.9212226e-01
   2.5293801e-01   2.5303705e+00   4.8092968e+00
   1.5337439e+00   2.4108083e+00   2.4101068e+00
   6.7056243e-01   3.3536107e+00   2.6913347e+00
   2.0501383e+00   1.6913263e-01   2.2074291e+00
   7.2647978e-01   2.9072623e+00   3.6349079e+00
   6.9590357e-01   5.3855502e-01   5.5678711e+00
   1.7789022e+00   1.7783788e+00   2.1730884e+00
   8.9265351e-01   2.9835855e+00   2.9835799e+00
   1.7581947e+00   1.8756325e-01   3.7133809e+00
   1.1244322e+00   3.5355479e+00   1.2342718e-01
   1.8537554e+00   1.6822181e-01   3.2959631e+00
   1.4052148e+00   1.8736251e+00   3.5135545e+00
   2.9270614e-02   5.4826172e-04   5.9998701e+00
   4.9290829e-01   2.9619744e+00   3.9478795e+00
   1.7218138e+00   2.1048688e+00   1.9133070e+00
   7.4004612e-01   2.7145148e+00   3.9483791e+00
   1.5789353e+00   1.1269116e+00   3.8349462e+00
   9.0355230e-01   2.0974682e-01   5.4733141e+00
   1.8279609e+00   2.3268127e+00   2.9943402e-01
   9.7279053e-01   1.7029682e+00   4.6202534e+00
   7.4488676e-01   1.4878031e+00   5.2167174e+00
   9.8572940e-01   2.4640608e+00   3.6958177e+00
   2.2013890e+00   2.0143667e-01   2.0145515e-01
   1.1247031e+00   2.9250924e+00   2.6997047e+00
   1.9203938e+00   1.1508339e+00   2.4968446e+00
   2.5366148e-01   2.2896524e+00   5.0818272e+00
   1.1885152e+00   2.1596888e+00   3.8413870e+00
   2.1530094e+00   1.0743066e+00   2.0487384e-01
   1.4860143e+00   2.9722516e+00   4.9330084e-01
   1.1598440e+00   9.1880571e-01   4.8754719e+00
   1.8020170e+00   1.1924696e+00   2.8047279e+00
   8.5561102e-01   3.4280853e+00   2.1421902e+00
   1.9654505e+00   1.4287283e+00   1.7863843e+00
   5.0189369e-01   1.4948983e+00   5.5211400e+00
   1.9248662e+00   1.7313479e+00   1.5745777e+00
   1.1269396e-02   1.1252052e-02   6.0112520e+00
   7.5459279e-01   2.2673294e+00   4.5354543e+00
   7.4911650e-01   2.5006258e+00   4.2513705e+00
   1.3045619e+00   2.8281643e+00   2.1728863e+00
   2.1064693e+00   1.9196235e-01   1.9274034e+00
   1.5744121e+00   2.0244049e+00   2.9252009e+00
   2.0150851e+00   1.5111064e-01   2.3259999e+00
   1.1990163e+00   3.2009731e+00   1.3987849e+00
   1.4358207e+00   3.0770684e+00   1.5169823e-01
   1.5919135e+00   1.5917748e+00   3.4113640e+00
   1.1099514e+00   4.3315259e-01   5.1059708e+00
   1.3493626e+00   8.9895251e-01   4.4969429e+00
   1.5360608e+00   2.8857861e+00   1.4274555e-01
   1.3150188e+00   2.6300614e+00   2.6280912e+00
