   1.8603245e+00   1.0851893e+00   1.5496052e+00
   9.0677940e-03   8.9310844e-03   6.0089234e+00
   1.2564565e+00   2.7223268e+00   2.3034909e+00
   9.3331360e-01   9.3331449e-01   5.1332074e+00
   1.0727695e+00   3.0007558e+00   2.3601367e+00
   1.9301818e+00   1.0910136e+00   5.9959581e-03
   8.6638203e-01   3.2489521e+00   2.3816165e+00
   1.8309654e+00   1.5257981e-01   2.4413052e+00
   7.2901753e-01   2.6837960e+00   3.9036994e+00
   5.5057430e-03   2.7205223e-02   6.0047440e+00
   7.4452549e-01   2.2351658e+00   4.4703665e+00
   1.6995828e+00   1.8695412e+00   1.5296173e+00
   1.1735329e+00   1.8763531e+00   3.9904398e+00
   1.1228182e+00   2.6946150e+00   2.9189087e+00
   1.4900025e+00   2.6821428e+00   1.4644457e-01
   1.0099666e+00   3.4338992e+00   6.8130859e-01
   6.3282200e-01   3.7971243e+00   3.1222175e-01
   1.1643859e+00   1.3972628e+00   4.4246620e+00
   1.7742198e-01   3.9049320e+00   1.2421589e+00
   4.5033841e-01   3.9033002e+00   1.4467664e-01
   1.3200082e+00   3.0170723e+00   1.3466478e-01
   2.3725022e-01   1.1864395e+00   5.6949400e+00
   9.7257551e-01   1.9451745e+00   4.3751519e+00
   1.9526087e+00   9.1117224e-01   8.2572755e-02
   1.9621285e-01   3.7632379e+00   1.9802418e+00
   7.3988628e-01   2.4654114e+00   4.1932328e+00
   1.1348331e+00   9.0786345e-01   4.7662972e+00
   1.7874661e-02   4.9428373e-01   5.9596989e+00
   1.6343974e+00   1.8139545e-01   3.4730994e+00
   8.1227074e-01   3.4558877e+00   1.8281315e+00
   1.6980045e+00   1.5093329e+00   2.2639868e+00
   6.4634549e-01   3.4493611e+00   2.3708110e+00
   1.5560055e+00   2.5284525e+00   1.3163280e-01
   1.3772091e+00   2.9074606e+00   3.0602359e-01
   9.6306068e-01   2.4098377e+00   3.8541074e+00
   1.8466110e+00   1.5623324e+00   1.1666587e-01
   9.5054162e-01   2.6155482e+00   3.5650655e+00
   4.4754520e-01   4.4736256e-01   5.8181331e+00
   1.5115418e+00   1.5115431e+00   3.2389769e+00
   1.9803696e+00   6.2560188e-01   8.9925230e-02
   2.4638771e-01   2.9712145e+00   3.9678063e+00
   7.7685758e-01   3.6934223e+00   1.5522040e-01
   1.8066643e+00   8.2206367e-01   2.3017954e+00
   1.3700213e+00   1.3700215e+00   3.8818457e+00
   1.4156868e+00   2.0206101e-01   4.2470393e+00
   1.7809916e+00   1.6190136e-01   2.7525703e+00
   2.4368856e-01   2.6883456e+00   4.3977243e+00
   1.4963591e+00   1.9240533e+00   2.7787711e+00
   6.5429518e-01   2.1747440e-01   5.6706492e+00
   1.8861472e+00   1.3535183e-01   2.0311035e+00
   2.4189050e-01   2.2253993e+00   4.9458724e+00
   9.1384799e-01   2.9693528e+00   2.9700269e+00
   1.9718219e+00   1.0785524e-01   1.0785903e+00
   1.7072152e+00   1.1381413e+00   2.6555347e+00
   1.8051565e+00   1.4441226e+00   1.4767923e+00
   2.4659130e-01   1.9731345e+00   5.1774605e+00
   7.1881095e-01   2.8753244e+00   3.5936774e+00
   2.4642945e-01   2.4646820e+00   4.6823786e+00
   1.2674841e+00   2.1117238e-01   4.6474712e+00
   1.7318405e+00   2.0205617e+00   1.3029951e-01
   1.5851972e+00   1.9814956e+00   2.1796427e+00
   1.4580746e+00   2.2916020e+00   2.2912383e+00
   1.1956422e+00   2.9891043e+00   1.7933265e+00
   1.6525377e-02   5.9856061e-03   6.0052958e+00
   1.1116151e+00   3.3351781e+00   1.4198307e-01
   1.5902820e+00   2.3854137e+00   7.9491433e-01
   1.9288270e+00   1.2852246e-01   1.6321016e+00
   1.4020101e+00   2.6038116e+00   1.8024847e+00
   1.2145711e+00   3.1886647e+00   1.4801930e-01
   1.0606395e+00   2.1185136e-01   5.0910575e+00
   1.3414232e+00   1.7885661e+00   3.5771323e+00
   1.4876158e+00   8.5006099e-01   3.8262194e+00
   1.1961108e+00   2.1529985e+00   3.5885849e+00
   1.8947581e+00   1.3116507e+00   1.1065582e-01
   2.1897082e-01   3.5022981e+00   2.8471691e+00
   1.5564143e+00   1.9434039e-01   3.7798757e+00
   1.0124529e+00   3.2411816e+00   1.8228326e+00
   1.3621091e+00   2.0431684e+00   3.1783046e+00
   1.0959476e-01   3.9988989e+00   1.0400120e-01
   1.3091682e+00   8.7239818e-01   4.3630006e+00
   1.7177108e+00   1.7165530e-01   3.0919231e+00
   6.8680663e-01   3.2000833e+00   2.9779851e+00
   9.3305075e-01   3.5468713e+00   1.3589952e-01
   1.6206056e+00   1.2154537e+00   3.0386712e+00
   1.6143067e+00   1.6143060e+00   2.6232434e+00
   4.2327025e-01   3.5985028e+00   2.3274579e+00
   1.6680843e+00   2.2243374e+00   1.3741306e-01
   2.5461028e-01   1.7871404e-02   5.9577609e+00
   1.7936236e+00   1.7934797e+00   7.1218839e-02
   9.6214236e-01   1.4432093e+00   4.8107132e+00
   2.0039695e+00   1.0949250e-01   7.4253370e-02
   5.8281056e-01   3.6921026e+00   1.5546179e+00
   8.6577063e-01   2.1637144e-01   5.4110731e+00
   1.1422444e+00   2.5133173e+00   3.1987734e+00
   7.2302438e-01   1.2057617e+00   5.3069089e+00
   2.3640170e-01   3.3100590e+00   3.3118381e+00
   7.4222073e-01   1.7324943e+00   4.9438072e+00
   1.3266851e+00   2.4323312e+00   2.6533285e+00
   2.4428335e-01   1.7136492e+00   5.3855154e+00
   2.4088078e-01   3.1538259e+00   3.6384965e+00
