   7.1632591e-01   2.8764690e+00   3.5953100e+00
   9.3397869e-01   3.5527288e+00   4.1757872e-02
   7.0982013e-01   9.4629831e-01   5.4416256e+00
   1.0607466e+00   2.0916520e-01   5.0914985e+00
   2.4477385e-01   2.9729678e+00   3.9631282e+00
   4.4655405e-01   4.4424503e-01   5.8242545e+00
   1.3040081e+00   2.3915950e+00   2.8265577e+00
   2.4559666e-01   1.9724699e+00   5.1782394e+00
   4.2154756e-01   3.5984569e+00   2.3285586e+00
   8.6667873e-01   3.2500657e+00   2.3836404e+00
   2.4349095e-01   1.7132738e+00   5.3845063e+00
   1.2671190e+00   2.0813014e-01   4.6466608e+00
   7.2899437e-01   2.6843170e+00   3.9060477e+00
   1.1464914e-02   8.4707153e-03   6.0082124e+00
   1.1134847e+00   6.6522097e-01   4.8997043e+00
   2.4261522e-01   2.6888839e+00   4.3954876e+00
   1.8065600e+00   8.2321479e-01   2.3062315e+00
   1.5634441e+00   2.1494656e+00   1.9538867e+00
   1.4974610e+00   1.9251129e+00   2.7812201e+00
   6.6663928e-01   3.3365308e+00   2.6680248e+00
   1.2867613e+00   3.0575943e+00   4.8099574e-01
   1.6035109e+00   1.8045255e+00   2.4059067e+00
   1.6396621e+00   2.3207706e+00   1.2551093e-01
   8.6231740e-03   5.0279311e-02   6.0067767e+00
   9.6277382e-01   2.4063276e+00   3.8512374e+00
   7.4502992e-01   1.9885201e+00   4.7228370e+00
   1.6187270e+00   1.2138496e+00   3.0371944e+00
   1.3685446e+00   1.3674990e+00   3.8856260e+00
   1.5113045e+00   1.5099483e+00   3.2394467e+00
   1.7164023e+00   2.0901562e+00   1.2321197e-02
   1.1463392e-01   4.0030892e+00   9.4270949e-02
   2.0051589e+00   1.1083917e-01   4.6785208e-02
   1.3705566e+00   2.9290910e+00   1.4498216e-01
   1.1632485e+00   2.5685984e+00   3.0252825e+00
   7.3918461e-01   2.4647444e+00   4.1898603e+00
   1.8891175e+00   1.3482519e+00   5.5776674e-02
   1.8243046e+00   1.6758171e+00   6.6845878e-02
   9.6222088e-01   1.4442682e+00   4.8136844e+00
   2.3390990e-01   1.7752267e-02   5.9662647e+00
   1.7070595e+00   1.1359003e+00   2.6554345e+00
   1.4134946e+00   2.8269551e+00   4.5971339e-01
   1.8844015e+00   1.3073808e-01   2.0290087e+00
   8.6599094e-01   2.0797260e-01   5.4115763e+00
   6.3498551e-01   3.8039399e+00   1.3230534e-01
   9.7207910e-01   1.9443273e+00   4.3747326e+00
   6.5409684e-01   2.1107790e-01   5.6696652e+00
   1.2015948e+00   1.6822559e+00   4.0976113e+00
   1.9063981e+00   9.5173100e-01   1.1728100e+00
   1.1127739e+00   3.3404632e+00   3.5613721e-02
   2.4513982e-01   2.2247794e+00   4.9442244e+00
   2.3475530e-01   1.1866831e+00   5.6975094e+00
   9.4980652e-01   2.6122093e+00   3.5624061e+00
   1.2071250e+00   3.2056634e+00   1.3172670e-01
   1.3628419e+00   2.0439978e+00   3.1817234e+00
   9.3294296e-01   9.3266124e-01   5.1312813e+00
   1.5598259e+00   2.5166990e+00   9.5323798e-02
   1.4379220e+00   2.2605973e+00   2.4617019e+00
   4.8549343e-01   3.1557718e+00   3.4009762e+00
   1.4860523e+00   8.4841939e-01   3.8234846e+00
   7.3434211e-01   1.4691035e+00   5.1421547e+00
   1.2023793e+00   2.9743916e+00   1.8018128e+00
   1.6982800e+00   1.5098268e+00   2.2626940e+00
   5.6153765e-01   3.7437366e+00   1.3102962e+00
   8.1350555e-01   3.4577112e+00   1.8261940e+00
   1.9732976e+00   1.0725185e-01   1.0419495e+00
   1.7790616e+00   1.6081141e-01   2.7514296e+00
   2.1523720e-01   3.5020005e+00   2.8466115e+00
   1.5549594e+00   1.9435457e-01   3.7767602e+00
   7.9813389e-01   3.6701239e+00   3.1466112e-01
   1.8115632e+00   1.3186781e+00   1.6455875e+00
   1.0124526e+00   3.2417171e+00   1.8198397e+00
   1.0096763e+00   3.4325691e+00   6.8596441e-01
   1.6974588e+00   1.8769939e+00   1.5367674e+00
   9.1396692e-01   2.9674643e+00   2.9689253e+00
   1.4875985e+00   2.6867279e+00   6.8543868e-02
   1.9703612e+00   7.3335158e-01   6.2607077e-02
   7.4394166e-01   2.2326069e+00   4.4670806e+00
   2.3631822e-01   3.3105576e+00   3.3093711e+00
   1.9409232e+00   1.0307284e+00   6.1449391e-02
   1.0757056e+00   2.9884493e+00   2.3677966e+00
   1.9666516e-01   3.7605148e+00   1.9782015e+00
   1.8291550e+00   1.5194866e-01   2.4394004e+00
   1.9370032e+00   1.1961864e-01   1.5217647e+00
   1.7599663e-01   3.9017832e+00   1.2396921e+00
   1.1567479e+00   2.3133515e+00   3.4686404e+00
   1.4140127e+00   1.8923853e-01   4.2459808e+00
   1.1676963e+00   2.1021949e+00   3.7385213e+00
   1.6329174e+00   1.8017656e-01   3.4698762e+00
   1.4296549e+00   2.4559304e+00   2.0414099e+00
   1.7911885e+00   1.7908137e+00   2.5374294e-01
   1.1520011e+00   1.1516976e+00   4.6049515e+00
   6.2601432e-01   3.5546974e+00   2.0865839e+00
   1.3084955e+00   8.7235247e-01   4.3624495e+00
   1.6887262e-02   3.4715526e-01   5.9847017e+00
   1.3003462e+00   2.6009051e+00   2.3834936e+00
   2.4462115e-01   2.4659061e+00   4.6810554e+00
   1.3419193e+00   1.7893306e+00   3.5769272e+00
   1.7161635e+00   1.7134216e-01   3.0886850e+00
   4.4943167e-01   3.9076818e+00   8.5564070e-02
   2.0005762e+00   1.0868053e-01   3.2478846e-01
