   1.7070374e+00   2.1033141e+00
   9.4076783e-01   3.5390798e+00
   1.0869936e+00   3.3678983e+00
   6.9473380e-01   3.7586955e+00
   1.6712148e+00   2.2153377e+00
   9.9337810e-01   3.4812963e+00
   1.7498781e+00   1.9574911e+00
   1.1200078e+00   3.3244674e+00
   1.9036387e+00   1.2585519e+00
   1.0534114e+00   3.4101963e+00
   1.8778555e+00   1.4051117e+00
   2.7136348e-01   3.9687003e+00
   5.9229358e-01   3.8278084e+00
   1.4323355e+00   2.8053423e+00
   1.5210300e+00   2.6122028e+00
   1.6835219e+00   2.1777688e+00
   1.9914033e+00   4.6105351e-01
   7.9486815e-02   4.0016606e+00
   1.8178832e+00   1.6915446e+00
   2.1839061e-01   3.9815293e+00
   1.9807579e+00   6.1866148e-01
   1.1362917e+00   3.3023477e+00
   1.0192943e+00   3.4512951e+00
   8.0552604e-01   3.6696177e+00
   1.1524226e+00   3.2799716e+00
   1.8376813e+00   1.6036685e+00
   7.2257209e-01   3.7377509e+00
   1.7396733e+00   1.9935326e+00
   1.4133024e+00   2.8436341e+00
   1.8280115e+00   1.6472956e+00
   4.0698349e-01   3.9226312e+00
   1.6274544e+00   2.3419421e+00
   8.8723682e-01   3.5937544e+00
   1.6454715e+00   2.2910711e+00
   1.9210474e+00   1.1477177e+00
   1.7597584e+00   1.9217445e+00
   1.8072794e+00   1.7364060e+00
   1.2901549e+00   3.0684771e+00
   1.3117282e+00   3.0317438e+00
   1.6585335e+00   2.2531105e+00
   1.5691230e+00   2.4959619e+00
   7.7798715e-01   3.6932032e+00
   1.9864137e+00   5.4082997e-01
   1.5041507e+00   2.6509619e+00
   1.1998555e+00   3.2113835e+00
   1.8469089e+00   1.5606722e+00
   1.1035739e+00   3.3463205e+00
   9.1410844e-01   3.5668153e+00
   1.6134797e+00   2.3802728e+00
   6.2957958e-01   3.8040773e+00
   1.8681531e+00   1.4559628e+00
   1.4691054e+00   2.7283386e+00
   1.0364174e+00   3.4308989e+00
   1.2230166e+00   3.1763239e+00
   1.9751639e+00   6.8678113e-01
   1.7182603e+00   2.0664545e+00
   1.8869855e+00   1.3552590e+00
   1.9956361e+00   3.8012077e-01
   1.5843178e+00   2.4573074e+00
   1.9992485e+00   2.9346542e-01
   7.5032871e-01   3.7159180e+00
   1.9619532e+00   8.2491208e-01
   1.6954604e+00   2.1404230e+00
   1.1763218e+00   3.2459409e+00
   1.0702714e+00   3.3891929e+00
   5.5502519e-01   3.8499371e+00
   1.7724398e+00   1.8745557e+00
   1.4509367e+00   2.7669004e+00
   1.9552266e+00   8.8667261e-01
   1.7291367e+00   2.0298562e+00
   9.6719920e-01   3.5105624e+00
   1.9686652e+00   7.5801893e-01
   1.9477143e+00   9.5067006e-01
   1.2681738e+00   3.1048397e+00
   1.5374828e+00   2.5734337e+00
   1.4868433e+00   2.6896822e+00
   1.9300318e+00   1.0856430e+00
   1.7961821e+00   1.7818729e+00
   1.2457913e+00   3.1408002e+00
   1.9126743e+00   1.2024323e+00
   3.1610652e-01   3.9556196e+00
   1.5991017e+00   2.4187374e+00
   4.8071206e-01   3.8894194e+00
   3.6133568e-01   3.9402852e+00
   2.0022510e+00   1.9306188e-01
   1.3328882e+00   2.9946713e+00
   1.8955708e+00   1.3064072e+00
   1.8578470e+00   1.5078209e+00
   4.4375563e-01   3.9067987e+00
   1.9393424e+00   1.0169731e+00
   1.7845751e+00   1.8279263e+00
   1.3739475e+00   2.9196389e+00
   1.5535131e+00   2.5346774e+00
   1.3536295e+00   2.9572921e+00
   5.1781800e-01   3.8704698e+00
   8.3292676e-01   3.6451715e+00
   6.6683718e-01   3.7787439e+00
   1.5771537e-01   3.9927164e+00
   1.3938395e+00   2.8817419e+00
   8.6016952e-01   3.6198792e+00
