   9.7614666e-01   3.5015858e+00
   1.6632006e+00   2.2410278e+00
   1.0704931e+00   3.3898946e+00
   7.0414745e-01   3.7524823e+00
   1.7634049e+00   1.9103550e+00
   1.7850049e+00   1.8283643e+00
   1.8381228e+00   1.6040547e+00
   1.6502619e+00   2.2789375e+00
   1.9187827e+00   1.1660762e+00
   2.0027262e+00   1.9403384e-01
   1.2460624e+00   3.1414848e+00
   8.4218380e-01   3.6375175e+00
   1.3742586e+00   2.9202989e+00
   1.4512704e+00   2.7675400e+00
   1.2904397e+00   3.0691542e+00
   1.7223370e+00   2.0547179e+00
   1.5378430e+00   2.5740369e+00
   1.9101925e+00   1.2212682e+00
   7.3196539e-01   3.7312368e+00
   1.3331860e+00   2.9953395e+00
   1.7728660e+00   1.8750058e+00
   1.5846926e+00   2.4578840e+00
   7.3914285e-02   4.0025244e+00
   6.4832458e-01   3.7922603e+00
   3.8873553e-01   3.9305527e+00
   1.1765666e+00   3.2466414e+00
   7.8732617e-01   3.6861120e+00
   1.8473522e+00   1.5610460e+00
   1.6879445e+00   2.1658153e+00
   8.1482449e-01   3.6622453e+00
   5.5511500e-01   3.8505637e+00
   1.9907983e+00   4.7917401e-01
   6.2036100e-01   3.8108045e+00
   1.0536262e+00   3.4108930e+00
   2.8923673e-01   3.9642780e+00
   1.9855529e+00   5.6002348e-01
   8.6937720e-01   3.6119493e+00
   1.8909346e+00   1.3359164e+00
   5.9239219e-01   3.8284440e+00
   1.2001139e+00   3.2120723e+00
   1.0022482e+00   3.4720716e+00
   1.7536285e+00   1.9460095e+00
   1.2684517e+00   3.1055209e+00
   1.5045004e+00   2.6515775e+00
   1.6369356e+00   2.3170308e+00
   1.9993061e+00   3.0403331e-01
   1.5538772e+00   2.5352728e+00
   1.8725528e+00   1.4358448e+00
   5.1790107e-01   3.8710863e+00
   4.8078857e-01   3.8900245e+00
   1.6278390e+00   2.3425027e+00
   1.0872185e+00   3.3685947e+00
   1.7435301e+00   1.9819616e+00
   1.9520297e+00   9.1860217e-01
   1.4136251e+00   2.8442802e+00
   1.1202444e+00   3.3251598e+00
   4.3460819e-01   3.9114937e+00
   1.7331021e+00   2.0182010e+00
   1.8820247e+00   1.3853787e+00
   1.9669793e+00   7.8019846e-01
   1.6757594e+00   2.2033145e+00
   1.2232796e+00   3.1770136e+00
   8.9638782e-01   3.5855545e+00
   1.3941544e+00   2.8823978e+00
   1.5994798e+00   2.4193089e+00
   1.3120186e+00   3.0324182e+00
   1.9952675e+00   3.9714007e-01
   1.1526656e+00   3.2806647e+00
   1.1038032e+00   3.3470166e+00
   1.9364218e+00   1.0426880e+00
   1.1365307e+00   3.3030426e+00
   1.7966145e+00   1.7822991e+00
   1.6632650e-01   3.9918567e+00
   1.9440971e+00   9.8376006e-01
   3.4323869e-01   3.9472563e+00
   1.0280799e+00   3.4418325e+00
   9.2319903e-01   3.5583487e+00
   9.4979107e-01   3.5303524e+00
   1.8645515e+00   1.4769379e+00
   1.8077140e+00   1.7368231e+00
   1.5213860e+00   2.6128089e+00
   1.8284487e+00   1.6477003e+00
   1.4871872e+00   2.6903060e+00
   6.7625949e-01   3.7728153e+00
   2.3598945e-01   3.9781168e+00
   7.5969871e-01   3.7091138e+00
   1.9599759e+00   8.4800170e-01
   1.9280031e+00   1.1034477e+00
   1.6138638e+00   2.3808316e+00
   1.4694453e+00   2.7289659e+00
   1.9009245e+00   1.2778785e+00
   1.4326633e+00   2.8059844e+00
   1.9737694e+00   7.0797854e-01
   1.8561564e+00   1.5186733e+00
   1.7112252e+00   2.0915070e+00
   1.3539348e+00   2.9579533e+00
   1.8183210e+00   1.6919470e+00
   1.9796226e+00   6.3892586e-01
   1.5694920e+00   2.4965492e+00
   1.6997664e+00   2.1285353e+00
