   1.3041172e+00   3.0429485e+00
   8.8696431e-01   3.5926506e+00
   5.3627173e-01   3.8594060e+00
   1.9829948e+00   5.7901314e-01
   1.4804298e+00   2.7015736e+00
   1.9029120e+00   1.2580713e+00
   1.6868941e+00   2.1644667e+00
   1.5148855e+00   2.6241419e+00
   1.7558224e+00   1.9328849e+00
   1.2149182e+00   3.1869591e+00
   1.7926371e+00   1.7926394e+00
   1.6747172e+00   2.2019467e+00
   1.9352343e+00   1.0420484e+00
   1.9885139e+00   4.9711859e-01
   9.9305929e-01   3.4801800e+00
   1.3867527e+00   2.8933484e+00
   1.2824200e+00   3.0795529e+00
   2.0019799e+00   1.9270657e-01
   7.5011265e-01   3.7148436e+00
   5.7349790e-01   3.8380633e+00
   4.6210027e-01   3.8973401e+00
   6.6664745e-01   3.7776998e+00
   1.7101582e+00   2.0902005e+00
   1.8752425e+00   1.4146560e+00
   6.3872329e-01   3.7968568e+00
   1.9643119e+00   7.9455041e-01
   8.3267630e-01   3.6440780e+00
   1.7686389e+00   1.8855755e+00
   6.1077014e-01   3.8151182e+00
   1.8145776e+00   1.7020452e+00
   1.4442514e+00   2.7787093e+00
   1.3462787e+00   2.9687163e+00
   9.6689092e-01   3.5094496e+00
   1.5314732e+00   2.5853828e+00
   1.6081201e+00   2.3921752e+00
   1.8931717e+00   1.3155942e+00
   1.6492332e+00   2.2775426e+00
   1.9203173e+00   1.1472817e+00
   4.9912410e-01   3.8791605e+00
   1.1520317e+00   3.2788596e+00
   1.8654248e+00   1.4656894e+00
   1.2378113e+00   3.1515915e+00
   1.7212618e+00   2.0534354e+00
   1.1359086e+00   3.3012322e+00
   1.9579516e+00   8.5519592e-01
   1.7809024e+00   1.8388291e+00
   9.1382616e-01   3.5657055e+00
   1.5476350e+00   2.5466341e+00
   7.2236546e-01   3.7366853e+00
   1.1994435e+00   3.2102752e+00
   1.9119463e+00   1.2019724e+00
   1.9280669e+00   1.0939819e+00
   9.4047265e-01   3.5379683e+00
   1.8038566e+00   1.7470384e+00
   1.6621686e+00   2.2396355e+00
   3.7945763e-01   3.9325846e+00
   1.0347815e-01   3.9988111e+00
   1.6359263e+00   2.3155867e+00
   3.2504322e-01   3.9518423e+00
   1.1838019e+00   3.2333694e+00
   1.8549972e+00   1.5177290e+00
   1.1032056e+00   3.3452044e+00
   1.9767755e+00   6.5892415e-01
   1.5787019e+00   2.4692495e+00
   8.0528591e-01   3.6685315e+00
   1.4625559e+00   2.7401892e+00
   1.0189646e+00   3.4501784e+00
   1.9429067e+00   9.8317081e-01
   1.8248187e+00   1.6576645e+00
   1.2603147e+00   3.1157791e+00
   1.0699183e+00   3.3880745e+00
   1.5633776e+00   2.5079124e+00
   1.4255163e+00   2.8170917e+00
   1.3254068e+00   3.0059896e+00
   1.6222222e+00   2.3538099e+00
   1.7320193e+00   2.0169413e+00
   4.2523941e-01   3.9139625e+00
   8.5990828e-01   3.6187792e+00
   1.7424399e+00   1.9807233e+00
   2.7130506e-01   3.9678380e+00
   1.9508407e+00   9.1804290e-01
   1.0360799e+00   3.4297825e+00
   1.9983456e+00   2.9854474e-01
   1.1679966e+00   3.2562335e+00
   1.8439326e+00   1.5707576e+00
   1.0530654e+00   3.4090809e+00
   1.8345988e+00   1.6138951e+00
   1.9938183e+00   4.0258708e-01
   1.9706494e+00   7.2886869e-01
   1.3667282e+00   2.9311590e+00
   1.0866344e+00   3.3667785e+00
   1.5936145e+00   2.4306633e+00
   1.4978725e+00   2.6628794e+00
   7.7775918e-01   3.6921269e+00
   1.1196316e+00   3.3233516e+00
   2.0088812e-01   3.9843108e+00
   1.6987043e+00   2.1272177e+00
   1.8844821e+00   1.3646252e+00
   1.4063493e+00   2.8553151e+00
   6.9453592e-01   3.7576403e+00
