   6.2236728e-01   3.9538525e+00
   1.0531257e+00   3.6066854e+00
   2.0417148e+00   1.0147423e+00
   2.0341966e+00   1.0761993e+00
   1.6301565e+00   2.6597255e+00
   3.4383116e-01   4.0642625e+00
   7.1019867e-01   3.9015048e+00
   1.3185658e+00   3.2597822e+00
   8.8447663e-01   3.7706698e+00
   2.0849118e+00   5.0176359e-01
   1.8164723e+00   2.1323688e+00
   1.3343023e+00   3.2351956e+00
   1.7931037e+00   2.2093576e+00
   2.0181293e+00   1.1954529e+00
   6.5163358e-01   3.9373757e+00
   1.8275977e+00   2.0942906e+00
   1.7551654e+00   2.3266150e+00
   2.0005533e+00   1.3116148e+00
   7.9776165e-01   3.8403991e+00
   2.0893061e+00   4.0388616e-01
   3.9090961e-01   4.0513339e+00
   1.2865525e+00   3.3082654e+00
   1.1862958e+00   3.4476797e+00
   1.8930095e+00   1.8481182e+00
   1.5403397e+00   2.8605952e+00
   1.8049729e+00   2.1707450e+00
   1.4602014e+00   3.0189322e+00
   1.2034244e+00   3.4251274e+00
   1.2702723e+00   3.3321589e+00
   6.8092812e-01   3.9199224e+00
   9.4153681e-01   3.7195332e+00
   1.5776361e+00   2.7804690e+00
   1.1339900e+00   3.5134865e+00
   1.9818090e+00   1.4233663e+00
   1.5955961e+00   2.7402726e+00
   1.7278654e+00   2.4057844e+00
   1.9516011e+00   1.5839149e+00
   1.6467609e+00   2.6194434e+00
   2.4229622e-01   4.0844452e+00
   1.2203888e+00   3.4022911e+00
   2.0801141e+00   5.8668784e-01
   1.8810865e+00   1.8962112e+00
   4.6723422e-01   4.0254867e+00
   2.0689426e+00   7.4210929e-01
   4.2892876e-01   4.0392114e+00
   9.9780289e-01   3.6648234e+00
   1.9043879e+00   1.8006521e+00
   1.5011794e+00   2.9401980e+00
   1.0803700e+00   3.5764014e+00
   2.0623476e+00   8.1801567e-01
   1.7183958e+00   2.4323185e+00
   5.8338755e-01   3.9743133e+00
   1.9623102e+00   1.5293508e+00
   1.9906627e+00   1.3719407e+00
   8.5570739e-01   3.7948493e+00
   2.0930230e+00   2.8571287e-01
   7.3945089e-01   3.8821047e+00
   1.3026489e+00   3.2841436e+00
   1.4390192e+00   3.0579178e+00
   2.0485077e+00   9.5514433e-01
   1.9402117e+00   1.6395140e+00
   9.6977894e-01   3.6926169e+00
   1.8555408e+00   1.9941382e+00
   1.9152436e+00   1.7538043e+00
   2.0554618e+00   8.8932268e-01
   1.7087386e+00   2.4589167e+00
   1.7808460e+00   2.2482369e+00
   1.9281000e+00   1.6961676e+00
   8.2679226e-01   3.8181022e+00
   1.8686065e+00   1.9448798e+00
   1.1073364e+00   3.5453169e+00
   1.6786258e+00   2.5390082e+00
   1.6938955e+00   2.4989176e+00
   1.1690113e+00   3.4699301e+00
   1.4809208e+00   2.9796830e+00
   1.7682023e+00   2.2873216e+00
   1.2371926e+00   3.3791692e+00
   1.1515699e+00   3.4918661e+00
   2.0096947e+00   1.2527933e+00
   1.0255950e+00   3.6361647e+00
   1.5209870e+00   2.9004881e+00
   1.7416877e+00   2.3662036e+00
   2.0259048e+00   1.1395561e+00
   2.9729724e-01   4.0748053e+00
   1.9723694e+00   1.4758264e+00
   1.6131086e+00   2.6999990e+00
   9.1310124e-01   3.7455535e+00
   1.2538153e+00   3.3557989e+00
   1.5592124e+00   2.8205999e+00
   2.0745466e+00   6.6956061e-01
   7.6864418e-01   3.8617318e+00
   1.4173859e+00   3.0965993e+00
   1.6629116e+00   2.5792050e+00
   5.0578194e-01   4.0100985e+00
   1.3953163e+00   3.1349188e+00
   5.4451031e-01   3.9930538e+00
   1.5808979e-01   4.0932940e+00
   1.3498482e+00   3.2104050e+00
   1.3727930e+00   3.1728823e+00
   1.8418606e+00   2.0440123e+00
