   2.0353136e+00   1.0672781e+00
   4.2894043e-01   4.0392064e+00
   2.0689393e+00   7.4210913e-01
   5.1544366e-01   4.0059933e+00
   2.0801121e+00   5.8669796e-01
   2.6052698e-01   4.0815871e+00
   1.8810848e+00   1.8961953e+00
   1.8088431e+00   2.1579223e+00
   1.2702699e+00   3.3321599e+00
   2.0494216e+00   9.4679699e-01
   9.4153789e-01   3.7195359e+00
   1.4877268e+00   2.9665344e+00
   1.8930054e+00   1.8481187e+00
   1.6188369e+00   2.6865701e+00
   1.1515719e+00   3.4918688e+00
   1.5654069e+00   2.8072192e+00
   1.7595548e+00   2.3134924e+00
   9.9780045e-01   3.6648215e+00
   1.5274882e+00   2.8871993e+00
   1.1690101e+00   3.4699228e+00
   7.3944972e-01   3.8821035e+00
   1.3575367e+00   3.1979525e+00
   2.0745440e+00   6.6956289e-01
   7.6864111e-01   3.8617296e+00
   1.6521874e+00   2.6060308e+00
   7.1020154e-01   3.9014981e+00
   1.0803689e+00   3.5763957e+00
   4.7685650e-01   4.0217870e+00
   6.8092493e-01   3.9199248e+00
   1.2203853e+00   3.4022933e+00
   2.0930624e+00   2.8518913e-01
   1.4671558e+00   3.0058716e+00
   8.5570208e-01   3.7948547e+00
   9.6977787e-01   3.6926184e+00
   1.7724615e+00   2.2742609e+00
   1.6682037e+00   2.5657733e+00
   1.2371852e+00   3.3791735e+00
   1.0439699e+00   3.6166020e+00
   1.8202170e+00   2.1196481e+00
   1.3106250e+00   3.2719900e+00
   3.8145627e-01   4.0540982e+00
   8.2679135e-01   3.8180981e+00
   1.1862954e+00   3.4476708e+00
   3.2514796e-01   4.0687516e+00
   1.5466744e+00   2.8472863e+00
   1.9354512e+00   1.6620555e+00
   1.4246477e+00   3.0837313e+00
   1.3803398e+00   3.1602756e+00
   9.1309845e-01   3.7455472e+00
   1.2538133e+00   3.3557887e+00
   1.0622306e+00   3.5966818e+00
   1.6014850e+00   2.7268437e+00
   1.8555286e+00   1.9941693e+00
   1.6357437e+00   2.6462756e+00
   2.0562721e+00   8.8125370e-01
   1.8312246e+00   2.0816497e+00
   1.9471245e+00   1.6060301e+00
   1.7462410e+00   2.3529281e+00
   1.2865465e+00   3.3082648e+00
   2.0427207e+00   1.0061103e+00
   2.0036804e+00   1.2918481e+00
   6.2235877e-01   3.9538506e+00
   1.9152412e+00   1.7538022e+00
   7.9776154e-01   3.8403913e+00
   2.0849061e+00   5.0182687e-01
   1.7970987e+00   2.1964599e+00
   1.9871851e+00   1.3923781e+00
   1.5078356e+00   2.9269734e+00
   1.6988911e+00   2.4855547e+00
   5.9311464e-01   3.9693564e+00
   1.1339831e+00   3.5134912e+00
   2.0893011e+00   4.0390124e-01
   1.0255849e+00   3.6361689e+00
   1.1162544e+00   3.5347839e+00
   1.9581029e+00   1.5510451e+00
   1.2034223e+00   3.4251253e+00
   1.7849738e+00   2.2352403e+00
   6.5163889e-01   3.9373725e+00
   1.9957051e+00   1.3415890e+00
   1.9684171e+00   1.4971051e+00
   2.0125795e+00   1.2335114e+00
   2.0207858e+00   1.1766747e+00
   1.8685904e+00   1.9449182e+00
   8.8447673e-01   3.7706638e+00
   1.4027032e+00   3.1222067e+00
   5.5420930e-01   3.9885238e+00
   1.7325109e+00   2.3925749e+00
   1.8418773e+00   2.0439356e+00
   1.7135882e+00   2.4455988e+00
   2.0630496e+00   8.1027576e-01
   1.0983769e+00   3.5557611e+00
   1.5809067e-01   4.0932942e+00
   1.5836803e+00   2.7670531e+00
   2.0283544e+00   1.1212402e+00
   1.4461255e+00   3.0449519e+00
   1.9781022e+00   1.4442184e+00
   1.9255894e+00   1.7076014e+00
   1.6837583e+00   2.5256368e+00
   1.9043826e+00   1.8006575e+00
   1.3342731e+00   3.2352299e+00
