   1.4750389e+00   2.7154128e+00
   1.9111805e+00   1.2116631e+00
   7.9456377e-02   4.0123452e+00
   1.8017598e+00   1.7590296e+00
   1.5265339e+00   2.5992301e+00
   1.4570142e+00   2.7540081e+00
   8.9620256e-01   3.5848108e+00
   1.4003493e+00   2.8690117e+00
   1.9275114e+00   1.1031654e+00
   1.9657524e+00   7.8740144e-01
   1.9785862e+00   6.4552682e-01
   1.8229715e+00   1.6693114e+00
   5.1780786e-01   3.8704219e+00
   1.2075977e+00   3.1996952e+00
   1.3604248e+00   2.9447176e+00
   1.2755216e+00   3.0927108e+00
   1.4926329e+00   2.6767324e+00
   1.8869502e+00   1.3552333e+00
   1.0278593e+00   3.4410763e+00
   1.3398254e+00   2.9821913e+00
   1.2973691e+00   3.0562185e+00
   2.0055290e+00   4.3994818e-02
   1.8955353e+00   1.3063823e+00
   1.8423147e+00   1.5820618e+00
   6.2024807e-01   3.8101115e+00
   1.6181504e+00   2.3674402e+00
   1.8513289e+00   1.5393836e+00
   1.8599226e+00   1.4973379e+00
   1.5892607e+00   2.4443976e+00
   1.6627708e+00   2.2404558e+00
   1.5097977e+00   2.6379948e+00
   1.5742068e+00   2.4830174e+00
   1.9586483e+00   8.5549933e-01
   1.8778205e+00   1.4050824e+00
   7.0401149e-01   3.7517594e+00
   1.7107852e+00   2.0909596e+00
   1.7785404e+00   1.8511334e+00
   9.4958916e-01   3.5296041e+00
   5.9228561e-01   3.8277569e+00
   1.4385573e+00   2.7924940e+00
   4.4375107e-01   3.9067511e+00
   7.5955000e-01   3.7083906e+00
   1.2362264e-01   3.9973315e+00
   8.1466390e-01   3.6615107e+00
   1.3806018e+00   2.9069799e+00
   1.7430778e+00   1.9814492e+00
   1.1035604e+00   3.3462578e+00
   1.2532742e+00   3.1288058e+00
   1.9726425e+00   7.1488165e-01
   1.9515377e+00   9.1836906e-01
   8.6919895e-01   3.6112094e+00
   1.7661339e+00   1.8980463e+00
   4.8070861e-01   3.8893706e+00
   1.9986259e+00   3.0925278e-01
   1.9359302e+00   1.0424245e+00
   6.7613260e-01   3.7721092e+00
   9.7593687e-01   3.5008377e+00
   1.4196692e+00   2.8308370e+00
   1.8126071e+00   1.7138665e+00
   2.0964776e-01   3.9833301e+00
   1.7531724e+00   1.9455089e+00
   1.1683792e+00   3.2572855e+00
   1.1524035e+00   3.2799139e+00
   1.9196601e+00   1.1567149e+00
   4.0697745e-01   3.9225861e+00
   7.3182413e-01   3.7305204e+00
   1.6993263e+00   2.1279874e+00
   1.7326533e+00   2.0176798e+00
   1.9899480e+00   4.8510897e-01
   1.0533957e+00   3.4101377e+00
   8.4201297e-01   3.6367808e+00
   7.8716918e-01   3.6853834e+00
   1.9036024e+00   1.2585283e+00
   1.5428451e+00   2.5604616e+00
   1.6875088e+00   2.1652550e+00
   1.0020311e+00   3.4713207e+00
   2.7135584e-01   3.9686585e+00
   5.5501622e-01   3.8498886e+00
   1.3188049e+00   3.0193689e+00
   1.7218908e+00   2.0541855e+00
   1.6039086e+00   2.4058573e+00
   1.6320314e+00   2.3290457e+00
   3.7042947e-01   3.9368967e+00
   1.2306288e+00   3.1644794e+00
   3.2511168e-01   3.9526921e+00
   1.0786328e+00   3.3785247e+00
   1.6498279e+00   2.2783797e+00
   9.2300645e-01   3.5576058e+00
   6.4820527e-01   3.7915587e+00
   1.1841886e+00   3.2344321e+00
   1.7904065e+00   1.8048010e+00
   1.1281543e+00   3.3133777e+00
   2.0020977e+00   1.9800484e-01
   1.8328677e+00   1.6253748e+00
   1.9436050e+00   9.8351098e-01
   1.6753273e+00   2.2027461e+00
   1.9846118e+00   5.6629942e-01
   1.8681176e+00   1.4559351e+00
   1.9945022e+00   4.0271744e-01
   1.5587337e+00   2.5217189e+00
