0.964319323711286
0.963249790078851
0.964374976137976
0.964061851025273
0.962938975206197
0.964264245795331
0.96506836692413
0.964681464343314
0.964929825070009
0.964522841254998
0.964234591042077
0.963019603218099
0.963949014750648
0.964935414616772
0.963908989033489
0.965396562888742
0.964579003516492
0.962839209920537
0.963838739474766
0.963721617380013
0.963235806381727
0.964003799489774
0.963444454728666
0.96534847642576
0.964043605300314
0.964571355323197
0.964038924325782
0.963373559788517
0.964532041845212
0.963830454465987
0.964221743620561
0.964397809146665
0.964491467484273
0.963910032861877
0.964401927867603
