0.739703895173301
0.790663354095613
0.766824561807562
0.701662210295635
0.775768092652273
0.757019511370283
0.727554329818664
0.761942172761299
0.738676143836841
0.768235306522628
0.768385139786486
0.780301597380956
0.76379040476108
0.780122621062774
0.761388346368613
0.824123415264055
0.741131543135739
0.697760639772263
0.742109917044692
0.681901016947959
0.756463560844615
0.770168262734257
0.785273016942474
0.717165154014647
0.757416969119533
0.734385512746159
0.77140481258535
0.751696673771095
0.677254776905109
0.812248952856704
0.783145978278436
0.697354757522044
0.77334709421014
0.745635246438577
0.7286344771456
