0.996479769635995
0.997524474826531
0.996798096937383
0.997397725835065
0.996629495017116
0.996971480243467
0.996788194820062
0.997724991587407
0.997231506176761
0.997342842777051
0.997376895419808
0.997073573032408
0.997479024614943
0.997478348756236
0.997382050084701
0.997034990045061
0.99714917849187
0.997603177998754
0.997111747031935
0.996880386339728
0.997403206598713
0.996923468396684
0.997191396292648
0.997430930975304
0.997029438003362
0.996522600756744
0.997357488597154
0.996498552397237
0.997279254226088
0.996938202683812
0.997556379545672
0.997337975350837
0.996910125814436
0.996592494223379
0.997296851764692
