0.854794404075251
0.852657524274843
0.853136548243702
0.85414582271528
0.854285582204784
0.853907337199393
0.856425480051852
0.845300967811035
0.854728038890343
0.841394515782391
0.851897065224041
0.855350488728078
0.844255417070373
0.852880301988936
0.854412378381523
0.842877563712993
0.852083733149496
0.852288378750689
0.842117541701603
0.842445558949108
0.846334664195994
0.853870553513635
0.853598743764112
0.854397849537326
0.848244843660471
0.851970124143838
0.852222128946116
0.845820578144595
0.851259757014651
0.842308263924967
0.855563300150325
0.854367390554894
0.858477237695005
0.84205141305159
0.852638859901352
