0.830234244303828
0.825022754361318
0.824581347998237
0.814976257843424
0.821008013503549
0.82468195037898
0.82352110938346
0.823622480110182
0.860086127237722
0.857516573722669
0.820666245925879
0.824726152492217
0.818878748956675
0.822209167816639
0.82961817727425
0.824254939929311
0.820882471777931
0.832496516627546
0.815383685215273
0.896879520507083
0.830226251159141
0.823524070471176
0.814637548147849
0.827354346948204
0.862833315126326
0.832269958104333
0.832565829300857
0.825046007408548
0.813383493780082
0.827271535969103
0.834528402827926
0.840856229308886
0.833997209928368
0.826983832440697
0.822905358408803
