0.989581967834338
0.989650760585111
0.989621132394501
0.989567090662255
0.989614169570724
0.989630708454444
0.989612683115136
0.989622898287352
0.989584237763608
0.989614933293627
0.98961452596153
0.989631744620557
0.989632997312325
0.989602835258625
0.989621256934462
0.989632214790929
0.989635282876598
0.989622654146159
0.989649285245222
0.989640581323109
0.989608214078034
0.989632140632985
0.989614596718445
0.989614234070809
0.989623399912688
0.989627886402151
0.989630260304592
0.989619910595112
0.98961037903575
0.98963140951852
0.989587948708861
0.989643420428535
0.989635689975228
0.989628671267753
0.989617072344642
