0.995268456031031
0.995288143532137
0.995282748473031
0.995286008623484
0.995277824910679
0.995274990161406
0.995285767680622
0.995275859476114
0.995278021366228
0.995279009638123
0.995270387061733
0.995287297671094
0.995287815862785
0.995278983745984
0.995280584024954
0.995283081714617
0.995286999046545
0.995271060206172
0.995273670770914
0.995286110007213
0.995280602479457
0.995287654777137
0.995267455453758
0.995280726099055
0.995288885761984
0.995261210548095
0.995262670009973
0.995273550767886
0.995274103211246
0.995281733762968
0.995284770009484
0.99528400316814
0.995280372365339
0.995291394382738
0.995284579829476
