0.935807009601397
0.93563156513922
0.935505864992008
0.935605675202685
0.935363888237754
0.935538550403555
0.935841955450201
0.935455026995575
0.935764941395766
0.935968916950864
0.935934587249753
0.93574054515204
0.935768578947881
0.935271822181636
0.935772332609151
0.935352345914268
0.936042935996512
0.935870012145346
0.935504297217275
0.935340588102569
0.935924924343877
0.935858663543942
0.93582667206823
0.935189967823419
0.936085367593703
0.935580108834493
0.935901749010311
0.935773648200879
0.93567943280605
0.935496228532182
0.935809787858402
0.935386885681622
0.935650763600937
0.935395673634318
0.935347912475271
