0.994053554484203
0.573026672426894
0.998134144048761
0.974210289981377
0.824400628519404
0.989797341006291
0.833220616616651
0.749070210253523
0.74015713333428
0.922706622654954
0.812775999729022
0.675588144872683
0.99805713932158
0.962149675562535
0.974281104801318
0.833102641004443
0.719857792715255
0.974352193858248
0.994044015898836
0.642226921931929
0.694992363728323
0.989676238373409
0.726735722452737
0.974289272523911
0.666988046272253
0.958244475930652
0.966262768942587
0.989708558030108
0.962081934819785
0.969967793227526
0.970081184511083
0.978171198903097
0.915777240480582
0.974199848734659
0.970344378714687
