0.998073668378942
0.998063754310118
0.99807145140138
0.998059748178111
0.998052221084629
0.99807243661656
0.998071085348691
0.998038067520105
0.998059018319146
0.998089589317644
0.998043339898716
0.998057717116626
0.998066731147099
0.998051589127034
0.99807354711623
0.998070881327974
0.99806472450455
0.998049294841898
0.998075144078083
0.998056555656898
0.998068016396786
0.998075360183977
0.998068077065747
0.998055355273429
0.998061044388422
0.998072076463826
0.998053323084824
0.998063527603248
0.998067221283488
0.99806086498616
0.998057287340853
0.998059669391302
0.998075164114404
0.998063364273054
0.998076684387369
