0.958597613405071
0.958593076251501
0.958587920828368
0.9585847158136
0.958599790884231
0.95859312185934
0.95859631448884
0.958597657907463
0.958603880962824
0.958593905351235
0.958595942776221
0.958600607328853
0.958584646219505
0.958599817917221
0.958596238429032
0.958601352494988
0.958597110036238
0.958599984346375
0.958595060773986
0.958597082524678
0.958600100631177
0.958592313550408
0.958603403893765
0.958596700534737
0.958601643580243
0.958585909517752
0.958589527422178
0.958600509406255
0.958580800011815
0.95859668160865
0.958589122320132
0.958595982001977
0.958595615237966
0.958594769715788
0.958594436571481
