0.970416678008712
0.969846673924352
0.969423754165507
0.959296231127113
0.963258479913573
0.966776963967462
0.963494126512977
0.963907118909726
0.963715394509565
0.966772643250768
0.963982608029982
0.965135850020745
0.963517447728142
0.965862685586385
0.965551383799981
0.96389602826305
0.964657640543337
0.964291002825705
0.962959535492415
0.963086891340432
0.964401241271968
0.964776886583375
0.96612269412192
0.965442054632721
0.96467863506433
0.965222561767985
0.965801793564252
0.962410680561686
0.962148229884446
0.959882282180302
0.961585199498321
0.968473328760611
0.964805885200837
0.967564662610156
0.965659154068698
