0.979569803431325
0.988444631604096
0.988242549201433
0.986697264204611
0.974636146299609
0.980714947061052
0.97716413985625
0.985083128957589
0.98667004238407
0.975580511978168
0.985640625693091
0.986055419461547
0.978730873363366
0.987341808781691
0.989733126348763
0.987206339470563
0.984757185382457
0.980723348793958
0.976477198233299
0.976710118617762
0.987824268774465
0.976584730896703
0.976145169442319
0.988528342216277
0.990570050730773
0.982656964638712
0.976239951695645
0.977019196807103
0.986715751588348
0.980839884651323
0.986924234079409
0.988188527023064
0.976414681396179
0.97513653707384
0.977240693902335
