0.980918198804291
0.976182358157448
0.984138967312807
0.979817988470672
0.982398901049021
0.98149824810495
0.978111768345974
0.981816082422621
0.983251540935719
0.97992629805884
0.975960285988538
0.981831724152414
0.981029214657007
0.980404319614666
0.981617738688194
0.981473593523063
0.984002165978633
0.98212413919997
0.980358820539269
0.981109541175252
0.980229210038892
0.981031085942962
0.979185050147897
0.982461327741056
0.983748128137606
0.984335791774778
0.98029058514654
0.980000064171965
0.984257827693207
0.983992055913176
0.98448541576866
0.983006135309332
0.982128770529403
0.970018954167601
0.983432478691926
