0.98887056732445
0.988873116840207
0.988876123923843
0.988876746218558
0.988827073658412
0.98887635138891
0.988878073215289
0.98885682349528
0.988875679876033
0.988865226089233
0.988824518971326
0.988859213674784
0.98887776589923
0.988869983582239
0.988848207050971
0.98882980788961
0.988876741223819
0.988864561632769
0.988829779828726
0.988876170695665
0.988877344424946
0.988875055133967
0.988833094707809
0.988804212477746
0.988875223500801
0.988870440084854
0.988875517486699
0.988863308437303
0.988832470452428
0.988871910026459
0.98887706288798
0.988876127827389
0.988877512902983
0.988878529876075
0.988876360066166
