0.855985919865866
0.859358574952767
0.855891247396673
0.859442410181506
0.855998993478307
0.859690773137287
0.856891559447584
0.859834165897479
0.855445794624508
0.856015172878828
0.857106971432541
0.855864905298243
0.859416427610721
0.862811904162462
0.859543219372385
0.855951933367813
0.856012686751177
0.852582986186852
0.859427413619955
0.855923271036083
0.862625269586815
0.856612311363081
0.858785298814474
0.855941468055986
0.860583969866979
0.858635205569459
0.859777967574461
0.852631572295438
0.860147075305866
0.855853833375791
0.856372141033546
0.855761148233608
0.856010389010567
0.855987537215275
0.861170143981415
