0.918905846922678
0.919610512354459
0.918580328795113
0.918912817996359
0.918806653377083
0.91890302250914
0.919360038064432
0.918897546566797
0.919347857436086
0.919342451529958
0.919067743092849
0.918938794423428
0.91893278693963
0.918693338219246
0.919038575459936
0.918902852810092
0.918916951815888
0.918930683748425
0.919708758707688
0.918947650198507
0.918970570715729
0.918903871091081
0.919462943400665
0.918978454107116
0.918927026059236
0.919553679816306
0.918838718740021
0.91896103842586
0.918940019696094
0.919026040377441
0.918927824957034
0.91890270664676
0.919351026601152
0.919523777159303
0.919407886688503
