0.997965297403239
0.997950834084845
0.997955919093367
0.997986518611694
0.997974978572232
0.997929140432237
0.997973477568478
0.997985634497112
0.997964522665601
0.997944164539047
0.997981018781024
0.997950785563306
0.99794084383328
0.997951633998968
0.997991031199931
0.997990147527276
0.99800353945286
0.997961287840312
0.997971500847234
0.997967165718019
0.997951433561202
0.997962308357174
0.997947682394666
0.99800246629515
0.997952842670628
0.997969594943805
0.998000152683883
0.997950561978278
0.997953551462411
0.997988984358988
0.99794982247025
0.997954612297315
0.997996832154316
0.997972038779895
0.997958731482668
