0.884449421218555
0.867674333868941
0.885081703817657
0.912877730535334
0.823199403534628
0.879834924779724
0.866697533487252
0.895951998073879
0.901446356233486
0.887287139565087
0.902926721778837
0.870274740731597
0.86628963593115
0.776619727132712
0.842921814064498
0.867707307096437
0.88516112413969
0.878010881704641
0.899466382334719
0.866277469438557
0.87546234909662
0.886984676181096
0.879332656408419
0.883083973400253
0.888170327936953
0.879669494220552
0.855009892999855
0.897868276824032
0.892538775615839
0.899155161087788
0.894419899633231
0.884504057834917
0.880009338346602
0.874403086717688
0.819059160383765
