0.808709111711531
0.79978474915553
0.802429324340641
0.679199795697447
0.678560616434671
0.931532953365173
0.810005681569067
0.679194650111209
0.679187886208299
0.679207640889392
0.781415587979056
0.810005231211728
0.794577780114325
0.679191585261166
0.776954593739037
0.67856972787098
0.67855604782492
0.800812245070026
0.811592591975513
0.806038126461996
0.779029546036024
0.763972676881642
0.799987023975486
0.679186543487844
0.679210439084576
0.926377294850776
0.936827711977658
0.808921915637832
0.67919885345151
0.807197682651733
0.79409177126514
0.678568458949754
0.804559811944655
0.811563630727699
0.677941149238254
