0.991590311433206
0.991589273052682
0.99157054831313
0.991556775988059
0.991576475956878
0.991575398132501
0.991581786184158
0.991599045872169
0.991591361286041
0.991586289153926
0.991514969021451
0.991518421055697
0.991593695544524
0.991565104149399
0.991575801586653
0.991603739836854
0.991569240056535
0.991557632314838
0.991592828120414
0.991541431290754
0.991578896925762
0.991572234250836
0.99158206761725
0.991538541521966
0.99155510618345
0.991542572423207
0.991608042792377
0.991589778054304
0.991583311101768
0.991593473949359
0.991553339257271
0.991564743948809
0.991588826024512
0.991572439656448
0.991581718149791
