0.992893143655453
0.992887420310657
0.992909984816959
0.992915539948773
0.992898448477364
0.992909999251356
0.99291574390184
0.992921120802637
0.992881958783272
0.992898865983852
0.992876134918309
0.992916015100972
0.992915614966183
0.992909733444731
0.992864948165738
0.992893428688227
0.992910473052033
0.992859245860557
0.992876559694774
0.992899204531436
0.992893251123002
0.992921058776049
0.992915604797724
0.992915487920855
0.992909991570916
0.992892855386934
0.992932200736316
0.992910285207291
0.992915343897619
0.992903750700701
0.992898873750289
0.992898473413821
0.99290418752809
0.992899485546914
0.992893099067561
