0.286373445311338
0.563767550382661
0.190416230634797
0.419403237894107
0.192366325551197
0.199719884911665
0.147529573670089
0.227232255993581
0.197204643091608
0.577525849338108
0.350302960459657
0.560069002926758
0.577395750068255
0.226757558125427
0.170864126032256
0.28948387606356
0.181786318476857
0.353997851735728
0.160872062015977
0.577380408148725
0.375801094551693
0.212490151577619
0.164802281228451
0.168079776963008
0.288193222989756
0.577522375487823
0.460935962027663
0.145980087918756
0.525064904370203
0.180586818459467
0.352221455080114
0.558252178307618
0.24879987767304
0.242412829677382
0.483653472675191
