0.911678555418952
0.908880279167571
0.911896735633161
0.902417175273819
0.910967461392138
0.907550370675812
0.910115993080001
0.90798358547418
0.904403515502109
0.908053047158295
0.913099367235478
0.910611514344815
0.91278581813623
0.907319817595511
0.909225420473711
0.908182965014469
0.906842326640067
0.906196688013868
0.906584324193289
0.90859326450278
0.911367695054492
0.909597707371023
0.914318696122127
0.910004789608852
0.908216940753076
0.909575529917358
0.913342742007478
0.90869645909066
0.911214020322116
0.910231422116859
0.915680970977199
0.910966805130634
0.910364268617754
0.907894758474345
0.904544635782631
