0.965843229244347
0.965860489253308
0.966107305381602
0.966001544916215
0.966034268320682
0.966128481936606
0.965880125870258
0.966040043373439
0.965870480822813
0.966068408078435
0.966124203893324
0.966112634765116
0.966064937107964
0.966111956245057
0.966061665393799
0.966131499760131
0.966089957174063
0.966055073432681
0.966123752386494
0.966107129672317
0.965933420906842
0.966057130719567
0.966133021193165
0.966073803758815
0.966133029588755
0.966134179670872
0.966103030938416
0.966082195182842
0.96613586353918
0.965983954586192
0.966132904950163
0.966095213675453
0.966134666539213
0.966002434053913
0.966128708262412
