0.991325678025726
0.991548211134854
0.991538476565842
0.99147242844487
0.991501254418379
0.991172942229187
0.991455131086372
0.991077787541366
0.991541780597592
0.991276124044307
0.990559045268534
0.991514843444872
0.990734289161791
0.991442523501968
0.991508136497091
0.991464549601608
0.991525365305619
0.991520056277287
0.991508828344231
0.990695253897026
0.991508997849673
0.991516692771216
0.991297385033209
0.991494432951547
0.991340994692124
0.991507582460772
0.991516936981742
0.991488213843265
0.991505162034247
0.991527460811541
0.991436406719916
0.99145586473031
0.991500903032909
0.990818344829265
0.991524816057808
