0.863330982250298
0.854467263170035
0.857130902942941
0.85294485596318
0.859297986769563
0.858292264363846
0.85566545816933
0.856600448626618
0.855461537050768
0.851450339364516
0.871435903151668
0.851752078151758
0.854999787707947
0.856497631937538
0.860466612416089
0.858595696441447
0.856312899139536
0.857926848965179
0.859076081310676
0.850733635468992
0.849103368244234
0.870149828480566
0.843017485570111
0.848182244267144
0.866699025130737
0.856591098453427
0.864367934470683
0.858772175788109
0.868402273538604
0.842534270268816
0.852463583020107
0.861721636770604
0.85335147950188
0.853886942076742
0.853675747029951
