0.797741120461042
0.959181345828554
0.963703398270196
0.947063768416165
0.797746071409482
0.944469099506355
0.797741188461701
0.797671672706589
0.961310998311656
0.965093316997113
0.964493147094176
0.964135240145981
0.933153236784838
0.801706627895175
0.96131808478413
0.797654852823204
0.797823359935646
0.971553750584089
0.973286022765647
0.963239655350936
0.797793500517556
0.9587388861624
0.963396968558611
0.96177996359556
0.797720433964279
0.961971169613801
0.967119856395904
0.797718727382512
0.960155526043698
0.797797647423106
0.797754757361747
0.971760426716602
0.964884096850329
0.797781222531309
0.797760835924034
