0.349086 0.349086 0.869643
0.625418 0.625418 0.466588
0.469845 0.469845 0.747323
0.30048 0.30048 0.90522
0.575421 0.575421 0.58119
0.547955 0.547955 0.632053
0.620754 0.620754 0.478882
0.606302 0.606302 0.514584
0.274784 0.274784 0.921405
0.586002 0.586002 0.559646
0.542304 0.542304 0.641727
0.283483 0.283483 0.91612
0.168838 0.168838 0.971076
0.372193 0.372193 0.850262
0.325176 0.325176 0.887987
0.436748 0.436748 0.78645
0.601337 0.601337 0.526106
0.482582 0.482582 0.73091
0.078864 0.078864 0.993761
0.536597 0.536597 0.65125
0.0616445 0.0616445 0.996193
0.655732 0.655732 0.374207
0.690938 0.690938 0.212623
0.488836 0.488836 0.72255
0.229422 0.229422 0.945902
0.525013 0.525013 0.669867
0.0942454 0.0942454 0.991078
0.121687 0.121687 0.985081
0.678147 0.678147 0.283255
0.671064 0.671064 0.315192
0.703682 0.703682 0.0983061
0.364577 0.364577 0.856835
0.611185 0.611185 0.502899
0.333233 0.333233 0.881993
0.40889 0.40889 0.815854
0.463373 0.463373 0.755361
0.257057 0.257057 0.931581
0.247995 0.247995 0.936481
0.108419 0.108419 0.988176
0.387144 0.387144 0.836803
0.429906 0.429906 0.793954
0.659696 0.659696 0.360002
0.564604 0.564604 0.602033
0.707107 0.707107 0
0.647498 0.647498 0.40186
0.210115 0.210115 0.954832
0.422984 0.422984 0.801355
0.3412 0.3412 0.87588
0.684796 0.684796 0.249216
0.17958 0.17958 0.967214
0.501163 0.501163 0.705458
0.146248 0.146248 0.978378
0.379713 0.379713 0.843585
0.265982 0.265982 0.926557
0.308821 0.308821 0.899588
0.157745 0.157745 0.974799
0.638906 0.638906 0.428485
0.69655 0.69655 0.17215
0.190025 0.190025 0.963214
0.476256 0.476256 0.739162
0.519143 0.519143 0.678956
0.415975 0.415975 0.808659
0.663586 0.663586 0.34541
0.674659 0.674659 0.29945
0.530829 0.530829 0.660638
0.629988 0.629988 0.454127
0.705587 0.705587 0.0655313
0.701507 0.701507 0.1256
0.667367 0.667367 0.33052
0.134266 0.134266 0.981807
0.68793 0.68793 0.231309
0.401733 0.401733 0.822934
0.693818 0.693818 0.192958
0.238775 0.238775 0.941261
0.591188 0.591188 0.548629
0.651655 0.651655 0.388191
0.200184 0.200184 0.959089
0.394481 0.394481 0.829921
0.317042 0.317042 0.893851
0.356874 0.356874 0.863297
0.450215 0.450215 0.771112
0.507214 0.507214 0.696755
0.219876 0.219876 0.950426
0.681528 0.681528 0.266532
0.570038 0.570038 0.591704
0.55356 0.55356 0.622207
0.643242 0.643242 0.415307
0.596301 0.596301 0.537447
0.292033 0.292033 0.910733
0.634487 0.634487 0.44142
0.0410238 0.0410238 0.998316
0.580745 0.580745 0.570499
0.51321 0.51321 0.687917
0.699121 0.699121 0.14987
0.456834 0.456834 0.763286
0.44352 0.44352 0.778832
4.32978e-17 4.32978e-17 1
0.495038 0.495038 0.714055
0.559108 0.559108 0.612207
0.615999 0.615999 0.49101
