0.540224 0.476608 0.813223
0.52028 0.589724 0.749575
0.648642 0.735219 0.468022
0.469357 0.532005 0.822802
0.507918 0.575712 0.768702
0.544285 0.616934 0.70956
0.610163 0.691605 0.574205
0.21741 0.246429 1.03554
0.75743 0.668236 0.400111
0.410633 0.362278 0.93833
4.52327e-17 4.87804e-17 1.08643
0.56729 0.64301 0.66712
0.738477 0.651516 0.45881
0.456019 0.516886 0.839764
0.140699 0.124131 1.0701
0.583419 0.514717 0.758299
0.525222 0.463373 0.830515
0.494267 0.436064 0.863641
0.728479 0.642695 0.486405
0.810143 0.714742 0.114629
0.176774 0.200369 1.05306
0.306802 0.347753 0.982481
0.742117 0.742086 0.280889
0.783188 0.690962 0.299193
0.610709 0.538794 0.719071
0.227749 0.200929 1.04311
0.79091 0.697774 0.26058
0.202611 0.178752 1.05229
0.236461 0.268023 1.02595
0.666058 0.75496 0.408326
0.478247 0.42193 0.879535
0.599848 0.679913 0.598523
0.657518 0.74528 0.438812
0.696481 0.614465 0.563627
0.578405 0.655608 0.644944
0.27391 0.241655 1.02318
0.414436 0.469753 0.887639
0.289953 0.328654 0.994104
0.40004 0.453435 0.902603
0.707493 0.62418 0.538685
0.197569 0.223939 1.04458
0.153277 0.173735 1.06144
0.569329 0.502286 0.77711
0.555907 0.630107 0.688666
0.718149 0.633581 0.512996
0.509902 0.449857 0.847324
0.81469 0.718754 9.29802e-17
0.718754 0.81469 9.34746e-17
0.385318 0.436749 0.91712
0.649281 0.572823 0.656229
0.623836 0.550374 0.698746
0.714561 0.809937 0.117184
0.254841 0.288856 1.01585
0.685158 0.604475 0.587789
0.251428 0.22182 1.0334
0.370238 0.419656 0.931204
0.495311 0.561423 0.787274
0.355552 0.313683 0.977504
0.689771 0.781838 0.305407
0.797996 0.704025 0.218813
0.428111 0.377697 0.924334
0.63673 0.56175 0.677747
0.673527 0.594214 0.611227
0.774983 0.683723 0.335039
0.748097 0.660002 0.430205
0.323233 0.366377 0.970369
0.682195 0.773251 0.342084
0.696876 0.789891 0.266015
0.316136 0.278908 1.0013
0.70933 0.804009 0.175352
0.44241 0.501461 0.856235
0.766389 0.676141 0.368525
0.272646 0.309037 1.00523
0.639493 0.72485 0.495952
0.804463 0.709731 0.171611
0.428532 0.48573 0.872213
0.629994 0.714082 0.522994
0.175563 0.154889 1.0609
0.554914 0.489569 0.795437
0.39275 0.346501 0.951847
0.661589 0.583682 0.633991
0.461892 0.4075 0.894946
0.077668 0.0880348 1.08007
0.295428 0.260639 1.01248
0.597232 0.526903 0.738928
0.0994302 0.112702 1.07598
0.44519 0.392766 0.909873
0.532408 0.603471 0.729858
0.339248 0.384529 0.957797
0.620247 0.703035 0.548965
0.33613 0.296548 0.989649
0.674289 0.76429 0.376198
0.129373 0.146641 1.06868
0.0585625 0.0516663 1.08362
0.354904 0.402275 0.944746
0.482483 0.546883 0.805268
0.589256 0.667907 0.622098
0.768181 0.768262 1.72872e-17
0.703385 0.79727 0.223468
0.374401 0.330312 0.964907
