0.632883 0.65625 0.465399
0.350368 0.363304 0.890535
0.378436 0.364961 0.878288
0.624151 0.647196 0.489258
0.548811 0.52927 0.682993
0.615204 0.637918 0.512234
0.0491929 0.0510092 1.02117
0.652659 0.62942 0.475045
0.512711 0.531641 0.708721
0.161043 0.166988 0.996986
0.571493 0.551144 0.646094
0.0739369 0.0766667 1.01806
0.702504 0.728441 0.153827
0.732837 0.706743 0.106139
0.297976 0.287367 0.936179
0.363978 0.377416 0.879135
0.315375 0.304146 0.925113
0.63389 0.611319 0.521797
0.614057 0.592193 0.565723
0.60381 0.582311 0.586624
0.43552 0.420013 0.825659
0.44161 0.457915 0.801932
0.523914 0.543257 0.69151
0.260816 0.251529 0.957344
0.20987 0.202398 0.981219
0.706992 0.733095 0.102639
0.42172 0.406704 0.839372
0.556312 0.576851 0.636836
4.47684e-17 4.38681e-17 1.02362
0.643409 0.6205 0.498804
0.117272 0.113097 1.01057
0.284095 0.294585 0.938249
0.407611 0.393098 0.852718
0.488185 0.470803 0.766694
0.72224 0.696523 0.202549
0.649493 0.673474 0.415201
0.566701 0.587624 0.617534
0.130089 0.134892 1.00632
0.175365 0.181839 0.991959
0.605983 0.628356 0.534559
0.45391 0.470669 0.787551
0.429142 0.444987 0.815858
0.694825 0.670084 0.340597
0.275693 0.265877 0.949265
0.736808 0.710573 0
0.697349 0.723096 0.196565
0.657372 0.681643 0.388619
0.710573 0.736808 0
0.145984 0.151374 1.00179
0.269873 0.279837 0.946921
0.670398 0.646528 0.424698
0.475372 0.458446 0.78208
0.236091 0.227684 0.96965
0.500734 0.482904 0.750913
0.586815 0.608481 0.577234
0.390578 0.404999 0.855117
0.709374 0.684115 0.276723
0.664913 0.689462 0.361018
0.66166 0.6381 0.450373
0.678858 0.654686 0.397919
0.624106 0.601883 0.544085
0.593264 0.57214 0.607038
0.377373 0.391306 0.867335
0.331992 0.320171 0.913823
0.393208 0.379207 0.865673
0.534914 0.554664 0.673806
0.679064 0.704136 0.301437
0.362455 0.34955 0.891202
0.545712 0.56586 0.655592
0.449071 0.433081 0.811528
0.501313 0.519822 0.725445
0.466079 0.483287 0.772661
0.0945945 0.0980871 1.01451
0.685583 0.710895 0.269082
0.215245 0.223192 0.975528
0.596503 0.618527 0.556246
0.318186 0.329934 0.91526
0.489772 0.507855 0.741624
0.716045 0.690549 0.241295
0.576871 0.59817 0.597673
0.727878 0.701961 0.158883
0.403601 0.418502 0.842474
0.189128 0.196111 0.986697
0.687014 0.662552 0.369916
0.560276 0.540326 0.664785
0.641325 0.665004 0.440763
0.301512 0.312644 0.9269
0.691672 0.717209 0.234524
0.346523 0.334185 0.903351
0.582493 0.561752 0.626847
0.672156 0.696973 0.332017
0.462342 0.44588 0.797014
0.537136 0.518011 0.700678
0.335566 0.347956 0.902287
0.51309 0.494821 0.734637
0.416464 0.43184 0.82938
0.525223 0.506522 0.717898
0.478003 0.495651 0.757393
0.239768 0.248621 0.963587
0.702276 0.67727 0.3097
