0.16513 4.43597e-18 5.66976
0.0866887 0.221137 5.43634
0.859105 0.859104 2.61402
0.700183 0.858085 3.38937
0.240981 0.769487 4.17095
0.240148 0.729658 4.43719
0.242692 0.149929 5.2763
0.0880171 0.85703 4.15428
0.850948 0.211297 3.90563
0.239847 0.693138 4.71085
0.856204 0.647143 3.77867
0.660342 0.854006 3.68714
0.786941 0.786472 3.00267
0.801995 0 4.43074
0.0934219 0.700348 4.9156
0.855963 0.15079 4.00757
0.158494 0.149313 5.38685
0.0350693 0.851267 4.26315
0.785847 0.858287 2.81276
0 0.158901 5.68262
0.770699 0.848848 2.90039
0.189964 0.245571 5.19832
0.858575 0.123512 4.07008
0.674011 0.858111 3.58644
0.243332 0.816729 3.95066
0.741268 0.778188 3.32583
0.729386 0 4.86414
0.727482 0.8581 3.18508
0.761285 0 4.6463
0.858124 0.763227 2.94124
0.687594 0.844942 3.49284
0.781135 0.128692 4.28113
0.847856 0.733655 3.14553
3.22004e-17 0.857237 4.30719
0 0.737834 4.80356
0.848735 0.0981352 4.13495
0 0.0904063 5.84155
0.846948 0.6767 3.57247
0 0.236753 5.57629
0.0972635 0.752513 4.52847
0.858667 0.179181 3.94991
0.845768 0.839097 2.63731
0.658094 0.227383 4.97648
3.22004e-17 4.43597e-18 6
0.857962 0.0698826 4.19443
0 0.686733 5.18417
0.117259 0.798066 4.22551
0.185949 0.858082 3.93824
0.855447 2.1882e-18 4.30762
0.755747 0.858166 2.98878
0.803024 0.854697 2.73437
0.646269 0.857913 3.7843
0.705359 0.706554 4.07713
0.136411 0.851707 4.04201
0.229689 0.0616759 5.48442
0.235183 0.653864 5.00183
0.221788 0.792844 4.05703
0.704012 0.198496 4.66515
0.691278 0.103131 4.96149
0.741443 0.854169 3.0863
0.0479338 0.245815 5.50479
0.82209 0.85855 2.66746
0.815076 0.242353 3.95627
0.854913 0.704743 3.35554
0.117905 0.244687 5.35027
0.214357 0.750412 4.30949
0.237033 0.196629 5.19071
0.851894 0.779483 2.8485
0.856981 0.796457 2.76194
0.154063 0.231283 5.27197
0.205081 0.713135 4.58757
0.700804 0.763778 3.70835
0.159977 0.858706 3.98739
0.758212 0.695914 3.78048
0.856716 0.747883 3.04123
0 0.791512 4.47767
0.249557 0.859128 3.88025
0.215499 0.850289 3.90168
0.713902 0.853151 3.28721
0.215498 0.674832 4.86472
0.764606 0.241481 4.20028
0.859078 0.249213 3.88027
0.114771 0.110909 5.57706
0.858442 0.815797 2.68656
0.101176 0 5.81632
0.243855 0 5.57402
0.721114 0.239174 4.50023
0.0621913 0.85873 4.21043
0.681983 0 5.21991
0.243234 0.105863 5.37935
0.782496 0.726282 3.4099
0.24772 0.247686 5.14679
0.858727 0.0386302 4.25464
0.858027 0.719027 3.24745
0.858068 0.662064 3.67372
0.112376 0.858668 4.09667
0.790159 0.216977 4.07419
0.858017 0.690315 3.46417
0.743475 0.213743 4.35732
0.681197 0.238658 4.80135
