0.5 0
0.291174 0.208826
0.462028 0.0379719
0.0904894 0.409511
0.413337 0.0866627
0.316877 0.183123
0.060317 0.439683
0.0804047 0.419595
0.322029 0.177971
0.224478 0.275522
0.337451 0.162549
0.0402597 0.45974
0.0703465 0.429654
0.481097 0.018903
0.167263 0.332737
0.193313 0.306687
0.457215 0.0427852
0.265567 0.234433
0.485837 0.0141633
0.373186 0.126814
0.296304 0.203696
0.245074 0.254926
0.418284 0.0817155
0.214116 0.285884
0.075373 0.424627
0.466811 0.0331891
0.11584 0.38416
0 0.5
0.23994 0.26006
0.126024 0.373976
0.398396 0.101604
0.182884 0.317116
0.030214 0.469786
0.151707 0.348293
0.275795 0.224205
0.0352411 0.464759
0.442722 0.0572782
0.471589 0.028411
0.250203 0.249797
0.383311 0.116689
0.0653332 0.434667
0.40339 0.0966096
0.0151215 0.484878
0.162073 0.337927
0.0502981 0.449702
0.120919 0.379081
0.219305 0.280695
0.17246 0.32754
0.0251858 0.474814
0.27068 0.22932
0.357937 0.142063
0.347711 0.152289
0.368109 0.131891
0.255328 0.244672
0.229634 0.270366
0.156883 0.343117
0.0452793 0.454721
0.0553075 0.444693
0.433009 0.066991
0.423223 0.0767772
0.311729 0.188271
0.136252 0.363748
0.378258 0.121742
0.13114 0.36886
0.146533 0.353467
0.352835 0.147165
0.408363 0.0916365
0.495304 0.0046958
0.177664 0.322336
0.0201568 0.479843
0.327181 0.172819
0.208933 0.291067
0.1881 0.3119
0.11075 0.38925
0.280912 0.219088
0.306582 0.193418
0.141397 0.358603
0.332321 0.167679
0.393387 0.106613
0.260452 0.239548
0.452405 0.0475955
0.301442 0.198558
0.0955443 0.404456
0.342582 0.157418
0.428113 0.0718866
0.447573 0.0524274
0.198527 0.301473
0.0854348 0.414565
0.00504366 0.494956
0.0100835 0.489916
0.234781 0.265219
0.490592 0.00940826
0.388345 0.111655
0.476354 0.0236455
0.363019 0.136981
0.286038 0.213962
0.203734 0.296266
0.437886 0.0621142
0.100601 0.399399
0.105676 0.394324
