0.273615 0.50686 0.817452
0.404824 0.463321 0.788322
0.409365 0.626719 0.663057
0.192315 0 0.981333
0.614111 0.78922 0
0.426758 0 0.904366
0.676652 0 0.736303
0.489422 0.788632 0.372191
0.851393 0.328554 0.408879
0.791378 0 0.611327
0.352813 0.818309 0.453755
0.564862 0.825185 0
3.30024e-17 0.53897 0.842325
0.821325 0.57046 0
6.00644e-17 0.980926 0.194384
0.948894 0.315594 0
2.04557e-17 0.334067 0.942549
0.380645 0.273834 0.883247
0.982736 0 0.185015
0.316791 0.403016 0.858616
0.654236 0.697791 0.291656
0.707669 0.623716 0.331938
2.5397e-17 0.414764 0.909929
0.440603 0.841978 0.311353
0.514585 0.857439 0
0.553589 0.28317 0.783169
0.282019 0.787847 0.547506
0.36314 0.893166 0.265299
0.660727 0.750626 0
0.48763 0 0.87305
0.744335 0.334914 0.577752
0.61948 0.530424 0.5787
0.327769 0.575758 0.749046
0.745919 0.666036 0
0.665111 0.579081 0.471479
0.460717 0.887547 0
0.57004 0.472482 0.672172
4.5175e-17 0.737764 0.675059
5.00747e-17 0.817781 0.575529
0.758236 0 0.65198
0.784724 0.619845 0
0.456151 0.331033 0.826041
0.571961 0.628218 0.527449
0.885075 0 0.465449
5.24095e-17 0.855912 0.517122
4.23881e-17 0.69225 0.721657
5.4619e-17 0.891995 0.452045
0.742078 0.523691 0.418411
6.12323e-17 1 0
0.53705 0 0.84355
0.922355 0.386345 0
0.317928 0.948115 0
0.588397 0 0.808572
0.514177 0.415095 0.750545
2.77705e-22 6.12323e-17 1
0.636427 0 0.771337
0.973727 0.227718 0
0.937965 1.75638e-222 0.34673
5.8588e-17 0.956815 0.290697
0.818116 0.469201 0.332469
3.65015e-17 0.596115 0.802899
0.466583 0.674882 0.571694
0.287621 0 0.957744
4.75624e-17 0.776754 0.629805
0.614664 0.335384 0.713936
0.260414 0.293692 0.919744
0.8904 0.455178 0
2.92256e-17 0.47729 0.878746
0.419945 0.752308 0.507621
0.824543 0 0.5658
5.67176e-17 0.926269 0.376862
0.705576 0.469845 0.53048
0.809734 0.294707 0.507423
0.871734 0.4083 0.270872
3.93942e-17 0.643356 0.765567
0.359666 0 0.933081
0.618703 0.666971 0.415159
0.460968 0.529663 0.712015
0.278797 0.662559 0.695189
0.692283 0.285999 0.662532
0.781026 0.418101 0.463885
0.289506 0.868522 0.402313
0.331062 0.717224 0.613178
0.905895 0.290967 0.30772
0.249872 0.916669 0.311902
0.855781 0 0.517338
0.659706 0.417064 0.625177
0.912589 0 0.408877
0.704586 0.709618 0
1.45906e-17 0.238282 0.971196
0.528296 0.715072 0.457793
0.718675 0 0.695346
0.23076 0.973011 0
0.855618 0.517608 0
0.521904 0.58031 0.625185
0.393482 0.919332 0
1 0 0
0.960946 0 0.276736
0.77447 0.560285 0.293728
0.578636 0.753896 0.311161
