0.656377 0.754433
0.620623 0.784109
0.227685 0.973735
0.514664 0.857392
0.88704 0.461692
0.56432 0.825556
0.949938 0.31244
0.853802 0.520598
0.959745 0.280874
0.438546 0.898709
0.997889 0.0649458
0.988909 0.14852
0.740862 0.671658
0.647545 0.762027
0.544815 0.838556
0.98154 0.191254
0.665135 0.746723
1 8.17469e-17
0.245068 0.969506
0.483168 0.875528
0.839799 0.542898
0.534888 0.844923
0.27788 0.960616
0.40261 0.915372
0.350942 0.936397
0.682422 0.730959
0.968972 0.24717
0.602223 0.798328
0.780459 0.625207
0.995244 0.0974169
0.472287 0.881445
0.690983 0.722871
0.124199 0.992257
0.293414 0.955986
0.992226 0.124446
0.461241 0.887275
0.322985 0.946404
0.169852 0.98547
0.377357 0.926068
0.939601 0.342272
6.12323e-17 1
0.818142 0.575017
0.524852 0.851193
0.893345 0.449371
0.964435 0.26432
0.772668 0.63481
0.449949 0.893054
0.899543 0.436832
0.905616 0.424098
0.724524 0.68925
0.973343 0.229353
0.261829 0.965114
0.493819 0.869565
0.923157 0.384424
0.67379 0.738923
0.504337 0.863507
0.583457 0.812144
0.985338 0.170611
0.554634 0.832094
0.977538 0.210759
0.846848 0.531835
0.803257 0.595633
0.867417 0.497582
0.928762 0.370677
0.911582 0.411119
0.41484 0.909895
0.629702 0.776837
0.573952 0.818889
0.795747 0.605629
0.934245 0.356633
0.732714 0.680536
0.0972483 0.99526
0.592876 0.805294
0.611485 0.791256
0.810735 0.585413
0.190325 0.981721
0.209452 0.977819
0.825439 0.564491
0.788135 0.615503
0.71626 0.697833
0.707877 0.706335
0.944831 0.327557
0.364316 0.931275
0.337149 0.941451
0.748921 0.662659
0.874069 0.485803
0.14811 0.988971
0.0648931 0.997892
0.832647 0.553804
0.860657 0.509184
0.390131 0.920759
0.917429 0.3979
0.426806 0.904343
0.638657 0.769492
0.699452 0.714679
0.954908 0.296901
0.308409 0.951254
0.880611 0.473841
0.764835 0.644226
0.75692 0.653508
