0.609125 4.53673e-17 0.793074
0.437721 0.477142 0.76206
0.488692 0.662738 0.567414
0.703314 5.23824e-17 0.71088
0.451034 0.268203 0.851255
0.614805 0.788679 7.80476e-17
1 0 6.94036e-17
0.636911 0.716474 0.284622
0.793949 0.358691 0.490903
0.918068 0.396423 7.80476e-17
0.488839 0.530684 0.692396
0.427614 0.625416 0.652687
0.282725 0.443219 0.85066
0.757907 0.495945 0.423811
0.28823 2.14672e-17 0.957561
0.82503 6.14477e-17 0.565089
0.276269 0.777596 0.564819
0.50193 0.864908 7.80476e-17
0.952971 0 0.303063
0.750538 0.660828 7.80476e-17
0.858597 6.39478e-17 0.512651
1.41594e-17 0.23124 0.972897
0.692601 0.361502 0.624196
0.362832 0 0.931855
0.586731 0.276521 0.761106
1.98225e-17 0.323725 0.946151
4.0855e-17 0.667213 0.744867
0.548388 0.412745 0.727263
0.888952 0.458 7.80476e-17
0.380892 0.924619 6.56949e-17
0.76009 0.288024 0.5825
0.345096 0.711994 0.611534
0.444082 0.895986 6.56949e-17
0.554718 0 0.832038
5.39196e-17 0.880575 0.473907
0.724353 0.43915 0.531469
0.788484 0.615056 7.80476e-17
0.947668 0.319258 7.80476e-17
0.548995 0.570859 0.610512
0.601009 0.458305 0.654786
0.560537 0.828129 6.56949e-17
0.710531 0.703666 7.80476e-17
0.254523 0.92896 0.268797
0.342047 0.589859 0.731485
0.72452 0.612441 0.316208
0.299022 0.528169 0.794748
0.54609 0.696899 0.464885
0.398186 0.405172 0.822972
2.46112e-17 0.401931 0.91567
5.79143e-17 0.945813 0.324712
5.60187e-17 0.914855 0.403783
0.785868 5.8531e-17 0.618394
0.654102 0.652978 0.381799
0.824077 0.566478 7.80476e-17
0.646645 0.506807 0.570084
0.973653 0.228036 6.56949e-17
0.428806 0 0.903396
0.923165 6.87568e-17 0.384405
0.928967 0.274965 0.247817
0.979215 0 0.202826
0.898093 0.255124 0.358246
0.648592 0.313604 0.693527
0.659945 0 0.751314
0.845672 0.305574 0.437566
0.285025 0.674988 0.680553
5.95773e-17 0.97297 0.23093
0.275954 0.862329 0.424545
0.474476 0.775159 0.417133
0.600979 0.613578 0.512197
4.37485e-17 0.714467 0.69967
0.301719 0.953397 4.401e-17
0.425391 0.740302 0.520572
0.349353 0.88723 0.301289
4.64655e-17 0.758839 0.651278
4.91377e-17 0.802479 0.59668
3.82268e-17 0.624291 0.781192
0.873453 0.38686 0.295668
0.664304 0.747463 7.80476e-17
0.4945 3.68301e-17 0.869178
0.426423 0.838779 0.338545
5.16314e-17 0.843204 0.537593
8.53831e-18 6.06341e-17 1
0.341839 0.810737 0.475238
0.744154 5.54242e-17 0.668008
0.857511 0.514466 6.56949e-17
0.524565 0.805781 0.274861
0.785085 0.544282 0.295633
0.572563 0.74401 0.344412
0.261255 0.275788 0.925033
0.505044 0.333137 0.79621
0.822873 0.447642 0.349996
0.201914 0.979403 6.94036e-17
3.19328e-17 0.521503 0.85325
6.12323e-17 1 4.1328e-17
0.192677 1.43505e-17 0.981262
3.51874e-17 0.574654 0.818396
0.687393 0.559888 0.462619
2.84209e-17 0.464148 0.885757
0.33435 0.326348 0.884142
0.889974 6.62847e-17 0.456012
