0.951821 3.86261e-17 0.306653
0.655157 0.316232 0.686125
4.80794e-17 0.785195 0.619248
0.538688 0.765245 0.352443
0.594634 0.596316 0.539276
0.300913 1.22114e-17 0.953652
0.90409 0.427342 7.49876e-17
0.914891 0.29934 0.270869
0.281153 0.750273 0.598367
0.820488 0.496629 0.283123
0.926784 0 0.375595
0.380085 1.54243e-17 0.924952
0.427163 0.583439 0.690747
0.589418 0.807828 4.47036e-17
4.53467e-17 0.740568 0.671981
5.54694e-17 0.905884 0.423525
0.279502 0.62497 0.728898
0.684842 0 0.728692
0.77775 0.340433 0.528404
0.862863 0 0.505437
2.93459e-17 0.479254 0.877676
0.875571 0.48309 7.49876e-17
0.767188 0.641422 7.49876e-17
0.483997 0.4775 0.733308
0.491531 0.632308 0.598818
0.294326 0.917726 0.26674
0.860471 0.395839 0.320782
0.250062 0.267474 0.930552
5.76265e-17 0.941112 0.338094
1 0 4.47036e-17
1.42389e-17 0.23254 0.972587
0.613405 0.725204 0.312754
5.94105e-17 0.970247 0.242117
0.321328 0.549349 0.77134
0.741579 0.304934 0.597559
0.423671 0.905816 7.49876e-17
0.795937 0 0.605379
0.896139 0 0.443774
0.496138 2.01339e-17 0.868244
0.959482 0.281771 4.47036e-17
0.933303 0.359089 7.49876e-17
0.290199 0.839757 0.458903
0.536459 0.843926 4.84778e-17
0.636555 0.498992 0.588051
0.685633 0.558048 0.467429
0.547381 2.22134e-17 0.836884
0.828977 3.36409e-17 0.559283
6.12323e-17 1 7.49876e-17
0.492839 0.824529 0.277959
0.316058 0.334889 0.887669
0.635681 0.771952 4.47036e-17
0.834184 0.299359 0.463164
0.732987 0.604139 0.312644
0.797279 0.431017 0.422575
0.339546 0.783548 0.520347
0.201304 0 0.979529
0.64387 0 0.765135
3.97779e-17 0.649622 0.760257
0.586774 0.406805 0.700148
0.724688 0.689077 7.49876e-17
0.974909 3.9563e-17 0.222605
3.6492e-17 0.595959 0.803015
0.544279 0.533446 0.647454
0.248991 0.88842 0.385634
0.723507 0 0.690317
0.287174 0.442744 0.849416
0.760741 0 0.649056
0.647304 0.640824 0.412725
0.339333 0.674968 0.655188
3.31643e-17 0.541615 0.840627
2.51328e-17 0.410449 0.911883
0.678502 0.388473 0.623477
0.424741 0.706398 0.566213
0.723428 0.462902 0.512224
0.80534 0.592813 7.49876e-17
0.47662 0.736664 0.479749
0.679311 0.733851 7.49876e-17
0.479364 0.877616 0
0.475229 0.352108 0.806336
0.38798 0.865073 0.317994
2.01683e-17 0.329373 0.9442
0.55944 0.309223 0.769031
5.06203e-17 0.826693 0.562653
0.35577 0.934573 7.49876e-17
5.30688e-17 0.866679 0.498867
0.428272 0.80435 0.41183
0.564085 0.682958 0.464087
0.68741 0.671592 0.276463
4.28375e-17 0.699589 0.714546
0.881412 0.263628 0.391935
0.440711 0 0.897649
5.22459e-17 3.19338e-17 1
0.420837 0.296492 0.857315
0.278606 0.960406 4.84778e-17
0.186264 0.9825 7.49876e-17
0.841691 0.539959 7.49876e-17
0.390308 0.462626 0.796013
0.597149 2.42331e-17 0.80213
0.982089 0.188415 4.84778e-17
0.763322 0.528096 0.372095
