0.558858 0.829263
0.950533 0.310624
0.902721 0.430226
0.809754 0.58677
0.492486 0.87032
0.355974 0.934496
0.831444 0.555609
0.659614 0.751604
0.299222 0.954183
0.865504 0.500902
0.935745 0.352679
0.668991 0.74327
0.884622 0.466308
0.722493 0.691378
6.12323e-17 1
0.201396 0.97951
0.858906 0.512133
0.84538 0.534165
0.537238 0.843431
0.579953 0.81465
0.678231 0.734849
0.87836 0.477999
0.705168 0.70904
0.995792 0.0916426
0.687328 0.726347
0.787212 0.616683
0.730968 0.682412
0.328213 0.944604
0.0619897 0.998077
0.990179 0.139805
0.433196 0.9013
0.794821 0.606844
0.97631 0.216376
0.69632 0.717732
0.526217 0.85035
0.930547 0.366174
0.503895 0.863765
0.620813 0.783959
0.0929658 0.995669
0.987016 0.160621
0.90853 0.417819
0.983645 0.180116
0.755739 0.654873
0.182679 0.983173
0.408319 0.912839
0.28421 0.958762
0.980066 0.198673
0.771688 0.636002
0.118747 0.992925
0.802337 0.596872
0.548099 0.836413
0.824319 0.566126
0.99313 0.117014
0.739362 0.673308
0.219257 0.975667
0.610784 0.791797
0.569457 0.822021
0.640466 0.767987
0.313885 0.949461
0.713895 0.700252
0.998131 0.0611128
0.600635 0.799523
0.268775 0.963203
0.959711 0.280988
0.9683 0.249789
0.890787 0.454422
0.925221 0.379429
0.972371 0.233442
0.236366 0.971664
0.896801 0.442433
1 0
0.817084 0.576519
0.141807 0.989894
0.964091 0.265573
0.342202 0.939626
0.779499 0.626404
0.252866 0.967501
0.630695 0.776031
0.945739 0.324926
0.747604 0.664144
0.162912 0.986641
0.445389 0.895337
0.838466 0.544953
0.48095 0.876748
0.515141 0.857105
0.955199 0.295963
0.395578 0.918432
0.650099 0.759849
0.940807 0.338943
0.420881 0.907116
0.590373 0.807131
0.871977 0.489546
0.852206 0.523206
0.914217 0.405225
0.469221 0.883081
0.457401 0.889261
0.369436 0.929256
0.763756 0.645505
0.919786 0.392419
0.38264 0.923898
