0.395125 0.104875
0.364049 0.135951
0.460855 0.0391453
0.185372 0.314628
0.384812 0.115188
0.455888 0.0441123
0.0989386 0.401061
0.31227 0.18773
0.465779 0.0342214
0.338046 0.161954
0.261367 0.238633
0.180321 0.319679
0.190418 0.309582
0.0888075 0.411193
0.405354 0.0946457
0.286742 0.213258
0.0787029 0.421297
0.322542 0.177458
0.22078 0.27922
0.480518 0.0194816
0.0686766 0.431323
0.22586 0.27414
0.296939 0.203061
0.24109 0.25891
0.343241 0.156759
0.353637 0.146363
0.0487833 0.451217
0.16008 0.33992
0.317402 0.182598
0.109102 0.390898
0.139753 0.360247
0.00482892 0.495171
0.119317 0.380683
0.281663 0.218337
0.144844 0.355156
0.256301 0.243699
0.490272 0.00972803
4.55365e-18 0.5
0.129546 0.370454
0.291838 0.208162
0.165152 0.334848
0.410455 0.0895449
0.415574 0.084426
0.205582 0.294418
0.266435 0.233565
0.134649 0.365351
0.114206 0.385794
0.302037 0.197963
0.10401 0.39599
0.0736797 0.42632
0.0587059 0.441294
0.19547 0.30453
0.155014 0.344986
0.210646 0.289354
0.0242897 0.47571
0.0389406 0.461059
0.430807 0.069193
0.425743 0.0742568
0.358841 0.141159
0.215711 0.284289
0.327695 0.172305
0.236012 0.263988
0.0636685 0.436332
0.495139 0.00486079
0.0938642 0.406136
0.420671 0.0793288
0.379644 0.120356
0.450891 0.0491091
0.00968179 0.490318
0.170219 0.329781
0.435846 0.0641543
0.0340479 0.465952
0.440879 0.0591207
0.374452 0.125548
0.307143 0.192857
0.400241 0.0997591
0.246165 0.253835
0.029167 0.470833
0.0837558 0.416244
0.276584 0.223416
0.0145431 0.485457
0.348441 0.151559
0.389982 0.110018
0.485407 0.0145935
0.200523 0.299477
0.149931 0.350069
0.271505 0.228495
0.0438568 0.456143
0.47071 0.0292897
0.5 0
0.332868 0.167132
0.475626 0.0243739
0.124426 0.375574
0.0194195 0.480581
0.230935 0.269065
0.369256 0.130744
0.175269 0.324731
0.251237 0.248763
0.0537477 0.446252
0.445893 0.0541067
