0.675568 0.737298
0.879311 0.476248
0.504005 0.863701
0.300776 0.953695
0.397 0.917819
0.751925 0.659249
0.767629 0.640894
0.357545 0.933896
0.142526 0.989791
0.343838 0.939029
0.446329 0.894869
0.952331 0.305068
0.56851 0.822676
0.909574 0.415542
0.998 0.0632075
0.872977 0.487762
0.957104 0.289745
0.315475 0.948934
0.961722 0.274026
0.329821 0.944044
0.931917 0.362671
0.628727 0.777626
0.163794 0.986495
0.735768 0.677234
0.790304 0.612715
0.846743 0.532002
0.093449 0.995624
0.558083 0.829785
0.897759 0.440488
0.89171 0.452608
0.833121 0.553091
0.515072 0.857147
0.693384 0.720568
0.237516 0.971384
0.547539 0.83678
0.202446 0.979293
0.422083 0.906557
0.860031 0.510241
0.782844 0.622218
0.684535 0.72898
0.285677 0.958326
0.974694 0.223545
0.775289 0.631607
0.481387 0.876508
0.536798 0.843711
0.062303 0.998057
0.220394 0.975411
0.254128 0.967171
0.589032 0.808109
0.982491 0.18631
0.812101 0.583517
0.826191 0.56339
0.270136 0.962822
0.819186 0.573528
0.647853 0.761765
0.578814 0.81546
0.797661 0.603107
0.804922 0.593381
0.839979 0.542619
0.989487 0.144625
0.743897 0.668294
0.937201 0.348791
0.525965 0.850507
0.657228 0.753692
0.995497 0.0947893
0.609114 0.793083
0.469866 0.882738
0.119398 0.992847
0.183655 0.982991
0.88556 0.464526
0.434312 0.900762
0.492787 0.87015
0.384114 0.923286
0.947415 0.320007
0.719135 0.69487
0.986104 0.166129
0.710662 0.703534
0.915325 0.402715
1 0
0.37097 0.928645
6.12323e-17 1
0.926502 0.37629
0.599139 0.800645
0.978687 0.205359
0.458173 0.888863
0.618974 0.785411
0.92097 0.389635
0.409665 0.912236
0.638351 0.769745
0.942374 0.334561
0.759818 0.650136
0.970537 0.240953
0.702068 0.71211
0.727512 0.686095
0.866546 0.499097
0.853424 0.521217
0.666464 0.745537
0.992638 0.121115
0.903718 0.428129
0.966215 0.257737
