0.905353 0.559863
1.02295 0.294406
0.890765 0.582793
0.852672 0.637229
1.002 0.359318
1.01794 0.311305
0.926601 0.523947
0.812552 0.687656
0.912524 0.548098
0.420488 0.977906
0.581629 0.891526
0.978778 0.418456
0.98478 0.404127
0.860473 0.626655
0.625543 0.861282
0.63614 0.853485
0.875793 0.60506
0.960038 0.459823
0.734409 0.770554
0.953561 0.47311
0.473379 0.953427
1.05305 0.155542
0.214072 1.04273
0.761383 0.743913
0.706349 0.796355
0.150758 1.05375
0.126319 1.05696
0.940279 0.498985
0.614791 0.868989
1.05647 0.130329
0.460463 0.959731
0.558727 0.906055
0.333737 1.01081
1.01278 0.327715
0.743512 0.761775
0.535167 0.920167
0.883341 0.593985
1.03249 0.258976
0.715821 0.787852
0.677103 0.821366
0.752506 0.752891
0.194172 1.04662
1.05958 0.102022
0.820744 0.677858
0.392703 0.989391
0.795853 0.706915
0.547039 0.913159
1.04132 0.220805
0.656913 0.837601
0.686995 0.81311
0.946975 0.486157
0.844813 0.647612
6.51804e-17 1.06448
0.996399 0.374567
0.363813 1.00038
0.778803 0.725656
0.966402 0.446293
0.26874 1.02999
0.836875 0.657838
0.065843 1.06244
0.0989222 1.05987
0.302132 1.0207
0.770148 0.734835
0.486128 0.94699
0.868193 0.615915
0.725174 0.779252
0.898096 0.571432
0.646596 0.845591
1.037 0.240293
0.787388 0.716332
0.804236 0.697363
0.523156 0.927048
0.510961 0.933825
1.04546 0.200327
0.972652 0.432502
0.570259 0.898841
1.0278 0.277
1.04937 0.178707
1.00746 0.343697
0.828859 0.66791
0.592839 0.884111
0.498644 0.94046
0.696751 0.804766
0.933497 0.51156
0.434048 0.971963
0.285693 1.02542
0.40671 0.983716
0.667094 0.829516
1.0623 0.0680336
0.603898 0.876595
0.99065 0.389517
0.233012 1.03866
1.06448 0
0.173164 1.0503
0.251202 1.03441
0.348952 1.00566
0.447394 0.965893
0.378397 0.99495
0.318152 1.01582
0.919624 0.536099
