0.738251 0.674527
0.782947 0.622089
0.775723 0.631074
0.618985 0.785403
0.590478 0.807054
0.664226 0.747531
0.519855 0.854255
0.464827 0.885402
0.62827 0.777995
0.550882 0.834583
0.984055 0.177865
0.824837 0.56537
0.895502 0.445058
0.323201 0.94633
0.5092 0.860648
0.722587 0.69128
0.96175 0.273929
0.74592 0.666036
0.308452 0.95124
0.698221 0.715883
0.831574 0.555414
0.844871 0.534971
0.753512 0.657434
0.941232 0.33776
0.530343 0.847783
0.913278 0.407336
0.70645 0.707763
0.804169 0.594401
0.560954 0.827847
0.404562 0.91451
0.6096 0.792709
0.966581 0.256363
0.600092 0.799931
0.655422 0.755263
1 0
0.476206 0.879334
0.971227 0.238157
0.208656 0.977989
0.857893 0.513828
0.169089 0.985601
0.907441 0.42018
0.883242 0.468918
0.337599 0.94129
0.637437 0.770503
0.851415 0.524493
0.26128 0.965263
0.391802 0.92005
0.951755 0.30686
0.818028 0.575179
0.453212 0.891403
0.570904 0.821017
0.979969 0.199149
0.919055 0.394128
0.761008 0.648742
0.147271 0.989096
0.864311 0.502958
0.946532 0.322609
0.935822 0.352474
0.417058 0.90888
0.277509 0.960723
0.189449 0.981891
0.811117 0.584884
0.901507 0.432764
0.689893 0.723912
0.975682 0.21919
0.98792 0.154965
0.0966453 0.995319
0.797172 0.603752
0.351634 0.936138
0.672913 0.739722
0.870701 0.491813
0.580754 0.814079
0.956826 0.290662
0.93033 0.366723
0.714563 0.699571
0.889391 0.457148
0.441386 0.897317
0.244459 0.96966
0.429351 0.903138
0.646482 0.762929
0.730465 0.68295
0.838253 0.545282
0.997694 0.0678664
0.540682 0.841227
0.877006 0.480479
0.487362 0.8732
0.0644419 0.997921
0.498369 0.866965
6.12323e-17 1
0.79009 0.61299
0.991527 0.129899
0.99481 0.101748
0.681458 0.731857
0.123442 0.992352
0.293221 0.956045
0.36531 0.930886
0.768416 0.63995
0.924766 0.380535
0.226945 0.973908
0.378713 0.925514
