0.5418 0.46242 0.853455
0.669464 0.57138 0.67905
0.845553 0.721669 0
0.312921 0.366638 1.00171
0.515443 0.603925 0.778048
0.654232 0.766539 0.469216
0.126045 0.107578 1.09923
0.381952 0.447518 0.943189
0.803987 0.767705 5.42808e-17
0.752869 0.642565 0.506029
0.834363 0.712119 0.180252
0.689721 0.80812 0.327099
0.760083 0.760326 0.282743
0.367899 0.313998 1.00091
0.413788 0.48482 0.910766
0.711258 0.833354 0.188146
0.493103 0.420858 0.903047
0.721669 0.845553 5.42808e-17
0.69563 0.695986 0.517173
0.694629 0.592858 0.633857
0.162442 0.138643 1.09094
0.681574 0.798575 0.365377
0.706799 0.603244 0.610162
0.476167 0.406403 0.918622
0.525937 0.448881 0.870438
0.586977 0.500978 0.800154
0.643104 0.548882 0.721742
0.0619241 0.0528515 1.10866
0.45891 0.391674 0.93368
0.459065 0.537869 0.857742
0.285995 0.244093 1.04613
0.578364 0.677647 0.664872
0.473594 0.554892 0.83879
0.557256 0.475612 0.836077
0.330999 0.387819 0.987827
0.423431 0.361393 0.96222
0.441302 0.376646 0.948239
0.348436 0.297386 1.01288
0.773808 0.660436 0.448119
0.528689 0.619445 0.756665
0.14181 0.166154 1.08998
0.365434 0.428165 0.958592
0.190019 0.162179 1.08322
0.644367 0.754981 0.500561
0.386726 0.330066 0.988567
0.214037 0.250779 1.06163
0.405231 0.34586 0.975671
0.811336 0.692465 0.313037
0.572326 0.488473 0.818292
0.398063 0.466395 0.927247
0.66381 0.777761 0.436129
4.8235e-17 4.80287e-17 1.11165
0.763483 0.651624 0.47775
0.672989 0.788516 0.401365
0.601362 0.513255 0.781472
0.26357 0.224954 1.05626
0.612607 0.717768 0.587611
0.509703 0.435026 0.886973
0.629486 0.537259 0.742204
0.487837 0.57158 0.819192
0.255696 0.299589 1.03953
0.501836 0.587982 0.798876
0.615519 0.525339 0.762182
0.623487 0.730516 0.559799
0.697459 0.817186 0.285525
0.23533 0.275727 1.05089
0.827319 0.706107 0.229614
0.294377 0.344911 1.01496
0.730341 0.623337 0.560196
0.167671 0.196454 1.08123
0.307514 0.262459 1.03553
0.240204 0.205011 1.06585
0.717037 0.840125 0.125757
0.634102 0.742954 0.530754
0.60146 0.704708 0.614328
0.819626 0.699541 0.273167
0.767441 0.804239 0
0.32827 0.280174 1.02445
0.741742 0.633068 0.533676
0.682203 0.582252 0.65677
0.793408 0.677165 0.384339
0.215789 0.184173 1.07484
0.444272 0.520537 0.87603
0.566382 0.663608 0.688914
0.590029 0.691315 0.64009
0.113054 0.132461 1.09792
0.429186 0.502861 0.893698
0.802579 0.684992 0.349885
0.348472 0.408291 0.973464
0.704674 0.82564 0.239828
0.191578 0.224465 1.07176
0.079393 0.0930218 1.1049
0.840572 0.717418 0.120477
0.718702 0.613404 0.585635
0.541563 0.634528 0.734744
0.554114 0.649234 0.712193
0.783778 0.668946 0.417096
0.731302 0.731659 0.406987
0.656449 0.560272 0.700668
0.275333 0.322598 1.02756
