5.51486e-17 0.900645 0.434555
0.86257 0.420903 0.280737
4.92582e-17 0.804447 0.594024
0.847611 0.530619 0
0.754367 0 0.656453
0.389826 0 0.920888
0.858192 0 0.513328
0.437202 0.603994 0.666368
0.287992 0.914458 0.284303
1.12909e-17 0.184395 0.982852
0.71147 0.295788 0.637432
0.825839 0 0.563906
0.578063 0 0.815992
0.813171 0.582025 0
0.633479 0.77376 0
0.309336 0 0.950953
0.882797 0.469755 0
5.68247e-17 0.928017 0.372537
0.644787 0.318668 0.694767
5.83507e-17 0.952939 0.303164
0.811586 0.302966 0.499539
0.447567 0.894251 1.00761e-268
0.545252 0.29054 0.786312
3.98829e-17 0.651337 0.758789
0.67347 0 0.739215
4.46843e-17 0.72975 0.683714
0.475431 0.745081 0.467782
0.522883 0 0.852404
0.282688 0.844865 0.454192
5.97013e-17 0.974996 0.222221
1.68831e-17 0.275722 0.961237
0.895009 0.268961 0.355837
2.82037e-17 0.460601 0.887607
0.610974 0.464193 0.641276
0.378245 0.925706 0
3.4526e-17 0.563853 0.825876
0.718647 0.559301 0.413194
4.70365e-17 0.768164 0.640253
0.945849 0.324608 0
0.577342 0.816503 0
0.580446 0.56841 0.583089
0.772273 0.63529 0
0.685741 0.727846 0
0.952096 0 0.305801
5.11875e-17 0.835955 0.548798
0.749035 0.599301 0.282462
0.348467 0.579627 0.736616
0.88845 0 0.458974
1 0 0
0.565885 0.387396 0.727804
6.12323e-17 1 0
0.509349 0.516005 0.688696
3.74777e-17 0.612058 0.790813
0.674076 0.660614 0.33047
0.223766 0 0.974643
0.321301 0.264172 0.909384
0.753444 0.351394 0.555738
0.28937 0.735026 0.61319
0.481712 0.631848 0.607224
2.1013e-17 0.343169 0.939274
0.612825 0.740886 0.274835
0.688957 0.424622 0.587396
0.671144 0.521417 0.526963
0.715079 6.69426e-64 0.699044
0.926412 0.282816 0.248546
0.915188 0.403028 0
3.13759e-17 0.512408 0.858742
0.299768 0.954012 0
0.629553 0 0.776957
0.343842 0.438813 0.83019
0.530547 0.780625 0.33037
0.310752 0.664968 0.679155
0.972761 0.23181 0
2.47747e-17 0.404602 0.914493
0.84043 0.354768 0.409655
0.766427 0.450409 0.457954
0.200532 0.979687 0
0.537449 0.664416 0.519327
4.23452e-17 0.69155 0.722329
0.515364 0.856971 0
0.416094 0.707283 0.571503
0.72859 0.68495 7.35037e-165
0.791389 0 0.611313
5.83464e-17 1.85767e-17 1
0.978847 0 0.204596
0.417436 0.292482 0.86035
0.472458 0.838737 0.270746
5.32405e-17 0.869483 0.493963
0.800902 0.499812 0.329763
0.289541 0.528309 0.798157
0.469181 0.360367 0.806228
0.439839 0.475955 0.761583
0.285972 0.382442 0.878611
0.6325 0.617402 0.467715
0.354094 0.872733 0.336088
0.460782 0 0.887513
0.33409 0.783289 0.524254
0.581419 0.703524 0.408663
0.921985 0 0.387225
0.416947 0.811332 0.40975
