0.604021 0.796968
0.284778 0.958593
0.74509 0.666964
0.253266 0.967397
6.12323e-17 1
0.736962 0.675934
0.900017 0.435855
0.219615 0.975587
0.881491 0.472201
0.513279 0.858222
0.806629 0.591058
0.893924 0.448218
0.119074 0.992885
0.480276 0.877117
0.8281 0.56058
0.944873 0.327436
0.7843 0.620381
0.269255 0.963069
0.70354 0.710655
0.356673 0.934229
0.62295 0.782262
0.791839 0.61073
0.855508 0.51779
0.677495 0.735528
0.761076 0.648662
0.959709 0.280994
0.421386 0.906881
0.433596 0.901108
0.574881 0.818237
0.813881 0.581031
0.641471 0.767148
0.917641 0.397411
0.887764 0.460299
0.0621851 0.998065
0.370122 0.928983
0.0932187 0.995646
0.988832 0.149034
0.299876 0.953978
0.328912 0.94436
0.928875 0.370392
0.694956 0.719052
0.911869 0.410482
1 0
0.964377 0.264531
0.314561 0.949237
0.39626 0.918138
0.728767 0.684762
0.9549 0.296929
0.848776 0.528752
0.753131 0.657871
0.457357 0.889283
0.995206 0.0978029
0.949954 0.312389
0.659675 0.751551
0.52392 0.851768
0.973247 0.22976
0.841974 0.539519
0.875141 0.483868
0.468906 0.883248
0.712034 0.702145
0.544719 0.838619
0.201777 0.979431
0.934332 0.356404
0.862151 0.506651
0.799282 0.600957
0.16331 0.986575
0.236745 0.971572
0.992168 0.124908
0.835076 0.550135
0.776667 0.629911
0.768924 0.63934
0.977437 0.211225
0.564961 0.825118
0.985248 0.171134
0.686273 0.727344
0.584701 0.811249
0.720435 0.693523
0.981442 0.191761
0.939664 0.342099
0.868695 0.495347
0.183081 0.983098
0.342966 0.939348
0.491446 0.870908
0.445577 0.895243
0.650629 0.759396
0.968893 0.247482
0.502446 0.864608
0.594408 0.804163
0.821037 0.570875
0.142131 0.989848
0.923313 0.384049
0.408945 0.912559
0.668632 0.743593
0.632272 0.774746
0.99787 0.0652265
0.534403 0.84523
0.90598 0.423319
0.383321 0.923615
0.554909 0.831911
0.613517 0.789681
