0.481458 0.596496 0.642176
0.648569 1.36851e-17 0.761156
4.48669e-17 0.732732 0.680517
0.423694 0.688398 0.58872
0.718353 0.542128 0.435965
0.38506 0.278767 0.879783
4.24612e-17 0.693444 0.72051
0.599799 1.26561e-17 0.800151
0.790641 0.533933 0.299669
1 0 0
0.300764 0.720536 0.624795
0.800641 0.457257 0.387156
0.754407 0.424025 0.501071
0.589607 0.53553 0.604625
3.04026e-17 0.496512 0.86803
2.67576e-17 0.436985 0.899469
0.66692 0.664865 0.336412
0.869534 0.493872 0
5.337e-17 0.871598 0.490221
0.531898 0.649006 0.543945
0.47125 0.882 0
5.86168e-17 0.957285 0.289144
0.981567 0.191118 0
0.408494 0.80909 0.4225
0.409006 0.912532 0
6.12323e-17 1 0
0.726125 1.53216e-17 0.687563
0.281307 0.922139 0.265569
0.716231 0.327935 0.616013
0.923423 0 0.383783
0.332084 0.775725 0.53663
0.546939 0.479943 0.685939
4.25917e-17 4.39926e-17 1
0.683405 0.469005 0.559457
0.423884 0.364784 0.829008
0.339108 0.643244 0.686471
0.76242 0.647082 0
0.647033 0.400017 0.649103
0.607949 0.741805 0.283062
0.452198 0.841736 0.294953
0.221543 0 0.975151
0.484164 0.438599 0.757111
3.37603e-17 0.551348 0.834275
0.949645 0 0.313329
4.7142e-17 0.769887 0.63818
0.633311 0.773897 0
0.797968 0 0.6027
0.573562 0.276167 0.771205
0.958291 0.285793 0
0.281217 0.843849 0.456985
0.329647 0.944104 0
0.762276 1.60844e-17 0.647253
0.914005 0.304604 0.267975
4.00023e-17 0.653287 0.757111
0.855751 0.413868 0.310491
0.863375 0 0.504564
0.782776 0.29744 0.546618
0.345571 0.491298 0.799504
0.37049 0 0.928836
2.24919e-17 0.367321 0.930094
3.699e-17 0.604093 0.796914
0.289665 0.578946 0.762178
0.930818 0.365483 0
0.644304 0.568478 0.511571
0.722209 0.691675 0
0.827807 0.328418 0.454838
0.336605 0.878235 0.339706
0.619539 0.633156 0.463988
0.61463 0.33738 0.713025
1.17926e-17 0.192588 0.98128
0.49466 0 0.869086
0.507929 0.304212 0.805893
0.735394 0.603527 0.308143
0.303673 0 0.952776
0.894592 1.88764e-17 0.446884
0.800516 0.599312 0
0.900239 0.435395 0
0.235472 0.971881 0
0.547745 0 0.836645
0.836197 0.548429 0
0.688188 1.45211e-17 0.725532
0.522858 0.782569 0.337944
0.468877 0.738957 0.483836
0.973821 0 0.227317
0.58119 0.813768 0
0.528344 0.84903 0
5.53243e-17 0.903514 0.428558
0.682052 0.731304 0
5.70536e-17 0.931756 0.363084
0.297866 0.421611 0.856458
0.426264 0.544603 0.722292
0.569113 0.707088 0.419687
5.12608e-17 0.837152 0.546971
4.92947e-17 0.805043 0.593216
0.43547 0 0.900203
0.83165 0 0.5553
0.879966 0.284499 0.380421
0.270395 0.309073 0.91179
6.00761e-17 0.981116 0.193418
1.76295e-17 0.287911 0.957657
