0.864578 0.502499 0
0.407942 0.810098 0.421099
3.77802e-17 0.616997 0.786965
6.12323e-17 1 0
4.34982e-17 0.71038 0.703819
4.07333e-17 0.665226 0.746642
0.673734 0.60085 0.430188
0.95597 0 0.293463
0.41445 0.599178 0.684994
0.725263 0.302051 0.618675
0.64307 0.765807 0
0.427376 0.412252 0.804611
0.557871 0 0.829927
0.193566 1.5694e-17 0.981087
0.832257 0.554391 0
0.551588 0.834117 0
0.795667 0 0.605735
0.831187 0 0.555993
0.754249 0 0.656589
0.434591 0.900628 0
0.495275 0.868736 0
0.575251 0.652203 0.493676
0.279273 0.914881 0.291545
0.540356 0.715808 0.442305
0.980546 0 0.196287
5.44989e-18 6.09893e-17 1
6.00905e-17 0.981353 0.192217
5.29938e-17 0.865454 0.500988
0.598729 0.800952 0
1.42032e-17 0.231956 0.972726
5.06901e-17 0.827832 0.560976
1.95933e-17 0.319984 0.947423
0.289394 2.34637e-17 0.95721
0.327637 0.787725 0.521674
0.586889 0.751356 0.301705
2.80293e-17 0.457754 0.889079
0.303189 0.952931 0
0.950557 0.310551 0
0.790552 0.441404 0.424488
0.349094 0.68851 0.635679
0.502472 0 0.864593
0.332881 0.545957 0.768844
0.37243 0.92806 0
0.442316 3.58624e-17 0.896859
0.894762 0.446544 0
0.302318 0.469422 0.829606
0.597243 0.514302 0.615463
0.283241 0.383686 0.878954
5.51157e-17 0.900107 0.435669
3.49351e-17 0.570534 0.821274
0.340105 0.873774 0.347632
0.462324 0.493175 0.736909
0.658162 0 0.752876
0.675017 0.265425 0.688405
4.57754e-17 0.747569 0.664184
0.758174 0.555737 0.341069
0.518742 0.560275 0.645755
1 0 3.47985e-17
0.721036 0.501816 0.477795
0.507067 0.787351 0.350658
0.821223 0.311036 0.478382
0.283541 0.634918 0.718668
0.554759 0.442246 0.704741
0.639919 0.3964 0.658309
0.45364 0.846155 0.279701
5.86493e-17 0.957816 0.287382
0.974061 0.226287 0
0.41248 0.310344 0.856473
0.685188 0.728367 0
3.16559e-17 0.516979 0.855998
2.40484e-17 0.39274 0.919649
0.59627 0.305191 0.742509
0.857477 0.395735 0.328826
4.83183e-17 0.789098 0.614268
0.518097 0.334207 0.787325
0.707828 0 0.706385
0.711502 0.63558 0.299671
0.308093 0.268093 0.912801
5.69794e-17 0.930544 0.36618
0.448188 0.733872 0.510451
0.638318 0.686122 0.348979
0.819096 0.492556 0.29406
0.269575 0.845314 0.461275
0.762331 0.647187 0
0.898484 7.28479e-17 0.439007
0.221188 0.975231 0
0.724839 0.688918 0
0.486571 0.64522 0.589015
0.864412 0 0.502784
0.92402 0.382343 0
0.685426 0.448009 0.574002
0.609714 0 0.792622
0.911988 0.297951 0.281963
0.763314 0.357381 0.538173
0.797922 0.602761 0
0.626572 0.565918 0.535858
0.28542 0.754352 0.591176
0.876904 0.265854 0.400452
0.370953 0 0.928652
0.929649 0 0.368447
