0.425182 0.854853 0.297399
0.446712 2.63893e-17 0.894678
0.904105 0.42731 0
0.602521 0.330424 0.72649
0.356933 0.619043 0.699561
5.15019e-17 0.841091 0.540894
5.97272e-17 0.975419 0.220358
0.553359 0.468992 0.68836
0.5715 0 0.820602
5.69251e-17 0.929658 0.368423
2.33581e-17 0.381467 0.924383
4.72334e-17 0.77138 0.636375
5.3455e-17 0.872986 0.487746
0.278314 0.835373 0.474019
0.488752 0.872423 0
0.288403 0.571288 0.76841
0.312526 0.687856 0.65512
0.590584 0.806976 0
6.12323e-17 1 0
0.672399 3.97216e-17 0.740189
4.94131e-17 0.806977 0.590584
0.836981 0.266272 0.478081
0.914605 5.40298e-17 0.404348
0.643521 0.4147 0.643354
5.52715e-17 0.902652 0.43037
0.932195 0.361955 0
0.835337 0.549738 0
0.848986 0.44703 0.281758
5.83667e-17 0.953201 0.302338
0.720832 4.25827e-17 0.69311
0.957564 0.288219 0
0.871146 0.491025 0
3.7072e-17 0.605431 0.795898
0.788682 0.506477 0.348514
0.199278 0 0.979943
0.512004 4.19459e-17 0.858983
0.626617 3.7017e-17 0.779327
0.293019 0.877748 0.379077
0.945353 5.58462e-17 0.326049
0.3095 0.41508 0.855522
0.396289 0.271129 0.877179
0.574338 0.760422 0.303141
0.648292 0.63059 0.426701
3.39803e-20 6.12323e-17 1
0.885448 5.23073e-17 0.464739
0.355595 0.479696 0.80215
0.981254 0.19272 0
4.00955e-17 0.654809 0.755794
0.533376 0.684095 0.497518
0.783651 0.296688 0.545771
1.38642e-17 0.22642 0.97403
0.459246 0.650973 0.604423
0.446237 0.341419 0.827228
0.283048 0.298786 0.911378
0.800937 0.598749 0
0.686431 0.278215 0.671869
0.313926 0.78187 0.538637
0.581632 0.609103 0.539164
0.816362 0.394158 0.422128
0.190327 0.981721 0
0.848255 6.94933e-17 0.529588
0.606307 0.528275 0.594405
0.679978 0.484158 0.550655
0.284603 0.958646 0
0.381531 0.724036 0.574636
0.722616 0.69125 0
0.635778 0.771872 0
0.764289 0.644874 0
0.436206 0.526439 0.729785
0.74535 0.586707 0.316588
0.503466 0.572093 0.647481
0.362386 0.932028 0
0.374384 3.06714e-17 0.927274
3.38439e-17 0.552714 0.833371
0.494093 0.417439 0.762638
0.692456 0.661622 0.287681
0.807924 4.77276e-17 0.589287
0.541394 0.277266 0.793736
4.26163e-17 0.695977 0.718064
0.723705 0.346855 0.596608
0.470017 0.749207 0.466662
2.72601e-17 0.445191 0.895436
0.430683 0.902503 0
0.972361 0 0.233484
0.609099 0.705777 0.361769
0.54244 0.840095 0
0.753652 0.439192 0.488997
0.765909 4.52456e-17 0.642949
0.921696 0.267861 0.280583
4.49901e-17 0.734745 0.678344
0.501482 0.794734 0.341926
0.308149 0.912476 0.269133
0.704351 0.54761 0.451678
0.39838 0.812827 0.424978
3.068e-17 0.501042 0.865423
0.297845 0 0.954614
0.877962 0.324667 0.351815
1.8993e-17 0.310179 0.950678
1 5.90744e-17 0
0.678398 0.734695 0
