0.544714 0.544714 0.63763
0.145242 0.145242 0.978678
0.667823 0.667823 0.328672
0.264231 0.264231 0.927558
0.365453 0.365453 0.856089
0.618781 0.618781 0.483964
0.692595 0.692595 0.201552
0.120705 0.120705 0.985323
0.478961 0.478961 0.735658
0.698385 0.698385 0.156581
0.603819 0.603819 0.52039
0.515666 0.515666 0.684234
0.281145 0.281145 0.917559
0.503631 0.503631 0.701935
0.21887 0.21887 0.95089
0.550349 0.550349 0.62788
0.38655 0.38655 0.837352
0.351061 0.351061 0.868051
0.358293 0.358293 0.862121
0.0610319 0.0610319 0.996268
0.156772 0.156772 0.975113
0.133253 0.133253 0.982083
0.45352 0.45352 0.767229
0.689449 0.689449 0.22208
0.598726 0.598726 0.532029
0.420626 0.420626 0.803833
0.705443 0.705443 0.0685653
0.0405987 0.0405987 0.99835
0.633137 0.633137 0.445281
0.686149 0.686149 0.241658
0.539024 0.539024 0.64723
0.413937 0.413937 0.810748
0.400337 0.400337 0.824294
0.593553 0.593553 0.543497
0.491403 0.491403 0.719059
0.679183 0.679183 0.278244
0.642346 0.642346 0.418072
0.167906 0.167906 0.971399
0.246623 0.246623 0.937205
0.707107 0.707107 1.08996e-17
0.703362 0.703362 0.10278
0.472664 0.472664 0.743759
0.4405 0.4405 0.782253
0.178685 0.178685 0.967545
0.336281 0.336281 0.879677
0.237565 0.237565 0.941874
0.527462 0.527462 0.666009
0.655507 0.655507 0.374993
0.433924 0.433924 0.78957
0.427295 0.427295 0.796767
0.297487 0.297487 0.907195
0.485207 0.485207 0.727426
0.566944 0.566944 0.597619
0.343728 0.343728 0.873901
4.32978e-17 4.32978e-17 1
0.646818 0.646818 0.404046
0.63778 0.63778 0.431825
0.313357 0.313357 0.896446
0.608871 0.608871 0.50848
0.0933959 0.0933959 0.991239
0.583064 0.583064 0.565749
0.700992 0.700992 0.131225
0.39348 0.39348 0.830871
0.68273 0.68273 0.260308
0.189147 0.189147 0.96356
0.651209 0.651209 0.389682
0.628415 0.628415 0.458465
0.623625 0.623625 0.471364
0.533274 0.533274 0.656687
0.561457 0.561457 0.607891
0.289375 0.289375 0.912428
0.675506 0.675506 0.295605
0.0781088 0.0781088 0.99388
0.613853 0.613853 0.496357
0.228306 0.228306 0.946442
0.447041 0.447041 0.774796
0.10749 0.10749 0.988378
0.55593 0.55593 0.617968
0.466345 0.466345 0.751695
0.49755 0.49755 0.710555
0.255499 0.255499 0.932438
0.37958 0.37958 0.843705
0.305481 0.305481 0.901866
0.209203 0.209203 0.955232
0.588332 0.588332 0.554736
0.659709 0.659709 0.359955
0.695581 0.695581 0.179814
0.328739 0.328739 0.885359
0.199306 0.199306 0.959455
0.459959 0.459959 0.759523
0.372559 0.372559 0.849941
0.572387 0.572387 0.587151
0.671717 0.671717 0.312398
0.407164 0.407164 0.817578
0.663808 0.663808 0.344556
0.577755 0.577755 0.576541
0.321097 0.321097 0.890951
0.272769 0.272769 0.922602
0.509675 0.509675 0.693155
0.521598 0.521598 0.675182
