0.833352 0.613055
0.438433 0.937064
1.02307 0.15377
1.0265 0.128914
6.33485e-17 1.03456
0.220283 1.01083
0.638314 0.814166
0.983245 0.321778
0.978083 0.337142
0.988271 0.305994
0.545548 0.879027
0.556438 0.872175
1.01135 0.217923
0.933006 0.447003
0.292678 0.992296
0.961961 0.380715
0.200078 1.01503
0.755339 0.706948
0.888807 0.529466
0.972807 0.352076
0.803407 0.651805
0.694512 0.766789
0.895379 0.518274
0.70351 0.758542
0.847748 0.592988
0.938987 0.434298
0.840606 0.603071
0.523219 0.892499
0.9208 0.471634
0.875453 0.551265
0.412051 0.948961
0.102118 1.02951
0.901877 0.506882
0.77179 0.68895
0.628562 0.821719
0.608666 0.836563
0.588192 0.851083
0.882178 0.540438
0.355539 0.971547
0.068112 1.03231
0.993181 0.289659
0.398336 0.954799
1.01546 0.197871
0.676206 0.78298
0.618686 0.82918
1.03237 0.0673127
0.868653 0.56192
1.02962 0.100934
0.914568 0.483608
0.598508 0.84386
0.826009 0.622913
0.463784 0.924779
0.309115 0.987299
1.03456 2.25525e-17
0.155527 1.0228
1.01937 0.1766
0.712405 0.750193
0.275625 0.997167
0.534496 0.885791
0.787806 0.670577
1.00705 0.237007
0.956392 0.394495
0.488138 0.912158
0.370158 0.966072
0.908248 0.495376
0.795669 0.661229
0.130398 1.02631
0.325044 0.98217
0.818573 0.632654
0.738489 0.724531
0.577762 0.858197
0.811041 0.64228
0.567176 0.86523
0.340503 0.976918
0.685412 0.774934
0.763615 0.698
0.384449 0.960474
0.511725 0.899138
0.967442 0.366563
0.425345 0.943077
0.854807 0.582766
0.746964 0.715791
0.950678 0.408072
1.00258 0.25524
0.92693 0.45947
0.861771 0.572418
0.239512 1.00645
0.657479 0.79877
0.666891 0.790929
0.647956 0.806514
0.451238 0.930965
0.500036 0.905691
0.729898 0.733185
0.997949 0.272782
0.721204 0.741739
0.779846 0.679817
0.257944 1.00189
0.476021 0.91854
0.944875 0.421334
0.178587 1.01903
