2.12693e-17 0.347355 0.937734
4.72925e-17 0.772345 0.635204
4.23574e-17 0.691749 0.722138
0.315189 0 0.949029
0.745586 0.4508 0.490796
5.13278e-17 0.838247 0.54529
0.847708 0.440585 0.295424
0.437626 0.854734 0.279131
0.297792 0.954631 7.51405e-17
0.21733 0.976098 8.28517e-19
0.789197 0.504648 0.349999
5.53374e-17 0.903728 0.428107
0.301164 0.287841 0.909092
0.290984 0.706601 0.645014
0.490265 0.334101 0.804995
0.829519 0 0.558478
0.727962 0.685618 0
0.752831 0 0.658214
1 2.17389e-17 0
0.838564 0.544803 8.28517e-19
0.895501 0 0.44506
0.726777 0.280203 0.627122
0.650396 0.51316 0.560046
0.322811 0.758169 0.566545
2.85834e-17 0.466802 0.884362
3.99612e-17 0.652615 0.75769
5.34089e-17 0.872233 0.48909
0.711127 0.551354 0.436242
0.426612 0.904435 7.57541e-17
0.692927 0.407476 0.594824
0.290846 0.402761 0.867867
0.414179 0.315548 0.853748
0.380951 0.789819 0.48069
0.628398 0.59606 0.499828
0.819438 0.365317 0.441661
0.519414 0.748008 0.41315
0.429113 0.669165 0.606696
0.311811 0.492052 0.812809
0.595626 0.803262 8.28517e-19
0.453117 0 0.891451
0.87171 0.490021 8.28517e-19
0.862901 0 0.505372
6.01283e-17 0.98197 0.189037
0.365668 0.930745 8.28517e-19
0.97994 0 0.199291
0.781277 0.316004 0.538282
0.227676 0 0.973737
0.676802 0.643749 0.357108
0.27625 0.916851 0.288219
5.71259e-17 0.932937 0.36004
0.466586 0.81006 0.355105
0.709039 1.54137e-17 0.705169
0.510123 0 0.860102
0.975403 0.220429 8.28517e-19
0.563007 0 0.826452
0.666961 0 0.745092
0.902586 0.43051 8.28517e-19
0.628241 0.711996 0.313648
0.54532 0.625061 0.558502
0.745354 0.599088 0.292474
0.687507 0.726178 0
0.585442 0.280148 0.760772
0.336384 0.875295 0.347425
0.487243 0.873266 0
0.953795 0.300457 0
0.563737 0.776952 0.28026
0.469177 0.714426 0.519103
0.54308 0.839681 0
0.79385 0 0.608114
2.50945e-17 0.409824 0.912165
3.96178e-17 4.66887e-17 1
3.18056e-17 0.519425 0.854516
0.291347 0.844794 0.448821
1.69828e-17 0.277351 0.960769
0.873339 0.31334 0.372957
0.929398 0.36908 8.28517e-19
0.80735 0.590072 0
5.87318e-17 0.959163 0.282853
3.7431e-17 0.611294 0.791404
0.593618 0.469311 0.653731
0.328055 0.575012 0.749494
0.926583 0 0.37609
0.768897 0.639373 8.28517e-19
0.363992 0.629856 0.686142
1.13539e-17 0.185423 0.982659
0.42972 0.455349 0.779742
0.468973 0.526868 0.708854
0.914733 0.283502 0.287906
6.12323e-17 1 7.51405e-17
0.515864 0.574529 0.635453
0.644703 0.764433 0
4.49013e-17 0.733295 0.679911
0.388131 0 0.921604
4.93695e-17 0.806266 0.591554
0.541723 0.413694 0.731706
3.47033e-17 0.566747 0.823892
0.954567 0 0.297995
0.645576 0.333395 0.687081
0.582335 0.677261 0.449671
0.616821 0 0.787103
