0.557598 0.282497 0.780564
5.97028e-17 0.975021 0.222111
0.975735 0.218953 0
0.908941 0.277037 0.311572
0.527561 0.626585 0.573647
3.41869e-17 0.558315 0.829629
4.61851e-17 0.754259 0.656577
0.589929 0 0.807455
0.285629 0.57493 0.766728
0.740316 0.672259 0
5.82801e-17 0.951786 0.306762
0.547416 0.780001 0.303207
0.821275 0.445001 0.357045
0.750601 0.30431 0.58651
6.03874e-19 6.12294e-17 1
1.91069e-17 0.312039 0.950069
5.50323e-17 0.898745 0.438472
0.38378 0.308501 0.870368
0.294252 0.845868 0.444886
0.868279 0 0.496076
0.677417 0.360816 0.641029
0.753373 0.48322 0.446014
0.189376 0 0.981905
0.763651 0 0.645629
4.35223e-17 0.710773 0.703421
0.506158 0.416389 0.755264
0.558864 0.671626 0.486406
0.465728 0.884928 0
3.75538e-17 0.613299 0.789851
4.06878e-17 0.664482 0.747304
0.704093 0.571135 0.421968
1.3855e-17 0.22627 0.974065
0.447165 0.715608 0.536608
0.723068 0.433647 0.537701
0.733001 0.614782 0.291123
0.482831 0 0.875714
0.518127 0.855304 0
0.724677 0 0.689088
0.659037 0.497842 0.563758
0.363241 0.480784 0.798062
1 0 0
0.878504 0.477735 0
5.30272e-17 0.865999 0.500045
0.636924 0.61014 0.471229
0.379762 0.869534 0.31574
0.778955 0.62708 0
0.29351 0.909781 0.293515
0.848977 0.528429 0
3.09333e-17 0.505179 0.863014
0.291765 0.285607 0.912854
0.656622 0.75422 0
0.815292 0.57905 0
0.957105 0 0.28974
2.34924e-17 0.383659 0.923475
0.30263 0.755765 0.580719
0.852441 0.30471 0.424849
0.899281 0 0.437372
0.87092 0.394528 0.292994
0.496311 0.751719 0.434274
0.48482 0.573849 0.660036
0.613212 0.789918 0
0.535797 0 0.844347
0.683789 0 0.72968
0.83499 0 0.550265
0.343537 0.622131 0.703516
0.276045 0.961145 0
0.35886 0 0.933391
0.622762 0.321851 0.713148
0.438188 0.524635 0.729897
0.307987 0.42676 0.850306
0.408811 0.912619 0
0.458572 0.341263 0.820519
0.567183 0.823592 0
0.78417 0.539041 0.307427
4.85992e-17 0.793684 0.60833
0.640445 0 0.768004
0.669961 0.671184 0.317276
0.44856 0.81944 0.356808
0.567194 0.460087 0.683089
0.411923 0.666292 0.62159
0.699362 0.714768 0
0.346385 0.938093 0
0.362 0.791497 0.492431
0.601537 0.714216 0.357839
5.67337e-17 0.926532 0.376215
0.284937 0.694321 0.660855
6.12323e-17 1 0
2.74189e-17 0.447785 0.894141
0.589488 0.534001 0.606091
0.981046 0 0.193777
0.954217 0.299116 0
0.283185 0 0.959065
0.906068 0.423132 0
0.184521 0.982829 0
5.08645e-17 0.83068 0.55675
0.800391 0 0.599479
0.797492 0.346199 0.494117
0.425532 0 0.904943
0.931578 0.363541 0
0.929724 0 0.368258
