0.858936 0.409498 0.307473
0.514099 0.279584 0.810886
5.54827e-17 0.906102 0.42306
0.682451 0.347568 0.643006
0.418412 0.514968 0.748157
0.394668 0.876397 0.275982
0.627088 0.778949 0
4.52071e-17 0.738288 0.674486
0.384051 0.923312 0
0.503843 0.564562 0.653767
0.302989 0.858388 0.413965
0.640352 0.278533 0.715799
0.790422 0 0.612563
5.87651e-17 0.959707 0.281004
0.285407 0.757907 0.586617
0.601474 0.42693 0.675248
0.781093 0.371737 0.501702
0.707947 0.4456 0.547953
0.871085 0.491132 0
2.65472e-17 0.433548 0.90113
0.459478 0.409078 0.788375
0.66886 0.55832 0.49082
0.62488 0.501412 0.598424
0.75838 0.651812 0
0.624968 0.647744 0.43571
5.18452e-17 0.846696 0.532077
6.12323e-17 1 0
0.901399 0.43299 0
0.342085 0.802203 0.489335
0.744818 0.505596 0.435453
0.509181 0 0.860659
0.913105 0.303458 0.27231
5.37288e-17 0.877457 0.479655
0.83851 0.544886 9.64439e-19
0.712081 0.609703 0.348143
0.66709 0 0.744977
0.369562 0.600914 0.708749
6.12323e-17 0 1
0.776423 0.561415 0.286324
0.753357 0 0.657612
0.523791 0.47092 0.709843
3.3344e-17 0.544548 0.83873
0.67358 0.739115 0
3.66039e-17 0.597787 0.801655
0.469473 0.647558 0.60022
0.395168 0 0.918609
0.714154 0 0.699988
0.284857 0.559433 0.77839
0.350212 0.692011 0.631247
4.99809e-17 0.81625 0.577699
0.295607 0.368248 0.881482
0.71728 0.696786 0
0.958416 0.285375 0
0.799808 0.600256 0
0.413466 0.309486 0.856309
2.24652e-17 0.366884 0.930267
0.318858 0 0.947803
0.283442 0.664684 0.691271
0.422669 0.729116 0.538276
0.859792 0 0.510644
0.833348 0.313844 0.455009
0.950514 0 0.310682
0.438651 0.827822 0.349709
3.9632e-17 0.64724 0.762286
0.513972 0.857807 0
0.924911 0 0.380183
0.825452 0 0.564473
0.87968 0.270673 0.391024
0.931428 0.363926 0
0.454484 0 0.890755
3.01992e-17 0.493191 0.869921
1.19383e-17 0.194968 0.98081
0.564936 0 0.825135
0.893706 0 0.448654
0.329893 0.459467 0.824658
4.76668e-17 0.778457 0.627698
6.01418e-17 0.98219 0.187889
1 0 0
0.575855 0.601915 0.553253
0.536236 0.7961 0.280491
0.452125 0.891955 0
4.25106e-17 0.694252 0.719732
0.277832 0.912389 0.300591
0.564842 0.336266 0.753577
0.480764 0.765146 0.428273
0.572704 0.819762 0
0.533388 0.690428 0.488678
0.313239 0.949674 0
0.809416 0.463482 0.360597
1.78449e-17 0.29143 0.956592
0.616868 0 0.787066
0.586338 0.73285 0.345166
0.274247 0.265164 0.924379
0.228827 0 0.973467
0.663202 0.684897 0.301794
0.746867 0.306027 0.59037
5.72124e-17 0.934349 0.356359
0.226685 0.973968 0
0.981617 0.190861 0
0.974207 0 0.225658
