0.769819 0.54872 0.326014
0.371027 0 0.928622
0.954619 0.29783 2.72891e-17
4.02804e-17 0.657828 0.753168
0.563169 0 0.826341
0.804319 0.440389 0.398909
0.748262 0.472419 0.465751
0.281317 0.710268 0.645275
0.397054 0.267045 0.878086
0.979949 0.199248 2.72891e-17
0.495001 0.799589 0.340046
0.50792 0 0.861404
0.921352 0.269051 0.280574
5.99545e-17 0.979131 0.203228
0.712157 0.409597 0.570143
0.896493 0.443059 2.72891e-17
0.880499 0 0.474048
0.544114 0.720911 0.429218
0.606764 0.339175 0.718887
0.559317 0.828954 2.72891e-17
0.823215 0.56773 0
0.692316 0.602236 0.397505
6.12323e-17 1 0
0.68058 0.275601 0.678863
2.3189e-17 0.378705 0.925517
1 0 6.94473e-17
0.844291 0 0.535885
0.587501 0.751385 0.300438
0.430402 0.770524 0.470156
0.570091 0.643225 0.511135
0.441442 0.537317 0.718623
0.927062 0.374909 2.72891e-17
0.197553 0 0.980292
0.457524 0.331076 0.825264
0.344538 0.834438 0.430125
0.552914 0.482835 0.679085
0.282117 0.29701 0.912247
0.614654 0 0.788797
0.480992 0.696146 0.532942
0.913788 0 0.406191
5.83402e-17 0.952768 0.303698
0.713176 0 0.700985
3.73386e-17 0.609786 0.792566
5.65302e-17 0.923209 0.384299
0.639634 0.686096 0.346612
0.69833 0.715776 0
0.507913 0.861408 2.72891e-17
0.427993 0.665879 0.611087
2.70848e-17 0.442329 0.896853
1.88349e-17 0.307597 0.951517
0.682234 0.510903 0.523005
0.640748 0.433068 0.633951
0.319572 0.405881 0.856232
0.944796 0 0.327659
1.37533e-17 0.224609 0.974449
0.342809 0.634478 0.692762
0.786956 0.617009 2.72891e-17
0.662759 0 0.748833
0.803745 0 0.594974
0.398995 0.464684 0.790488
0.343556 0.745054 0.57172
0.647467 0.58885 0.483778
0.719866 0.63926 0.270444
0.730199 0.302459 0.61264
0.815814 0.335862 0.470792
5.5537e-17 2.57884e-17 1
4.55212e-17 0.743418 0.668827
0.760236 0 0.649647
3.04714e-17 0.497636 0.867386
5.28414e-17 0.862966 0.505262
0.78586 0.280454 0.551153
4.80887e-17 0.785348 0.619055
0.496702 0.58992 0.636617
0.268438 0.513008 0.81533
5.05469e-17 0.825494 0.56441
0.392168 0.919894 0
0.305043 0.886021 0.349164
0.426089 0.854449 0.297264
0.304869 0.57618 0.758335
0.442987 0 0.896528
3.40283e-17 0.555725 0.831366
0.877261 0.363925 0.313004
0.278383 0.803515 0.52618
0.225868 0.974158 2.72891e-17
0.972041 0 0.234811
4.27792e-17 0.698638 0.715475
0.861304 0.508089 0
0.608558 0.79351 0
0.549725 0.293904 0.781935
0.505609 0.422028 0.752497
0.654808 0.755796 0
0.744125 0.66804 2.72891e-17
0.261078 0.930589 0.256598
0.452493 0.891768 2.72891e-17
0.2951 0 0.955466
0.595912 0.546694 0.58823
5.47596e-17 0.894292 0.447483
0.837185 0.475173 0.2708
0.86227 0.276363 0.424399
0.315969 0.948769 2.72891e-17
