0.224876 0.224876 0.948083
0.584157 0.584157 0.56349
0.271289 0.271289 0.923474
0.534399 0.534399 0.654855
0.668689 0.668689 0.325132
0.641037 0.641037 0.42207
0.368049 0.368049 0.853861
0.573604 0.573604 0.58477
0.685561 0.685561 0.244976
0.703804 0.703804 0.0965437
0.604397 0.604397 0.519045
4.32978e-17 4.32978e-17 1
0.594414 0.594414 0.541612
0.262368 0.262368 0.928615
0.516549 0.516549 0.682901
0.688604 0.688604 0.227263
0.161329 0.161329 0.973625
0.672274 0.672274 0.309992
0.578915 0.578915 0.574209
0.665025 0.665025 0.339827
0.375484 0.375484 0.847362
0.545975 0.545975 0.63547
0.465966 0.465966 0.752164
0.124326 0.124326 0.984422
0.705639 0.705639 0.0643901
0.337559 0.337559 0.878696
0.599442 0.599442 0.530414
0.649373 0.649373 0.395765
0.345311 0.345311 0.872651
0.31365 0.31365 0.896241
0.397321 0.397321 0.827207
0.504308 0.504308 0.700961
0.522576 0.522576 0.673667
0.234532 0.234532 0.943393
0.657372 0.657372 0.368409
0.0962118 0.0962118 0.9907
0.707107 0.707107 5.99477e-17
0.214997 0.214997 0.952655
0.661235 0.661235 0.354313
0.540228 0.540228 0.645218
0.297127 0.297127 0.907431
0.636752 0.636752 0.434849
0.30545 0.30545 0.901887
0.551637 0.551637 0.625614
0.675762 0.675762 0.294435
0.352971 0.352971 0.8665
0.623354 0.623354 0.47208
0.439218 0.439218 0.783693
0.149514 0.149514 0.97739
0.682407 0.682407 0.261993
0.425511 0.425511 0.798674
0.137205 0.137205 0.980994
0.382826 0.382826 0.840766
0.589323 0.589323 0.552626
0.699404 0.699404 0.147202
0.691519 0.691519 0.208813
0.253256 0.253256 0.933661
0.627934 0.627934 0.45978
0.478995 0.478995 0.735614
0.498075 0.498075 0.709819
0.694303 0.694303 0.189438
0.528527 0.528527 0.664318
0.329703 0.329703 0.884642
0.472514 0.472514 0.74395
0.696931 0.696931 0.169042
0.404468 0.404468 0.820251
0.432398 0.432398 0.791242
0.632383 0.632383 0.447419
0.418561 0.418561 0.805986
0.618731 0.618731 0.48409
0.0628663 0.0628663 0.99604
0.653409 0.653409 0.382247
0.701708 0.701708 0.123339
0.491776 0.491776 0.71855
0.510454 0.510454 0.692006
0.679136 0.679136 0.278475
0.19446 0.19446 0.961442
0.64524 0.64524 0.409059
0.0804736 0.0804736 0.993503
0.0418381 0.0418381 0.998248
0.485416 0.485416 0.727146
0.568228 0.568228 0.595175
0.56278 0.56278 0.605439
0.11073 0.11073 0.987663
0.172713 0.172713 0.969711
0.280063 0.280063 0.918221
0.445981 0.445981 0.776016
0.609247 0.609247 0.50758
0.183735 0.183735 0.965652
0.411539 0.411539 0.813186
0.459362 0.459362 0.760245
0.614027 0.614027 0.495924
0.204867 0.204867 0.95711
0.452702 0.452702 0.768194
0.243988 0.243988 0.938584
0.288642 0.288642 0.912892
0.390116 0.390116 0.834038
0.360552 0.360552 0.860236
0.557239 0.557239 0.615604
0.321728 0.321728 0.890495
