0 4
0.702349 3.06588
0.718124 2.9471
0.184509 3.63358
0.0494277 3.92837
0.84117 2.31995
0.139026 3.72664
0.859346 2.307
0.759776 2.65583
0.743432 2.76441
0.72127 2.92372
0.0845467 3.85499
0.689574 3.16271
0.708673 3.01804
0.64953 3.45492
0.79219 2.47443
0.0732008 3.88021
0.800285 2.43794
0.635288 3.54986
0.106581 3.80347
0.66661 3.33374
0.251167 3.5732
0.659862 3.38242
0.0956489 3.82934
0.218971 3.58813
0.796183 2.45594
0.227551 3.58134
0.686364 3.18695
0.112009 3.79052
0.848864 2.31135
0.746647 2.74234
0.69278 3.13844
0.763161 2.63458
0.166759 3.66648
0.683106 3.21148
0.756439 2.67723
0.766582 2.6136
0.695979 3.11418
0.749882 2.72046
0.0789089 3.86767
0.178473 3.64416
0.77715 2.55213
0.0674177 3.89257
0.144478 3.71419
0.780792 2.53221
0.0555452 3.91669
0.663258 3.35805
0.0431695 3.93975
0.642487 3.50266
0.0300776 3.96151
0.172547 3.65517
0.808908 2.40352
0.0231512 3.97184
0.155468 3.68993
0.714974 2.97064
0.122822 3.76469
0.733881 2.83169
0.753147 2.69874
0.128208 3.75191
0.740233 2.78668
0.197246 3.61364
0.737048 2.80912
0.656454 3.40663
0.773563 2.5724
0.149957 3.70194
0.133601 3.73923
0.676574 3.26034
0.0158908 3.98174
0.10113 3.81643
0.730715 2.8545
0.77005 2.59285
0.00821924 3.99114
0.83462 2.33082
0.211236 3.59589
0.0615329 3.90475
0.0901265 3.8422
0.699179 3.08992
0.818281 2.37166
0.190763 3.62337
0.11742 3.77758
0.204046 3.60444
0.0367284 3.95081
0.705518 3.04188
0.711827 2.99427
0.653007 3.43083
0.823352 2.35694
0.646027 3.47885
0.7845 2.51263
0.788293 2.49338
0.727562 2.87742
0.673277 3.28481
0.828755 2.34326
0.813475 2.38726
0.679843 3.23594
0.669936 3.30942
0.804529 2.42041
0.237591 3.57595
0.724424 2.90043
0.161064 3.6781
0.638912 3.52631
