0.974858 0.222826
0.362711 0.931902
0.904322 0.426851
0.879684 0.475559
0.497335 0.867558
0.486208 0.873843
0.51901 0.854768
0.618815 0.785537
0.0632395 0.997998
0.952738 0.303792
0.77291 0.634515
0.708051 0.706162
0.818 0.575218
0.932509 0.361146
0.121186 0.99263
0.892242 0.451558
0.529587 0.848256
0.966459 0.256819
0.389478 0.921036
0.942876 0.333143
0.982579 0.185847
0.978809 0.204774
0.320152 0.947366
0.305275 0.952264
0.540014 0.841656
0.673516 0.739173
0.992651 0.12101
0.859993 0.510306
0.439717 0.898136
0.186424 0.982469
0.223779 0.97464
0.910203 0.414162
0.716455 0.697633
0.803281 0.595601
0.655696 0.755025
0.780612 0.625016
0.451675 0.892182
0.986156 0.165817
0.85322 0.521552
0.825224 0.564805
0.427518 0.904007
0.289987 0.957031
0.690976 0.722878
0.580339 0.814375
0.846364 0.532606
0.570444 0.821337
0.788258 0.615345
0.376258 0.926515
6.12323e-17 1
0.989522 0.144379
0.402444 0.915445
0.550295 0.834971
0.81068 0.58549
0.74923 0.66231
0.957451 0.288595
0.72476 0.689001
0.873237 0.487296
0.832354 0.554245
0.646631 0.762803
0.970736 0.240147
0.998001 0.0631975
0.609369 0.792887
0.463404 0.886147
0.765109 0.643901
0.590113 0.807321
0.274226 0.961665
0.664655 0.747151
0.0948754 0.995489
0.415104 0.909774
0.241173 0.970482
0.166276 0.986079
0.682313 0.73106
0.732995 0.680234
0.866673 0.498877
0.937752 0.347306
1 0
0.474912 0.880033
0.927124 0.374754
0.795818 0.605536
0.637456 0.770487
0.995499 0.0947674
0.947878 0.318632
0.348853 0.937178
0.205551 0.978646
0.258017 0.96614
0.886022 0.463644
0.599802 0.800148
0.757218 0.653162
0.839412 0.543495
0.628192 0.778058
0.741167 0.671321
0.508271 0.861197
0.921593 0.388157
0.334675 0.942333
0.96202 0.272979
0.915974 0.401238
0.898339 0.439304
0.560431 0.828201
0.699563 0.714571
0.144667 0.98948
