0.858009 0.720867 3.23379
0.736565 0.786675 3.31404
0.851754 0.799237 2.75173
0.08846 0.856655 4.15334
0.685546 0 5.19312
0.721163 0.854389 3.2325
0.229096 0.711705 4.57552
0.229444 0.147377 5.28779
0.662963 0.853516 3.66854
0.85867 0.178582 3.95099
0.692496 0.847927 3.45274
0.857744 0.647592 3.77532
0.794947 0.214456 4.05404
0.818673 0.858481 2.67749
0.790216 0.779648 3.02231
0.714846 0.24027 4.54659
0.799361 0.854433 2.74988
0.85797 0.0695896 4.19506
0.855704 0.765597 2.92713
0.77948 0.729797 3.40046
0.84923 0.0977434 4.13547
0.85847 0.818304 2.67863
0.655888 0.213482 5.00411
0 0.857677 4.30712
0.236149 0.656269 4.98449
0.706479 0.85799 3.34169
0.842358 0.842034 2.63709
0 0.121104 5.76879
0.856378 0.662927 3.6678
0.695694 0.229193 4.69662
0.771031 0.241724 4.16163
0.145768 0.207663 5.31127
0.240576 0.751445 4.28491
0.0368212 0.246173 5.52425
0.706338 0.707786 4.06042
0.248901 0.248893 5.14657
0.111135 0.244905 5.36642
0 0.799174 4.44271
0 0.717082 4.95487
0.0627056 0.858729 4.20938
0.647583 0.857799 3.77537
0.858578 0.123189 4.07085
0.18657 0.678414 4.87676
0.759673 0 4.65648
0 0.684837 5.19846
0.750895 0.858078 3.02076
0.76645 0.848077 2.92642
0.117909 0.787681 4.27285
0.675104 0.239305 4.84658
0.84913 0.73564 3.13026
0.801125 0 4.43438
0.235922 3.94899e-17 5.57665
0.734977 0.191141 4.44664
0.722248 0 4.91648
0.226144 0.73169 4.42978
0.847073 0.677841 3.56385
0.159483 0.858705 3.98842
0.749317 0.234671 4.30149
0.204676 0.0887332 5.44905
0.858219 0.781767 2.83405
0.23965 0.691599 4.72257
0.677766 0.858003 3.55855
0.735853 0.856626 3.12492
0.155972 0 5.68885
0.700106 0.765495 3.7031
0.21495 0.851281 3.90156
0.854597 0.706379 3.34328
0.0770327 0.234387 5.44919
0.78191 0.858215 2.83329
0.852247 0.210608 3.9056
0.244784 0.11196 5.36447
0.759594 0.696586 3.76657
0 0.215725 5.5912
0.171488 0.245047 5.23098
0.817742 0.243222 3.94749
0.23195 0.793107 4.04874
0.85532 0 4.30766
0 0.755931 4.68052
0.245397 0.181464 5.21255
0.858731 0.0384434 4.25495
0.859078 0.24922 3.88027
0.0352332 0.852508 4.26215
0.213667 0.225178 5.17631
0.112777 0.858668 4.09571
0.703539 0.128049 4.80916
0.245619 0.0489983 5.50285
0.211011 0.773288 4.17012
0.85808 0.750088 3.02615
0.855978 0.150345 4.00855
0.859108 0.859108 2.61402
0.243677 0.818094 3.9463
0.1292 0.735681 4.56841
0.249584 0.85913 3.88025
0.105977 0.136102 5.53832
0.185488 0.858076 3.93901
0.0887931 0 5.84527
0.783093 0.126698 4.27546
0.136802 0.848645 4.04331
0.857989 0.691816 3.45282
0 0 6
