0.366736 1.02589
0.479638 0.978207
0.529715 0.952021
0.683679 0.848248
0.652854 0.872194
1.07305 0.188417
0.265292 1.05667
0.967001 0.501846
0.751794 0.78851
0.973595 0.488932
0.932545 0.563295
0.133694 1.08123
0.246245 1.06128
0.517517 0.958706
0.814809 0.723206
0.396828 1.01463
0.62098 0.895168
0.0697917 1.08723
0.98653 0.462277
0.918107 0.586533
0.770326 0.770414
0.895744 0.620149
1.08413 0.107731
1.08074 0.137598
0.492473 0.971808
1.07703 0.164162
1.04993 0.290855
0.703671 0.831738
0.953488 0.527068
0.104659 1.08443
0.8881 0.631046
1.03952 0.32609
0.334916 1.03671
6.67107e-17 1.08947
0.903295 0.609098
0.806131 0.732867
0.980124 0.475708
1.01119 0.405511
0.992852 0.448537
0.599117 0.909945
0.910749 0.597893
1.05971 0.25288
0.505091 0.965311
1.01707 0.390517
1.02854 0.359234
0.797345 0.742416
0.642347 0.879961
0.183256 1.07395
0.541713 0.945245
0.946592 0.539356
0.788448 0.751858
0.205415 1.06993
1.08947 0
0.779436 0.761197
1.0448 0.308756
0.226338 1.0657
1.0871 0.0718421
1.0341 0.342886
0.856555 0.673242
0.761115 0.779516
0.713514 0.82331
0.587966 0.91719
0.439505 0.996883
0.381964 1.02032
1.0052 0.42013
0.15953 1.07773
1.0549 0.272246
0.732851 0.806146
0.72324 0.81478
0.565183 0.931402
0.4532 0.990732
0.864586 0.662897
0.848416 0.68347
0.693729 0.840049
0.823373 0.71344
0.939611 0.551427
0.411338 1.00883
0.872523 0.652414
0.999079 0.43449
0.351036 1.03137
1.06437 0.232521
0.610113 0.902609
1.06882 0.211118
0.663252 0.864313
0.553539 0.938368
0.283624 1.0519
0.318369 1.04191
0.880358 0.641802
0.925368 0.575009
0.42559 1.0029
0.673518 0.856338
0.742373 0.797386
0.46656 0.984512
0.960289 0.514573
0.831825 0.703569
0.631721 0.88762
0.3013 1.04698
0.840175 0.693576
0.576664 0.924337
1.02287 0.375069
