0.22204 0.22204 0.949419
0.682544 0.682544 0.26128
0.700881 0.700881 0.132403
0.491114 0.491114 0.719454
0.509687 0.509687 0.693136
0.257676 0.257676 0.931239
0.163034 0.163034 0.973057
4.32978e-17 4.32978e-17 1
0.685953 0.685953 0.242768
0.515783 0.515783 0.684058
0.346345 0.346345 0.871831
0.478479 0.478479 0.736285
0.231158 0.231158 0.945057
0.0760246 0.0760246 0.994203
0.12949 0.12949 0.983089
0.600157 0.600157 0.528795
0.315369 0.315369 0.895033
0.240141 0.240141 0.940566
0.667839 0.667839 0.328605
0.692396 0.692396 0.202914
0.0395407 0.0395407 0.998435
0.497357 0.497357 0.710826
0.432454 0.432454 0.791181
0.248979 0.248979 0.935959
0.707107 0.707107 0
0.703293 0.703293 0.103723
0.610249 0.610249 0.505166
0.291268 0.291268 0.911222
0.659916 0.659916 0.359195
0.0908655 0.0908655 0.991709
0.104529 0.104529 0.989013
0.620009 0.620009 0.48081
0.595018 0.595018 0.540285
0.452541 0.452541 0.768383
0.527815 0.527815 0.66545
0.545458 0.545458 0.636357
0.695399 0.695399 0.18122
0.274734 0.274734 0.921435
0.551228 0.551228 0.626335
0.323236 0.323236 0.889402
0.624768 0.624768 0.468327
0.643019 0.643019 0.415997
0.439222 0.439222 0.783689
0.647374 0.647374 0.40226
0.383385 0.383385 0.840257
0.655822 0.655822 0.373893
0.615162 0.615162 0.493103
0.651644 0.651644 0.388226
0.193551 0.193551 0.961809
0.445913 0.445913 0.776095
0.638574 0.638574 0.429473
0.418765 0.418765 0.805774
0.283072 0.283072 0.916374
0.266257 0.266257 0.926399
0.203246 0.203246 0.957801
0.675395 0.675395 0.296114
0.376108 0.376108 0.846809
0.307417 0.307417 0.90055
0.573682 0.573682 0.584618
0.484823 0.484823 0.727938
0.521817 0.521817 0.674844
0.152267 0.152267 0.97654
0.589789 0.589789 0.551633
0.562583 0.562583 0.605807
0.2994 0.2994 0.905936
0.45911 0.45911 0.76055
0.584489 0.584489 0.562801
0.173479 0.173479 0.969438
0.671669 0.671669 0.312604
0.0594057 0.0594057 0.996465
0.425638 0.425638 0.798539
0.533747 0.533747 0.655918
0.698238 0.698238 0.157886
0.390591 0.390591 0.833593
0.117336 0.117336 0.986136
0.605239 0.605239 0.517079
0.679018 0.679018 0.27905
0.411817 0.411817 0.812904
0.36137 0.36137 0.859548
0.35389 0.35389 0.865751
0.539628 0.539628 0.646223
0.397724 0.397724 0.82682
0.465625 0.465625 0.752586
0.55694 0.55694 0.616146
0.368769 0.368769 0.85324
0.629448 0.629448 0.455622
0.634055 0.634055 0.442662
0.663923 0.663923 0.344111
0.338723 0.338723 0.877801
0.212736 0.212736 0.95367
0.141102 0.141102 0.979888
0.472075 0.472075 0.744507
0.568164 0.568164 0.595298
0.579122 0.579122 0.573791
0.183634 0.183634 0.96569
0.503545 0.503545 0.702058
0.70541 0.70541 0.0692337
0.689242 0.689242 0.223364
0.331014 0.331014 0.883662
0.404809 0.404809 0.819914
