1.00045 0.476422
1.07021 0.287268
0.864891 0.692701
0.504044 0.986818
0.600961 0.930976
1.09982 0.135129
0.566055 0.952603
0.913592 0.627074
0.677167 0.877107
1.0652 0.305327
0.757112 0.809106
0.421617 1.02475
0.634432 0.908497
0.873266 0.682112
0.697783 0.860796
0.966047 0.542793
0.645307 0.900805
0.766617 0.800106
1.09249 0.185299
1.04359 0.372538
1.07971 0.249196
0.623426 0.916085
0.66668 0.885104
0.577868 0.945483
0.929065 0.603912
1.05469 0.339844
0.936659 0.592065
0.847896 0.713402
0.23308 1.0833
0.137851 1.09949
0.881533 0.671394
0.687529 0.869008
1.08845 0.207736
0.164449 1.09582
0.0720048 1.10575
0.272887 1.07397
0.944153 0.580039
1.03192 0.403738
6.78511e-17 1.10809
0.987011 0.503667
0.211621 1.0877
1.10585 0.0705056
0.46407 1.00624
0.72792 0.835466
1.07505 0.268585
0.856441 0.703121
0.376108 1.04231
0.803701 0.762847
0.717965 0.844037
0.589502 0.938274
0.656048 0.893013
0.88969 0.660547
0.541875 0.966562
0.32698 1.05875
0.406831 1.03071
0.839255 0.723548
1.09629 0.161295
0.737758 0.826791
1.10809 0
0.291562 1.06905
1.03783 0.388308
0.554059 0.95963
0.436074 1.01868
0.188892 1.09187
1.00699 0.462428
0.309558 1.06398
0.993788 0.490159
0.47767 0.999851
1.04922 0.356377
0.973144 0.529965
0.81274 0.753209
0.491018 0.993364
0.612277 0.923573
0.785357 0.781719
0.921384 0.615567
0.980128 0.516933
0.951545 0.567831
1.01972 0.433636
0.10796 1.10282
0.391641 1.03658
0.747497 0.817997
1.02589 0.418831
0.897757 0.64954
0.529507 0.973393
0.794573 0.77235
0.253385 1.07873
1.10303 0.105772
0.516887 0.980152
0.830517 0.733562
0.360254 1.0479
1.01342 0.448169
0.450223 1.01251
0.958845 0.555416
0.343888 1.05338
1.08418 0.228946
0.821677 0.74345
0.905721 0.638389
1.06002 0.322845
0.70794 0.852462
0.776041 0.790968
