0.240993 0.770912 4.16254
0.129919 0.234739 5.32507
0.114939 0.797853 4.232
0.769037 0.713747 3.5787
0.789197 1.4842e-17 4.48891
0.70546 0.851852 3.35156
0.856732 0.689678 3.4692
0.237903 0.147477 5.28328
0.814143 0.242833 3.95925
0.239747 0.694118 4.70346
0.0871093 0.857024 4.15637
0.858064 0.716235 3.26828
0.184927 0.858766 3.9399
0.858681 0.0886055 4.15273
0.69741 0.102447 4.91664
0.0986679 0.750073 4.54142
0.83815 0.847306 2.63729
2.98501e-17 1.15571e-17 6
0.84858 0.216491 3.90204
0.0541387 0.224357 5.50306
0.208186 0.714173 4.57601
0.11147 0.858671 4.09883
0 0.242416 5.57437
0.135516 0.850832 4.04465
0.245119 0.0782187 5.44297
0.857151 0.744203 3.06629
0.764578 0.240201 4.20084
0.857918 0.16062 3.98611
0.85112 0.137175 4.04061
0.857947 0.113129 4.09493
0.210204 0.225719 5.17967
0.647352 0.857815 3.77694
0.23814 0 5.57574
0.734289 0.856664 3.13607
2.052e-17 0.155638 5.68956
0.680434 0.239374 4.80681
0.735853 1.4842e-17 4.81761
0.719626 0.858019 3.24299
0.230783 0.114534 5.36379
0.815127 0.858438 2.68876
0.212645 0.0490737 5.52339
0.844927 0.773878 2.88578
0.859125 0.249523 3.88025
0.722006 0.239274 4.49359
0.858592 0.82373 2.66294
0.852702 0.73029 3.16634
0.658299 0.221211 4.97973
0.0964793 0.698913 4.91933
0.858328 0.788067 2.80155
0.858184 0.758757 2.96938
0.158855 0.857915 3.98981
2.052e-17 0.857146 4.3072
2.052e-17 0.736426 4.81353
2.052e-17 0.790067 4.48465
0.749238 0.100178 4.54347
0.240633 0.731256 4.42546
0.245623 0.182974 5.20989
0.0615109 0.858738 4.21182
0.857847 0.646916 3.77991
0.796344 0.851679 2.76456
0.698422 0.759892 3.75075
0.217976 0.675299 4.85886
2.052e-17 0.0837357 5.85683
0.676568 0.858036 3.56746
0.84342 0.703582 3.37351
0.0912714 0.244399 5.41345
0.220364 0.794254 4.05165
0.786954 0.765729 3.11887
0.851823 1.4842e-17 4.30925
0.249551 0.859127 3.88025
0.714781 0.703506 4.0292
0.789016 0.222188 4.07515
0.797143 0.114488 4.23623
0.858072 0.675621 3.57451
0.214512 0.851697 3.90175
0.248625 0.248603 5.14662
0.85486 0.804949 2.72655
0.691039 0.856657 3.45892
0.66253 0.848622 3.67484
0.106289 0.108515 5.60304
0.858776 0.186693 3.93695
0.856557 0.0629076 4.20926
0.859103 0.859106 2.61402
0.730754 0.784153 3.36865
0.744062 0.216212 4.35078
0.13042 0 5.7467
0.146843 0.151367 5.4077
0.850998 0.661698 3.67905
0.167175 0.244704 5.2395
0.236502 0.654148 4.99925
0.779186 0.856959 2.84815
0.749238 0.844769 3.04016
0.702898 0.212729 4.65599
0.858804 0.0340124 4.26229
0.0345719 0.851167 4.26402
0 0.68583 5.19097
0.24341 0.817873 3.94704
0.21266 0.752074 4.30019
0.763173 0.858142 2.94158
0.686302 1.4842e-17 5.18742
