0.162526 0.162526 0.973227
0.202858 0.202858 0.957965
0.588377 0.588377 0.55464
0.239854 0.239854 0.940713
0.55464 0.55464 0.620281
0.566208 0.566208 0.599013
0.684725 0.684725 0.249606
0.633351 0.633351 0.444673
0.383868 0.383868 0.839816
0.361732 0.361732 0.859244
0.548758 0.548758 0.630657
0.659233 0.659233 0.361695
0.70559 0.70559 0.0654556
0.323363 0.323363 0.88931
0.369184 0.369184 0.852881
0.637918 0.637918 0.431419
0.426445 0.426445 0.797678
0.707107 0.707107 0
0.628703 0.628703 0.457675
0.678005 0.678005 0.283934
0.699136 0.699136 0.149722
0.609206 0.609206 0.507677
0.460397 0.460397 0.758992
0.193104 0.193104 0.961988
0.116797 0.116797 0.986264
0.282887 0.282887 0.916488
0.09039 0.09039 0.991796
0.642398 0.642398 0.417911
0.674448 0.674448 0.3004
0.619133 0.619133 0.483063
4.32978e-17 4.32978e-17 1
0.257411 0.257411 0.931385
0.499516 0.499516 0.70779
0.701528 0.701528 0.12537
0.663186 0.663186 0.346941
0.687897 0.687897 0.231508
0.0590646 0.0590646 0.996505
0.376551 0.376551 0.846415
0.0393112 0.0393112 0.998453
0.299354 0.299354 0.905966
0.493126 0.493126 0.716697
0.315448 0.315448 0.894978
0.646764 0.646764 0.404217
0.505855 0.505855 0.698728
0.419504 0.419504 0.805005
0.62396 0.62396 0.470477
0.221709 0.221709 0.949574
0.291174 0.291174 0.911282
0.571875 0.571875 0.588148
0.307445 0.307445 0.900531
0.667031 0.667031 0.331872
0.140542 0.140542 0.980049
0.681429 0.681429 0.267036
0.655169 0.655169 0.376175
0.473628 0.473628 0.742531
0.248712 0.248712 0.936101
0.51214 0.51214 0.689511
0.577464 0.577464 0.577124
0.614212 0.614212 0.495465
0.274526 0.274526 0.921559
0.693824 0.693824 0.192919
0.651008 0.651008 0.390356
0.598927 0.598927 0.531576
0.433323 0.433323 0.790229
0.453702 0.453702 0.767013
0.582943 0.582943 0.565998
0.518383 0.518383 0.680116
0.128937 0.128937 0.983235
0.70369 0.70369 0.0981816
0.604087 0.604087 0.519768
0.560462 0.560462 0.609726
0.446963 0.446963 0.774886
0.486671 0.486671 0.725467
0.103994 0.103994 0.989126
0.670783 0.670783 0.316388
0.346616 0.346616 0.871616
0.398316 0.398316 0.82625
0.542803 0.542803 0.640882
0.524569 0.524569 0.670563
0.440156 0.440156 0.78264
0.183186 0.183186 0.96586
0.690933 0.690933 0.212656
0.405425 0.405425 0.819305
0.530703 0.530703 0.66084
0.354209 0.354209 0.86549
0.480162 0.480162 0.73409
0.230866 0.230866 0.945199
0.696553 0.696553 0.172125
0.412491 0.412491 0.812221
0.593686 0.593686 0.543207
0.0755887 0.0755887 0.99427
0.391115 0.391115 0.833101
0.467025 0.467025 0.75085
0.172995 0.172995 0.969611
0.338953 0.338953 0.877623
0.536777 0.536777 0.650953
0.331191 0.331191 0.88353
0.212353 0.212353 0.953841
0.266027 0.266027 0.926531
0.151711 0.151711 0.976713
