0.397144 0.397144 0.827377
0.69758 0.69758 0.163596
0.687947 0.687947 0.23121
0.700412 0.700412 0.137282
0.494541 0.494541 0.714744
0.500516 0.500516 0.706376
0.630589 0.630589 0.452456
0.577505 0.577505 0.57704
0.648409 0.648409 0.398913
0.368426 0.368426 0.853536
0.248239 0.248239 0.936352
0.109385 0.109385 0.987962
0.375729 0.375729 0.847145
0.684435 0.684435 0.251191
0.635136 0.635136 0.43955
0.694539 0.694539 0.1877
0.361042 0.361042 0.859824
0.523759 0.523759 0.671828
0.582565 0.582565 0.566776
0.506421 0.506421 0.697908
0.680804 0.680804 0.270209
0.534986 0.534986 0.653896
0.28265 0.28265 0.916634
0.556712 0.556712 0.616557
0.169963 0.169963 0.970683
0.529406 0.529406 0.662917
0.0414288 0.0414288 0.998282
0.611925 0.611925 0.501095
0.644046 0.644046 0.412807
0.572389 0.572389 0.587147
0.476236 0.476236 0.739188
0.417876 0.417876 0.806696
0.424633 0.424633 0.799608
0.707107 0.707107 0
0.512262 0.512262 0.689329
0.616642 0.616642 0.489394
0.135306 0.135306 0.981522
0.239235 0.239235 0.941028
0.677035 0.677035 0.288526
0.411042 0.411042 0.813689
0.158848 0.158848 0.974441
0.431317 0.431317 0.792421
0.290925 0.290925 0.911441
0.437928 0.437928 0.785136
0.592538 0.592538 0.545708
0.353587 0.353587 0.865998
0.147314 0.147314 0.978058
0.201197 0.201197 0.958666
0.669225 0.669225 0.322919
0.518042 0.518042 0.680635
0.56199 0.56199 0.606906
0.29907 0.29907 0.906154
0.257058 0.257058 0.931581
0.597453 0.597453 0.534883
0.656941 0.656941 0.369943
0.444481 0.444481 0.777736
0.587578 0.587578 0.556331
0.322959 0.322959 0.889604
0.390091 0.390091 0.834061
0.661103 0.661103 0.354805
0.191109 0.191109 0.962785
0.551367 0.551367 0.62609
0.382952 0.382952 0.840652
0.540507 0.540507 0.644752
0.0951107 0.0951107 0.990913
0.691311 0.691311 0.210184
4.32978e-17 4.32978e-17 1
0.60715 0.60715 0.51258
0.315097 0.315097 0.895225
0.211052 0.211052 0.954418
0.621356 0.621356 0.477319
0.463721 0.463721 0.754934
0.602319 0.602319 0.523854
0.220656 0.220656 0.950064
0.625993 0.625993 0.465042
0.122718 0.122718 0.984825
0.265747 0.265747 0.926692
0.488499 0.488499 0.723006
0.703007 0.703007 0.107526
0.639615 0.639615 0.426364
0.470011 0.470011 0.747114
0.230052 0.230052 0.945596
0.338443 0.338443 0.878016
0.45737 0.45737 0.762644
0.34605 0.34605 0.872066
0.705286 0.705286 0.0717124
0.482399 0.482399 0.731151
0.673178 0.673178 0.306042
0.450959 0.450959 0.770241
0.652742 0.652742 0.384522
0.274265 0.274265 0.921714
0.330739 0.330739 0.883868
0.307134 0.307134 0.900743
0.0622375 0.0622375 0.996119
0.404127 0.404127 0.820587
0.0796043 0.0796043 0.993643
0.545966 0.545966 0.635485
0.180689 0.180689 0.966801
0.567215 0.567215 0.597106
0.665221 0.665221 0.339061
