0.700909 0.713251
0.941768 0.336264
0.709646 0.704559
0.57962 0.814887
0.820807 0.571206
0.364161 0.931336
0.683215 0.730217
0.743619 0.668603
0.841687 0.539966
0.886482 0.462763
0.60895 0.793209
0.798847 0.601534
0.415485 0.9096
0.123073 0.992398
0.292525 0.956258
0.226505 0.97401
0.965489 0.260445
0.931479 0.363796
0.892444 0.451157
0.861518 0.507727
0.243969 0.969783
0.995355 0.0962739
0.915316 0.402737
0.637493 0.770456
0.43964 0.898174
1 0
0.507236 0.861807
6.12323e-17 1
0.997937 0.064202
0.307658 0.951497
0.322354 0.946619
0.260703 0.965419
0.6561 0.754674
0.674267 0.738488
0.951597 0.307348
0.985704 0.168485
0.956353 0.292215
0.0963307 0.995349
0.7759 0.630855
0.735269 0.677775
0.81359 0.581439
0.390342 0.92067
0.589515 0.807757
0.350585 0.936531
0.874202 0.485563
0.276855 0.960912
0.692082 0.721819
0.855018 0.518599
0.76799 0.640461
0.726828 0.686819
0.791324 0.611397
0.48541 0.874287
0.751861 0.659322
0.974071 0.226243
0.989176 0.146737
0.946741 0.321995
0.982016 0.188797
0.920801 0.390032
0.66521 0.746656
0.47426 0.880385
0.0642385 0.997935
0.427678 0.903931
0.783699 0.62114
0.936672 0.350207
0.969853 0.243692
0.496404 0.868092
0.377414 0.926045
0.569587 0.821931
0.926187 0.377066
0.834817 0.550528
0.898313 0.439356
0.618515 0.785773
0.904072 0.42738
0.403014 0.915194
0.827882 0.560903
0.646838 0.762627
0.718277 0.695758
0.992411 0.122965
0.978132 0.207984
0.62804 0.778181
0.960989 0.276587
0.538934 0.842348
0.462913 0.886404
0.168695 0.985668
0.880403 0.474226
0.59929 0.800532
0.806273 0.591544
0.867898 0.496743
0.146871 0.989156
0.517917 0.855431
0.189059 0.981966
0.52846 0.848958
0.549262 0.83565
0.559476 0.828846
0.20824 0.978078
0.451382 0.892331
0.759971 0.649957
0.33666 0.941626
0.909732 0.415195
0.848403 0.52935
