0.617258 0.556388 0.675047
0.0558205 0.0503158 1.068
0.699876 0.630859 0.508383
0.33668 0.303478 0.969954
0.680474 0.75492 0.336622
0.371014 0.411604 0.916075
0.747831 0.674084 0.364174
0.707379 0.784768 0.173254
0.547353 0.607234 0.691328
0.677997 0.611137 0.559548
0.256128 0.23087 1.01359
0.138004 0.153101 1.05061
0.672681 0.746274 0.369917
0.549608 0.495409 0.773799
0.158678 0.143031 1.04911
0.408347 0.368078 0.918713
0.619538 0.687317 0.538545
0.6098 0.676514 0.562793
0.524644 0.582041 0.729548
0.647376 0.7182 0.459734
0.356568 0.395577 0.928785
0.464093 0.514866 0.815962
0.591006 0.532725 0.716365
0.277382 0.250029 1.0034
0.654654 0.590096 0.607846
0.664544 0.737247 0.401386
0.764162 0.688805 0.296425
4.39584e-17 4.8636e-17 1.07064
0.225849 0.250557 1.01611
0.656112 0.727892 0.431224
0.310978 0.345 0.96464
0.128462 0.115794 1.05658
0.425464 0.472011 0.861655
0.701427 0.778164 0.220736
0.56906 0.631317 0.651055
0.458499 0.413284 0.874779
0.233861 0.210799 1.0233
0.720218 0.649194 0.453978
0.739017 0.66614 0.395441
0.210383 0.189636 1.03249
0.476612 0.528754 0.799702
0.716827 0.79525 0
0.505512 0.455661 0.826495
0.341756 0.379145 0.941124
0.261476 0.290082 0.996868
0.629052 0.697872 0.513353
0.520495 0.469167 0.809463
0.710251 0.640211 0.481597
0.778696 0.701906 0.21731
0.438563 0.486542 0.846878
0.490177 0.441839 0.843071
0.187528 0.208044 1.03335
0.412224 0.457322 0.875895
0.558324 0.619406 0.671471
0.687901 0.763159 0.301071
0.425344 0.383399 0.904628
0.474518 0.427724 0.859156
0.536108 0.594759 0.710713
0.294954 0.327223 0.975802
0.243963 0.270653 1.00672
0.694894 0.770917 0.262814
0.599854 0.66548 0.586152
0.326572 0.3623 0.953075
0.107418 0.096825 1.06082
0.729816 0.657846 0.425287
0.278464 0.308929 0.986552
0.164793 0.182822 1.04196
0.756187 0.681617 0.331424
0.297817 0.268448 0.992725
0.31756 0.286244 0.981572
0.512956 0.569074 0.74786
0.501017 0.555829 0.765702
0.373345 0.336528 0.945317
0.79525 0.716827 9.32601e-17
0.442043 0.398451 0.889999
0.604229 0.544643 0.696085
0.785103 0.707681 0.170477
0.790734 0.712757 0.113927
0.579518 0.642918 0.630141
0.185334 0.167058 1.04116
0.577461 0.520515 0.736116
0.75705 0.757059 1.2245e-17
0.207066 0.229719 1.025
0.451372 0.500753 0.831729
0.6891 0.621145 0.5344
0.629984 0.567859 0.653391
0.391043 0.352481 0.932258
0.712626 0.790589 0.115743
0.39884 0.442474 0.88961
0.642463 0.579108 0.630982
0.355256 0.320223 0.957869
0.771687 0.695588 0.258687
0.488916 0.542405 0.782956
0.083911 0.0756362 1.06466
0.56367 0.508085 0.755241
0.385093 0.427224 0.90302
0.638348 0.708184 0.487083
0.666507 0.60078 0.584033
0.535197 0.48242 0.791895
0.589763 0.654285 0.608567
