0.777641 0.698321 3.64583
0.216765 0.221481 5.17613
0.858868 0.0314287 4.26641
0.857954 0.693992 3.43634
0.848938 0.219388 3.89904
0.856222 0.648087 3.77222
0.714763 0.240417 4.54716
0.105347 0.244746 5.38025
0.0339603 0.858819 4.26237
3.35838e-17 0.684254 5.20284
0.0854468 0.198312 5.46507
0.157314 0 5.68598
0.675053 0.239324 4.84695
0.112002 0.858672 4.09756
0.741897 0.846788 3.08828
0.856797 0.7681 2.91172
0.664523 0.853229 3.6574
0.700077 0.778107 3.62993
3.35838e-17 0.764504 4.62629
0.207653 0.750204 4.3183
0.0858827 0 5.85195
0.199047 0.124884 5.37089
0.855275 0.145176 4.02029
0.656014 0.212775 5.00397
0.0456134 0.245762 5.50903
0.851649 0.802302 2.73882
0.79367 0.213467 4.06097
0.159111 0.85791 3.98927
0.648399 0.857722 3.7698
0.758997 0 4.66078
4.06513e-17 0.130172 5.74728
0.846097 0.103903 4.12377
0.858751 0.0815401 4.16881
0.781444 0.12659 4.28446
0.101394 0.728129 4.68909
0.859073 0.859073 2.61402
0.174611 0.245204 5.22502
4.60394e-18 8.43156e-18 6
0.753824 0.753105 3.3933
0.815839 0.24324 3.95355
0.695566 0.850395 3.4275
0.856634 0.737608 3.11246
0.136074 0.849421 4.04437
0.14103 0.228089 5.30302
3.35838e-17 0.803807 4.42331
0.854 0 4.30815
0.0878925 0.855754 4.15487
0.857203 0.0578551 4.21933
0.858242 0.191642 3.92906
0.859163 0.249803 3.88024
0.187641 0.677108 4.88474
0.858734 0.123115 4.07102
0.800299 8.43156e-18 4.43788
0.215025 0.850617 3.90193
0.858788 0.167459 3.97211
0.77007 0.241912 4.16724
0.217187 0.792955 4.0606
0.24954 0.859126 3.88025
0.748918 0.235369 4.30385
0.71061 0.857913 3.31052
0.685349 0 5.1946
0.726131 0.856449 3.19524
0.757432 0.856868 2.97807
0.0623307 0.858156 4.21019
4.60394e-18 0.715868 4.96395
4.06513e-17 0.854043 4.30813
0.845355 0.708971 3.33049
0.774548 0.858076 2.87384
0.236546 0.655582 4.98916
0.858232 0.784516 2.81961
0.243175 0.816514 3.95139
0.852847 0.679108 3.55013
0.712119 0.712597 3.98055
0.85799 0.663802 3.6612
0.241936 0.768666 4.17556
0.18524 0.858764 3.93937
0.858508 0.821717 2.66852
0.734634 0.192139 4.44754
0.721831 8.43156e-18 4.91956
0.812844 0.858337 2.69647
0.703385 0.128145 4.81009
0.245009 0.143861 5.28938
0.244763 0.0880684 5.42078
0.242674 8.43156e-18 5.5743
0.85024 0.752879 3.0108
4.06513e-17 0.228102 5.58098
0.240411 0.729635 4.43727
0.857997 0.722719 3.22007
0.792881 0.85238 2.78011
0.837088 0.846541 2.63982
0.125298 0.785468 4.26645
0.239262 0.179845 5.21702
0.248908 0.248909 5.14657
0.120503 0.106994 5.57271
0.680058 0.857927 3.54143
0.239655 0.69058 4.73029
0.695658 0.229275 4.69684
0.784188 0.783582 3.03166
0.228625 0.0512338 5.50561
0.223788 0.7107 4.58683
