0.0636967 0.851665 4.20967
0.85784 0.0970166 4.13323
0.859103 0.859104 2.61402
0 0.236358 5.57646
0.774444 0.242583 4.14168
0.858199 0.769398 2.90377
0.704985 0.858004 3.353
0.853012 0.660587 3.68585
0.789612 0.1296 4.2355
0.706353 0.773855 3.60629
0.748738 0.856725 3.03545
0.035153 0.858804 4.26043
0.249543 0.859128 3.88025
0.85867 0.178315 3.95147
0.857854 0.646364 3.78366
0 0.0898438 5.84285
0.858535 0.821514 2.6691
5.44908e-17 0.801014 4.43484
5.44908e-17 0.157854 5.68484
0.676944 0.858028 3.56467
0.733798 0.858039 3.13937
0.857797 3.32603e-17 4.30711
0.654029 0.22345 5.00803
0.222228 0.70312 4.64536
0 0.856472 4.30734
0.238046 0.0533269 5.49676
0.2416 0.765947 4.19204
0.11296 0.857947 4.09533
0.841703 0.68813 3.49283
0.735311 0.240688 4.39633
0.764247 0.843457 2.94479
0.05008 0.245434 5.50086
0.0884055 0.858681 4.15319
0.858106 0.674348 3.58395
0.166023 4.92036e-17 5.66796
0.23833 0.201872 5.18293
0.85908 0.249229 3.88027
0.851369 0.785445 2.81729
0.216116 0.849321 3.9018
0.842603 0.755952 2.99839
0.715949 0.708933 3.97941
0.853096 0.0387354 4.256
0.853538 0.21019 3.90541
0.241174 0.723279 4.48357
0.243011 0.815068 3.95613
0.820197 0.244165 3.93984
0.815873 0.858435 2.68632
0.857714 0.15003 4.0089
0.221575 0.790529 4.06827
0.155325 0.226063 5.27262
0.801354 0 4.43341
0 0.758194 4.66592
0.104936 0 5.80739
0.778977 0.858184 2.84911
0.13709 0.850667 4.04111
0.839323 0.845423 2.63733
0.224825 0.658056 4.97857
0.186419 0.858064 3.93746
0.797523 0.219412 4.03768
0.85675 0.727336 3.18635
0.126319 0.123812 5.51872
0.858119 0.741441 3.0853
0.765006 0.723237 3.53238
0.221199 0.745194 4.33845
0.12154 0.739865 4.557
0.851387 0.123985 4.07145
0.132467 0.693519 4.87472
0.758311 4.92036e-17 4.66517
0.683504 4.92036e-17 5.20849
0.662385 0.853629 3.67265
0.718965 0 4.94083
0.851431 0.713817 3.28881
0.190479 0.245734 5.19748
0 4.92036e-17 6
0.773823 0.77442 3.13841
0.691496 0.84517 3.46307
0.160361 0.858707 3.98658
0.216242 0.0941838 5.42346
0.858093 0.70016 3.38955
0.24435 0.124882 5.33371
0.11865 0.24449 5.34853
0.673392 0.239688 4.85913
0.693553 0.152148 4.8297
0.85712 0.802161 2.73726
0.241535 0.680709 4.80407
0.244021 4.96678e-17 5.57399
0.13051 0.786662 4.24805
0.697362 0.240086 4.67875
0.0903402 0.212465 5.43626
0.716952 0.22284 4.54067
0.719526 0.850903 3.24649
0 0.681999 5.21979
0.755422 0.217224 4.27358
0.647279 0.85782 3.77744
0.248325 0.24835 5.14666
0.74262 0.119179 4.54341
0.229972 0.162695 5.25451
0.796595 0.854296 2.76211
0 0.719074 4.94002
0.858643 0.0689076 4.19645
