0.18604 0.982542
0.639017 0.769192
0.898333 0.439315
0.778319 0.627869
0.94824 0.317554
0.921794 0.38768
0.872952 0.487807
0.892168 0.451705
0.431798 0.901971
0.859577 0.511006
0.866315 0.499498
0.91611 0.400927
0.762157 0.647392
0.540846 0.841122
0.801793 0.597602
0.44335 0.896349
0.770283 0.637703
1 8.71967e-17
0.629614 0.776908
0.852737 0.522341
0.272201 0.96224
0.675913 0.736982
0.794075 0.60782
0.571219 0.820798
0.995611 0.0935866
6.12323e-17 1
0.551086 0.834449
0.816886 0.576799
0.60083 0.799377
0.14465 0.989483
0.581145 0.8138
0.25638 0.966576
0.943237 0.332121
0.530488 0.847693
0.998053 0.062369
0.302394 0.953183
0.239972 0.97078
0.737223 0.675649
0.702714 0.711473
0.982871 0.184297
0.953142 0.302522
0.989715 0.143054
0.745631 0.666359
0.561204 0.827677
0.166048 0.986118
0.395931 0.91828
0.620164 0.784472
0.711477 0.70271
0.498822 0.866705
0.986396 0.164389
0.979138 0.203198
0.0949598 0.995481
0.287528 0.957772
0.786252 0.617906
0.957852 0.287261
0.648367 0.761328
0.477115 0.878841
0.824285 0.566175
0.728717 0.684815
0.454791 0.890598
0.204908 0.978781
0.904373 0.426743
0.657661 0.753314
0.971112 0.238624
0.720132 0.693838
0.520096 0.854108
0.684902 0.728635
0.845797 0.533506
0.121254 0.992622
0.809394 0.587266
0.591027 0.806652
0.879472 0.475951
0.666791 0.745245
0.383477 0.92355
0.838728 0.54455
0.962431 0.271527
0.938074 0.346436
0.932778 0.360451
0.966833 0.255411
0.33079 0.943705
0.357773 0.933808
0.885877 0.46392
0.509492 0.860475
0.222851 0.974853
0.693854 0.720116
0.316796 0.948494
0.408097 0.912939
0.370758 0.92873
0.910313 0.41392
0.0633162 0.997994
0.488032 0.872826
0.975215 0.221258
0.831557 0.555439
0.610534 0.79199
0.466018 0.884775
0.992805 0.119746
0.92736 0.37417
0.753931 0.656953
0.420043 0.907504
0.344444 0.938807
