0.320618 1.02133
0.66152 0.841602
0.846547 0.65518
0.813264 0.696064
0.463163 0.965082
0.488806 0.952351
0.33622 1.0163
0.380964 1.00038
0.922251 0.543467
0.986623 0.415304
1.07047 2.33353e-17
1.03412 0.276575
1.06246 0.130717
0.629409 0.865879
0.769243 0.744425
0.936039 0.519359
0.395258 0.994824
1.04743 0.22091
0.288132 1.03096
0.216316 1.04838
0.640244 0.857899
0.795993 0.71575
1.05151 0.200565
0.618449 0.873741
1.02938 0.293738
0.893283 0.589872
0.949383 0.494546
0.584804 0.896609
0.915166 0.555314
0.885765 0.601101
0.712422 0.798973
1.00904 0.3574
0.366391 1.00581
0.501352 0.945806
0.51373 0.93914
0.870396 0.623149
1.06556 0.102373
0.787187 0.725424
0.929209 0.531483
1.04316 0.240263
0.304608 1.02621
0.778271 0.734982
0.907996 0.566962
0.271142 1.03556
0.409269 0.989142
0.253591 1.04
1.06829 0.0682627
0.537962 0.925473
0.607369 0.88148
0.235364 1.04427
1.00362 0.372353
0.99808 0.386962
0.57331 0.904002
0.692455 0.816339
0.731854 0.781213
0.955882 0.481865
0.878132 0.612198
0.722208 0.790139
0.8546 0.644641
0.900688 0.578501
1.0245 0.310324
0.980709 0.429084
0.68227 0.82487
0.196341 1.05231
0.596134 0.889116
0.974683 0.442602
0.804684 0.705965
0.650942 0.84981
0.549879 0.918442
0.830109 0.675886
0.750789 0.763032
0.671954 0.833295
0.436642 0.977367
1.05539 0.179032
1.03872 0.258788
0.862553 0.633961
0.96854 0.455887
0.992421 0.401253
0.127848 1.06281
0.100096 1.06578
0.561663 0.911284
0.821739 0.686038
0.152545 1.05954
0.760082 0.753776
0.476096 0.958768
0.702495 0.807716
6.55473e-17 1.07047
1.05905 0.155935
0.423083 0.983313
0.351487 1.01112
0.83838 0.665599
0.525953 0.93235
0.450002 0.971289
1.01433 0.342118
0.175205 1.05603
0.942775 0.507028
1.01948 0.326441
0.7414 0.772159
0.962263 0.468991
0.0667537 1.06839
