0.162798 3.67451
0.792939 2.47089
0.698007 3.0988
0.651432 3.44178
0.809776 2.40032
0.770173 2.59213
0.174906 3.65072
0.226304 3.58221
0.00831166 3.99104
0.74246 2.77114
0.139854 3.72473
0.0677839 3.8918
0.759498 2.65759
0.112317 3.78978
0.635011 3.55164
0.0559404 3.91591
0.8294 2.34177
0.676517 3.26077
0.849112 2.31115
0.134276 3.73766
0.641677 3.50806
0.713507 2.98164
0.145455 3.71199
0.151147 3.69932
0.168783 3.66247
0.76657 2.61367
0.0903791 3.84161
0.788981 2.48997
0.688799 3.16856
0.805386 2.417
0.79698 2.45236
0.664119 3.35183
0.0792245 3.86697
0.209141 3.59825
0.691859 3.14541
0.648207 3.464
0.217276 3.5897
0.682661 3.21482
0.719809 2.93456
0.745795 2.74816
0.66097 3.3745
0.716643 2.95815
0.785098 2.50955
0.701084 3.07547
0.835168 2.32979
0.673436 3.28363
0.801122 2.43439
0.251138 3.5732
0.0233832 3.97151
0.0958981 3.82876
0.74917 2.72525
0.128757 3.75062
0.763013 2.6355
0.72615 2.88775
0.814331 2.38436
0.859349 2.307
0.0848284 3.85435
0.638361 3.52993
0.0498206 3.92764
0.704186 3.05196
0.187727 3.62823
0.117781 3.77672
0.756021 2.67993
0.752576 2.70251
0.781284 2.52957
0.841592 2.31936
0.654637 3.41943
0.670345 3.30642
0.0435394 3.93909
0.824084 2.35496
0.739148 2.79429
0.657813 3.39701
0.644955 3.4861
0.0370693 3.95024
0.679592 3.23783
0.123261 3.76365
0.030366 3.96106
0.735869 2.8175
7.67369e-18 4
0.06192 3.90396
0.777523 2.55006
0.236863 3.57625
0.181215 3.63927
0.667241 3.32915
0.722967 2.91117
0.201601 3.60763
0.773815 2.57096
0.10685 3.80284
0.707273 3.02861
0.0735451 3.87946
0.101388 3.81582
0.710382 3.00515
0.819073 2.36924
0.0160617 3.98152
0.156921 3.68682
0.732595 2.84093
0.729368 2.86427
0.194492 3.61767
0.694924 3.12219
0.685725 3.19176
