0.095885 0.995392
0.574265 0.81867
0.788402 0.615161
0.521352 0.853342
0.883566 0.468307
0.986452 0.164053
0.838506 0.544893
0.403523 0.91497
0.967151 0.254204
0.275885 0.961191
0.242939 0.970041
0.928977 0.370136
0.795892 0.605439
0.864848 0.502034
0.817676 0.575679
0.225509 0.974241
0.944201 0.32937
0.377358 0.926068
0.532195 0.846622
0.167872 0.985809
0.662267 0.749268
0.584493 0.811399
0.643466 0.765474
0.757354 0.653005
0.741119 0.671374
0.350105 0.936711
1 0
0.998049 0.062432
0.321576 0.946884
0.499178 0.8665
0.614457 0.78895
0.971336 0.23771
0.958356 0.285578
0.845235 0.534394
0.939237 0.343269
0.923677 0.383172
6.12323e-17 1
0.207288 0.97828
0.824733 0.565522
0.336009 0.941859
0.510356 0.859963
0.749296 0.662235
0.895554 0.444953
0.41622 0.909264
0.363875 0.931448
0.765298 0.643676
0.907114 0.420885
0.259702 0.965689
0.633919 0.773399
0.95376 0.300569
0.428677 0.903458
0.698554 0.715557
0.671511 0.740995
0.715927 0.698175
0.390563 0.920576
0.188154 0.982139
0.871188 0.490949
0.982941 0.183919
0.680645 0.732613
0.962821 0.270139
0.889606 0.456729
0.452939 0.891541
0.773103 0.63428
0.858403 0.512975
0.4764 0.879229
0.542925 0.839781
0.901386 0.433016
0.68966 0.724133
0.563949 0.82581
0.122471 0.992472
0.487876 0.872913
0.97537 0.220574
0.877427 0.479711
0.989755 0.142774
0.912742 0.408537
0.78081 0.624769
0.624247 0.781227
0.291553 0.956555
0.604573 0.79655
0.594599 0.804022
0.979245 0.202681
0.851869 0.523754
0.949041 0.315152
0.810517 0.585715
0.803259 0.59563
0.995607 0.0936256
0.306766 0.951785
0.918269 0.395958
0.440912 0.897551
0.14615 0.989262
0.934164 0.356843
0.992823 0.119593
0.724447 0.689331
0.831667 0.555275
0.707299 0.706915
0.652926 0.757422
0.464762 0.885436
0.553508 0.832844
0.0639418 0.997954
0.732819 0.680423
