0.012918 0.0902625 0.396819
0.135663 0.0543602 0.309977
4.65946e-17 0.420598 0.0794019
0.322358 0.0705921 0.10705
0.0624256 0.0625499 0.375025
0.0965771 0.256458 0.146965
0.161208 0.25612 0.082672
0.425485 0.0745146 0
0.235634 0.213918 0.050448
0.235757 0.00408877 0.260155
0.212557 0.0508215 0.236621
0.330742 0.162986 0.00627128
0.180749 0.163554 0.155697
0.31432 0.138933 0.0467476
0.0365773 0.152309 0.311114
0.00150299 0.456956 0.041541
0.159897 0.0068567 0.333247
0.13319 0.117695 0.249114
0.461521 0.0339526 0.00452669
0.0880703 0.0107258 0.401204
0.129945 0.332763 0.0372915
0.0482734 0.367275 0.0844518
0.237113 0.107985 0.154902
0.253394 0.169382 0.0772241
0.371588 0.0451173 0.0832947
0.159306 0.0760856 0.264609
0.198523 0.235487 0.0659896
0.109194 0.302223 0.0885823
0 0.317361 0.182639
0.5 1.11022e-16 0
0.356913 3.96253e-17 0.143087
0.316126 3.50971e-17 0.183874
0.296537 0.203463 0
0.157045 0.137962 0.204993
0.0997757 0.400224 0
0.035319 0.308886 0.155795
0.207263 0.19137 0.101366
0.127347 1.41383e-17 0.372653
0.201469 0.117762 0.180769
0.0365898 0.408268 0.0551426
0.349752 0.0900642 0.0601835
0.0794158 0.384473 0.0361115
0.293831 0.046358 0.159811
0.264853 0.131479 0.103669
0.339796 0.0320852 0.128118
0.115498 0.218603 0.165899
0 0.0619247 0.438075
0.255881 0.234336 0.00978263
0.420503 0.0177798 0.0617175
0.0585179 6.49679e-18 0.441482
0.0920875 0.346776 0.061136
0.222629 0.149466 0.127906
0.0480272 0.271204 0.180768
0.0802556 0.289766 0.129978
0.454877 1.01003e-16 0.0451228
0.366094 0.133906 0
0.149986 0.293506 0.056508
0.280416 0.182831 0.0367537
0 0.128922 0.371078
0.0871373 0.19812 0.214743
0 0.242806 0.257194
0.137537 0.244673 0.11779
0.0799283 0.137761 0.282311
0.0156525 0.0190659 0.465282
0.0385496 0.223094 0.238356
0 0.356913 0.143087
0.140418 0.359582 0
0.0587256 0.43039 0.0108848
0.301942 0.113146 0.0849123
0.0867551 0.0835241 0.329721
5.14455e-17 4.06565e-18 0.5
0.182352 0.0358504 0.281798
0.401687 0.0584018 0.0399108
0.00969877 0.382034 0.108267
0.107898 0.0393523 0.352749
0.0573751 0.180148 0.262477
0.00472406 0.278514 0.216762
0.163562 0.206106 0.130332
0.230422 0.269578 0
0.135811 0.17961 0.184578
0.199781 4.43602e-17 0.300219
0.260282 0.0335265 0.206192
0.275572 3.05946e-17 0.224428
5.53909e-17 0.5 0
0.185694 0.093439 0.220867
0 0.170049 0.329951
0.00766506 0.202787 0.289548
0.045884 0.110054 0.344062
0.382026 0.101377 0.016597
0.0410826 0.0418476 0.41707
0.108344 0.0992842 0.292371
0.192711 0.279081 0.028208
0.180541 0.319459 0
0.0585025 0.330357 0.11114
0.278243 0.0877044 0.134052
0.0347449 0.465255 0
0.397655 4.41486e-17 0.102345
0.107929 0.157989 0.234082
0.0656569 0.237474 0.196869
0.24163 0.0716033 0.186767
