0.26422 0.0764705 0.15931
0.0974043 0.0913779 0.311218
0.430671 0.0211788 0.0481502
0.302736 3.36104e-17 0.197264
0.098097 0.303994 0.097909
0.11919 0.257607 0.123203
0.222817 0.0951265 0.182056
0.272308 0.227692 0
0.310854 0.0530066 0.13614
0.0484573 0.115375 0.336167
0.019226 0.0961958 0.384578
0.18604 0.186964 0.126996
0.120531 0.0471641 0.332305
0.143996 0.286184 0.0698199
0.0960942 0.368286 0.0356194
0.280538 0.0361849 0.183277
0.386337 0.0485996 0.0650637
0.0663659 0.00750391 0.42613
0.0413816 0.458618 0
0.204994 2.27589e-17 0.295006
0.0147333 0.279068 0.206199
0.0370443 8.22548e-18 0.462956
0.0503599 0.328261 0.121379
0.191728 0.264221 0.0440504
0.194187 0.0505677 0.255246
0.0729112 0.206929 0.22016
8.67821e-18 0.358427 0.141573
0.21227 0.215608 0.0721218
0.227409 0.0141019 0.258489
0.0217707 0.375232 0.102998
0.336347 0.0750611 0.0885923
0.252251 0.195805 0.0519446
1.00319e-17 0.414335 0.0856645
0.334837 0.134606 0.0305573
0.123055 0.327575 0.0493703
0.289996 0.0977495 0.112255
0.163066 0.161295 0.175639
0.5 1.11022e-16 1.11022e-16
6.2543e-18 0.319571 0.180429
0.205563 0.14169 0.152746
0.0362641 0.301675 0.16206
0.031473 0.433726 0.0348006
0.36378 0.0918072 0.0444125
0.107183 2.37994e-17 0.392817
2.61987e-18 0.133865 0.366135
0.392222 0.107778 5.55112e-17
0.096415 0.159989 0.243596
0.139274 0.206712 0.154014
0.313182 0.118384 0.0684335
9.78545e-18 0.5 0
0.263859 2.92943e-17 0.236141
0.0769095 0.278766 0.144325
0.372283 4.13317e-17 0.127717
0.213571 0.286429 5.55112e-17
0.171214 0.245085 0.0837009
0.076368 0.135549 0.288083
0.357073 0.034618 0.108309
4.03706e-18 2.28512e-17 0.5
0.0552295 0.252009 0.192762
0.186258 0.112676 0.201066
0.0768514 0.417774 0.00537462
0.00592387 0.0393967 0.454679
0.269886 0.14558 0.0845341
1.10689e-17 0.457165 0.0428347
4.14961e-18 0.212029 0.287971
0.168398 0.0211825 0.31042
0.0971815 0.231156 0.171662
0.309846 0.190154 0
0.0726441 0.348689 0.0786666
0.122418 0.112565 0.265017
0.0441051 0.0509684 0.404927
0.412154 4.57582e-17 0.0878464
0.233469 0.0534561 0.213075
6.33612e-18 0.261694 0.238306
0.170425 0.0891266 0.240449
0.17262 0.308712 0.0186673
0.142108 0.136821 0.22107
0.413828 0.0692905 0.016882
0.0336117 0.15704 0.309348
0.0265392 0.226993 0.246468
0.0503548 0.393048 0.056597
0.228272 0.168915 0.102813
0.246745 0.121428 0.131827
0.333194 0.00778357 0.159023
0.146166 0.067135 0.286699
0.466914 5.18379e-17 0.0330856
0.1583 0.227893 0.113807
0.0910441 0.0338447 0.375111
0.351074 0.148926 5.55112e-17
0.235113 0.245046 0.0198411
0.148578 1.64954e-17 0.351422
0.153859 0.346141 0
0.117721 0.183714 0.198565
0.0502008 0.183221 0.266578
0.291539 0.168964 0.0394977
0.114946 0.385054 5.55112e-17
1.48634e-18 0.0759466 0.424053
4.18559e-18 0.172873 0.327127
0.453439 0.0465611 5.55112e-17
0.0688956 0.0739675 0.357137
