0.0938159 0.00869048 0.397494
0.260373 0.202633 0.0369936
0 0.186772 0.313228
0.311184 0.0523993 0.136416
0.332202 0.0772525 0.0905456
0.0886467 0.12232 0.289034
0.266363 0.0814507 0.152186
0.174405 1.93629e-17 0.325595
3.25343e-17 0.324423 0.175577
0.418835 0.0441326 0.0370327
0.186435 0.204225 0.10934
0.0884479 0.192284 0.219268
8.25716e-18 0.405918 0.094082
0.0666812 0.16829 0.265029
0.0427781 0.142404 0.314818
0.155909 0.335708 0.00838334
0.111909 0.215326 0.172766
0.354901 0.0360345 0.109064
0 0.365179 0.134821
0.112897 0.144027 0.243075
0.306932 0.118122 0.0749469
0.0184677 0.116421 0.365111
0 0.273502 0.226498
5.4106e-18 0.05558 0.44442
0.0339451 0.339912 0.126143
0.22762 0.114858 0.157521
0.207831 0.160616 0.131553
0.234172 0.182301 0.0835272
0.0408177 0.387454 0.0717281
0.161101 0.278471 0.0604275
0.0165967 0.430948 0.0524556
0.157772 0.0337637 0.308465
0.045581 0.0705384 0.383881
0.192328 0.307672 0
0.0409113 0.218298 0.240791
4.99908e-17 0.23658 0.26342
0.132701 1.47328e-17 0.367299
0.02018 0.0134852 0.466335
0.1168 0.29118 0.0920198
0.255287 0.14 0.104713
0.0902404 0.329828 0.0799317
0.159354 0.118903 0.221744
0.39499 0.10501 0
0.187274 0.0704474 0.242278
0.172488 0.0517127 0.275799
0.135302 0.167313 0.197386
0.243665 0.256335 5.55112e-17
0.138769 0.242439 0.118791
0.13549 0.317169 0.0473415
0.0271649 0.285462 0.187373
1.05653e-16 0.5 5.55112e-17
0.444123 4.93076e-17 0.0558769
0.137247 0.0960474 0.266705
0.212197 0.00325305 0.28455
0.282112 0.217888 0
0.120985 0.0404816 0.338534
0.335037 0.00227617 0.162687
0.283469 0.160352 0.0561793
0.229465 0.0390067 0.231528
0.285242 0.0345343 0.180224
0.125342 0.374658 5.55112e-17
0.0622702 6.91338e-18 0.43773
0.0556491 0.302812 0.141539
0.181668 0.141967 0.176365
0.108284 0.0788828 0.312834
0.353297 0.146703 5.55112e-17
0.295389 3.27948e-17 0.204611
0.205271 0.0931503 0.201578
0.253124 2.81025e-17 0.246876
0.0385822 0.0406707 0.420747
0 0 0.5
0.28299 0.100175 0.116834
1.48217e-17 0.152255 0.347745
0.0988059 0.2732 0.127994
0.0556338 0.352843 0.0915234
0.465936 0.0208508 0.0132128
0.436537 0.063463 5.55112e-17
0.15836 0.190382 0.151258
0.0823096 0.0525795 0.365111
0.219134 0.225882 0.0549845
0.0794328 0.257136 0.163431
9.84711e-17 0.466012 0.0339878
0.332416 0.133341 0.0342425
0.38093 0.0559608 0.0631096
0.0445584 0.455442 0
0.0241736 0.194056 0.281771
0.24708 0.0598401 0.19308
0.0574871 0.23976 0.202753
0.0642212 0.40303 0.0327484
0.374753 4.16059e-17 0.125247
0.40525 0.00888084 0.0858695
0.5 5.55112e-17 1.11022e-16
0.0641251 0.0982555 0.337619
0.177404 0.239577 0.0830188
0.361753 0.0937167 0.0445307
0.0993116 0.360121 0.0405678
0.312297 0.180267 0.00743633
9.25781e-18 0.0951 0.4049
0.20438 0.268895 0.026725
0.0849411 0.415059 0
