0.643521 0.292003 0.707541
0.615717 0.736696 0.279592
0.727327 0.618409 0.297599
0.66669 0.44615 0.597056
3.37527e-17 0.551224 0.834357
0.839681 0.54308 0
0.277842 0.913012 0.298687
0.973995 0 0.22657
3.67984e-17 0.600964 0.799276
0.547331 0.836916 0
0.862009 0.408928 0.299531
0.610136 0 0.792297
0.530954 0.657568 0.534501
0.310519 0.276683 0.909409
1.77601e-17 0.290045 0.957013
0.706704 0.305941 0.637941
4.99258e-17 0.81535 0.578969
0.556647 0 0.830749
0.947427 0 0.319972
2.22877e-17 0.363986 0.931405
4.28291e-17 0.699453 0.714679
5.63449e-17 0.920182 0.391492
0.427953 0.578416 0.694472
0.271797 0.827745 0.490881
0.445219 0.417752 0.791999
0.443867 0 0.896093
0.270253 0.396258 0.877464
6.08365e-17 6.95152e-18 1
4.53188e-17 0.740113 0.672483
0.394365 0.880612 0.262677
4.76906e-17 0.778846 0.627215
0.320032 0.766906 0.556269
0.496926 0.473757 0.727062
0.469331 0.827499 0.308179
0.891394 0.294166 0.344794
0.498965 0 0.866622
0.193741 0.981053 0
0.221718 0 0.975111
0.482155 0.620274 0.618698
0.629015 0.612614 0.478586
0.771773 0.635898 0
3.99089e-17 0.651761 0.758424
0.36279 0.931871 0
0.854393 0 0.519627
0.283841 0.621575 0.730122
3.04936e-17 0.497999 0.867178
0.432225 0.901766 0
0.917102 0 0.398653
0.697703 0.571312 0.432218
0.605276 0.55662 0.569047
2.65963e-17 0.43435 0.900744
0.78686 0.393472 0.475428
0.870742 0.491741 0
0.35185 0.536538 0.767026
0.71874 0.481881 0.501203
0.404833 0.325521 0.854486
0.531752 0.772353 0.347434
0.410486 0.799064 0.439314
0.377852 0 0.925866
0.785066 0 0.619412
0.757942 0.334088 0.560275
0.933259 0.247471 0.260357
0.509985 0.279791 0.813408
0.303403 0 0.952862
0.807448 0.589939 0
5.95952e-17 0.973264 0.229689
0.49508 0.868847 0
0.745495 7.86031e-18 0.666511
0.39388 0.706046 0.588522
0.289669 0.957127 0
0.820305 0 0.571927
0.596071 0.802932 0
0.55252 0.522007 0.649793
0.811283 0.459479 0.361524
1 1.05437e-17 0
6.12323e-17 1 0
0.954701 0.297568 0
0.646433 0.762971 0
0.321654 0.861331 0.393253
0.886207 0 0.463289
0.899732 0.436443 0
0.926467 0.376376 0
0.693557 0.720402 0
0.606477 0.415016 0.678194
1.18735e-17 0.193909 0.981019
0.561676 0.33691 0.755653
0.311107 0.474409 0.823498
0.330154 0.675145 0.65968
5.22675e-17 0.853594 0.520939
5.44431e-17 0.889123 0.457668
0.662903 0.6679 0.338333
0.979989 0.199053 0
0.575775 0.699155 0.42387
0.703194 0 0.710998
0.469333 0.736237 0.487526
5.80724e-17 0.948395 0.317092
0.774324 0.538705 0.331994
0.839536 0.311181 0.44536
0.733797 0.679369 0
0.658181 0 0.75286
