0.739459 0.673202
0.843855 0.536571
0.256953 0.966424
0.837028 0.54716
0.731242 0.682118
0.531393 0.847126
0.863864 0.503725
0.574012 0.818847
0.509225 0.860633
0.971834 0.235667
0.918477 0.395474
0.426484 0.904495
0.998087 0.0618274
1 0
0.944733 0.327841
0.801485 0.598014
0.240214 0.97072
0.958937 0.283619
0.876719 0.481004
0.222856 0.974851
0.185792 0.982589
0.97965 0.200714
0.165685 0.986179
0.901242 0.433315
0.975818 0.218583
0.374824 0.927096
0.552976 0.833197
0.401133 0.91602
0.771296 0.636477
0.989975 0.141244
0.451022 0.892513
0.714504 0.699632
0.520367 0.853943
0.929366 0.369159
0.413918 0.910314
0.542259 0.840211
0.934623 0.35564
0.939746 0.341873
0.963383 0.26813
0.697341 0.71674
0.273121 0.96198
0.983269 0.182159
0.661673 0.749793
0.850617 0.525786
0.722925 0.690926
0.643139 0.765749
0.0945985 0.995516
0.463009 0.886353
0.624081 0.78136
0.992978 0.118302
0.563568 0.82607
0.144209 0.989547
0.778998 0.627027
0.815993 0.578062
0.907105 0.420904
0.333313 0.942816
0.47482 0.880083
0.912849 0.408297
0.679737 0.733456
0.755582 0.655054
0.889192 0.457535
0.304014 0.952668
0.614326 0.789052
0.954332 0.298748
0.895277 0.44551
0.763492 0.645818
0.388108 0.921614
0.347457 0.937696
0.361288 0.932454
0.870338 0.492455
0.594458 0.804127
0.497917 0.867225
0.120824 0.992674
0.883005 0.469364
0.794091 0.607799
0.808787 0.588101
0.74757 0.664183
0.604454 0.79664
0.633672 0.773602
0.823097 0.567901
0.923994 0.382407
0.486457 0.873705
0.0630158 0.998013
0.830109 0.5576
0.204771 0.97881
0.967681 0.252177
6.12323e-17 1
0.786594 0.617471
0.670769 0.741666
0.98674 0.162308
0.318856 0.947803
0.68859 0.725151
0.857286 0.51484
0.584309 0.811532
0.9957 0.0926377
0.949597 0.313474
0.288794 0.957391
0.705978 0.708234
0.652471 0.757813
0.43884 0.898565
