0.65826 3.39384
0.774929 2.56461
0.744597 2.75638
0.785899 2.50544
0.859349 2.307
0.695438 3.11829
0.767898 2.60566
0.713544 2.98136
0.0306975 3.96054
0.738224 2.8008
0.793566 2.46796
0.710519 3.00411
0.824324 2.35432
0.0441119 3.93807
0.109354 3.79686
0.757697 2.66911
0.761058 2.64773
0.226129 3.58233
0.120752 3.76963
0.0688976 3.88944
0.187112 3.62924
0.8296 2.34131
0.126458 3.75606
0.741392 2.77857
0.686337 3.18715
0.754372 2.69069
0.143793 3.71574
3.83808e-17 4
0.719619 2.93597
0.67093 3.30212
0.692413 3.14121
0.674037 3.27918
0.810144 2.39898
0.81465 2.3833
0.103668 3.81041
0.722682 2.91327
0.63508 3.5512
0.751076 2.71248
0.683293 3.21007
0.797534 2.4499
0.180494 3.64054
0.167796 3.66442
0.0236313 3.97115
0.849174 2.3111
0.661456 3.37101
0.0748356 3.87665
0.819357 2.36838
0.641845 3.50694
0.725754 2.89065
0.667799 3.32508
0.208816 3.59863
0.0806733 3.86373
0.174072 3.65228
0.72884 2.86811
0.056743 3.91434
0.161649 3.67688
0.0162342 3.98129
0.050507 3.92635
0.149669 3.70258
0.115047 3.78326
0.698452 3.09543
0.0864655 3.85062
0.0922412 3.83729
0.648496 3.46202
0.680228 3.23307
0.67714 3.25613
0.132197 3.74252
0.0084035 3.99093
0.638481 3.52914
0.137973 3.72907
0.707495 3.02693
0.0375194 3.94949
0.65504 3.4166
0.83532 2.32951
0.747823 2.73435
0.155614 3.68962
0.664634 3.3481
0.251135 3.5732
0.651784 3.43934
0.704479 3.04975
0.764457 2.62658
0.0628618 3.90204
0.789691 2.48648
0.805805 2.41536
0.0979682 3.82389
0.201186 3.60818
0.782179 2.5248
0.236764 3.57629
0.689377 3.16419
0.701465 3.07258
0.217025 3.58994
0.194003 3.6184
0.801609 2.43235
0.645188 3.48453
0.778525 2.54453
0.716575 2.95866
0.771389 2.58499
0.731949 2.84558
0.841692 2.31923
0.735079 2.82312
