0.21346 0.28654 5.55112e-17
0.196583 0.148692 0.154725
0.5 1.11022e-16 5.55112e-17
0.364793 0.0954343 0.0397728
0.0320814 0.467919 5.55112e-17
0.414993 0 0.0850069
0.187501 0.00876438 0.303735
0.467535 0 0.0324651
0.082033 0.0993856 0.318581
0.414353 0.0744692 0.0111783
0.193047 0.267584 0.0393691
0.0368564 0.432816 0.0303272
0.0176552 0.376371 0.105974
0 0.353345 0.146655
0.176857 0.193466 0.129677
0.0860095 0.2406 0.173391
0.357911 0 0.142089
0.106211 0.195785 0.198004
0.0131716 0.313637 0.173191
0.385255 0.114745 5.55112e-17
0.116105 0.00895372 0.374941
0.255964 0.0106643 0.233372
0.0925819 0.371918 0.0355003
0.15616 1.73373e-17 0.34384
0.145352 0.104122 0.250525
5.19243e-18 0.0345176 0.465482
0.215128 0.104556 0.180316
0.319127 0.120155 0.0607177
0.0600315 0.220233 0.219736
0.113962 0.386038 0
0.0213261 0.147161 0.331513
0.170374 0.127262 0.202364
0.26976 0.144622 0.0856176
4.3248e-17 0.287498 0.212502
0.119004 0.332208 0.0487878
0.109832 0.261061 0.129108
0.132226 0.217353 0.150421
0.121547 0.0807701 0.297683
0.0490706 0.394171 0.0567579
0.275773 0.210483 0.013744
0.152566 0.291621 0.0558132
0.0417538 0.26526 0.192987
0.0906935 0.307988 0.101318
0.300401 0.0626423 0.136957
0.222764 0.169589 0.107648
0 0.222453 0.277547
0.295177 0.163589 0.0412339
0.133369 0.278984 0.0876476
0.0553277 0.152995 0.291677
0.290755 0.10233 0.106914
0.226834 2.51836e-17 0.273166
0.431703 0.023382 0.0449152
0.334818 0.0445943 0.120587
0.137493 0.0388416 0.323665
0.39007 0.0502938 0.0596363
0.0772206 0.422779 0
0.0486227 0.10873 0.342647
0.17343 0.314212 0.0123587
0 0.414508 0.0854919
0.12605 0.149869 0.224081
0.208429 0.0392976 0.252273
6.84716e-17 0.455176 0.0448236
0.234059 0.0594307 0.20651
0.0455262 1.51633e-17 0.454474
0.201246 0.21482 0.0839337
0.0191103 0.0524845 0.428405
0 0.5 5.55112e-17
0.100579 0.12769 0.271732
0.377097 0.0195399 0.103363
0.189196 0.0828447 0.227959
0.258743 0.0842643 0.156993
0.249212 0.188775 0.0620121
0.224159 0.23087 0.0449705
0.0124736 0.247522 0.240005
0.453275 0.0467254 5.55112e-17
0.151227 0.172101 0.176673
0.159402 0.239491 0.101107
0 0.130101 0.369899
0.29418 0 0.20582
0.0440781 0.330585 0.125337
0.0399388 0.0789602 0.381101
0.165789 0.0574252 0.276786
0.320514 0.012568 0.166918
0 0.184152 0.315848
0.150676 0.349324 0
0.242493 0.125675 0.131832
0.0817691 0.17365 0.244581
0.0916459 0.0567352 0.351619
0.0636915 0.287352 0.148957
0.275865 0.0407191 0.183416
0.252013 0.247987 0
0.343951 0.0734459 0.0826036
0.0857025 9.51489e-18 0.414298
0.345108 0.144267 0.0106251
0.0379391 0.197413 0.264648
0 0.0919844 0.408016
0.316262 0.183738 5.55112e-17
0.0685391 0.351085 0.0803757
1.08662e-16 8.56272e-17 0.5
0.0642099 0.0366748 0.399115
