0.405827 0.0941733
0.168913 0.331087
0.475403 0.0245968
0.365983 0.134017
0.0908947 0.409105
0.158575 0.341425
0.410809 0.0891911
0.137791 0.362209
0.420782 0.0792176
0.230122 0.269878
0.0805621 0.419438
0.285691 0.214309
0.425772 0.0742285
0.330986 0.169014
0.127336 0.372664
0.370972 0.129028
0.390893 0.109107
0.495092 0.00490806
0.255358 0.244642
0.0960715 0.403929
0.395868 0.104132
0.18435 0.31565
0.0702991 0.429701
0.310898 0.189102
0.485265 0.0147354
0.490182 0.00981849
0.0448934 0.455107
0.400847 0.0991533
0.225071 0.274929
0.0398713 0.460129
0.460582 0.0394181
0 0.5
0.116883 0.383117
0.174075 0.325925
0.280639 0.219361
0.25031 0.24969
0.15339 0.34661
0.0148751 0.485125
0.189478 0.310522
0.375957 0.124043
0.143004 0.356996
0.245263 0.254737
0.435742 0.0642584
0.0857039 0.414296
0.350992 0.149008
0.209878 0.290122
0.0652169 0.434783
0.235172 0.264828
0.0550228 0.444977
0.0601049 0.439895
0.163749 0.336251
0.305869 0.194131
0.345998 0.154002
0.480337 0.0196635
0.0499685 0.450032
0.300831 0.199169
0.148205 0.351795
0.0198535 0.480147
0.335994 0.164006
0.111666 0.388334
0.355989 0.144011
0.415794 0.0842063
0.179226 0.320774
0.440718 0.059282
0.295786 0.204214
0.450669 0.0493313
0.385916 0.114084
0.275583 0.224417
0.00494945 0.495051
0.325971 0.174029
0.0348482 0.465152
0.106456 0.393544
0.101244 0.398756
0.0248378 0.475162
0.360985 0.139015
0.290738 0.209262
0.199708 0.300292
0.122107 0.377893
0.430761 0.0692386
0.455626 0.0443745
0.445692 0.0543077
0.0754173 0.424583
0.220004 0.279996
0.265464 0.234536
0.0298219 0.470178
0.132564 0.367436
0.270523 0.229477
0.465532 0.0344677
0.214935 0.285065
0.340996 0.159004
0.0099156 0.490084
0.204801 0.295199
0.5 0
0.240219 0.259781
0.470474 0.0295258
0.260408 0.239592
0.194595 0.305405
0.315931 0.184069
0.320955 0.179045
0.380938 0.119062
