0.635014 3.55163
0.0859183 3.85187
0.80997 2.39962
0.814495 2.38382
0.0802507 3.86468
0.648292 3.46341
0.661296 3.37216
0.113596 3.78672
0.209888 3.5974
0.743746 2.76224
0.0915272 3.83895
0.705657 3.04083
0.202469 3.60648
0.801394 2.43325
0.654822 3.41813
0.835235 2.32966
0.686809 3.18359
0.658062 3.39524
0.724492 2.89993
0.15824 3.68402
0.6773 3.25494
0.188771 3.62654
0.13561 3.73455
0.146801 3.70896
0.645008 3.48574
0.747028 2.73975
0.10261 3.81292
0.226754 3.58189
0.715056 2.97003
0.778142 2.54663
0.130073 3.74751
0.062782 3.9022
0.152486 3.69639
0.699386 3.08834
0.0237604 3.97096
0.0687094 3.88984
0.781828 2.52666
0.711918 2.99358
0.689962 3.15977
0.824197 2.35466
0.767398 2.60867
0.66772 3.32565
0.664517 3.34895
0.030841 3.96032
0.702522 3.06457
0.77451 2.56699
0.734029 2.83064
4.9548e-17 4
0.217889 3.58912
0.0505275 3.92631
0.76391 2.62995
0.680478 3.2312
0.170026 3.66003
0.750342 2.71738
0.0970864 3.82597
0.740484 2.78492
0.849135 2.31113
0.785579 2.50707
0.141184 3.72168
0.77093 2.58768
0.195467 3.61622
0.251148 3.5732
0.0745259 3.87733
0.65157 3.44083
0.119076 3.77363
0.727656 2.87674
0.859349 2.307
0.638373 3.52985
0.718193 2.94659
0.789402 2.4879
0.17609 3.64851
0.708786 3.01718
0.670922 3.30218
0.182326 3.63733
0.0376227 3.94931
0.721338 2.92321
0.841625 2.31932
0.730836 2.85362
0.737248 2.80771
0.793308 2.46916
0.237124 3.57614
0.00845197 3.99088
0.164076 3.6719
0.108111 3.79983
0.696248 3.11214
0.829497 2.34155
0.757057 2.67323
0.674119 3.27857
0.0441647 3.93798
0.641699 3.50791
0.0163284 3.98117
0.805609 2.41613
0.819223 2.36879
0.124566 3.76055
0.693112 3.13592
0.797298 2.45094
0.683648 3.2074
0.0567264 3.91437
0.760462 2.65149
0.753685 2.6952
