0.745392 2.75092
0.0300683 3.96152
0.634869 3.55256
0.165828 3.66835
0.677937 3.25019
0.707836 3.02436
0.650682 3.44698
0.00821883 3.99115
0.124521 3.76065
0.641269 3.51077
3.46945e-17 4
0.748695 2.72845
0.14762 3.70713
0.758797 2.66206
0.698811 3.0927
0.795866 2.45737
0.665964 3.33845
0.135946 3.73377
0.755402 2.68396
0.207591 3.60007
0.061677 3.90446
0.84885 2.31136
0.834573 2.33091
0.686872 3.18311
0.784019 2.51513
0.841143 2.31999
0.0676037 3.89218
0.859345 2.307
0.113248 3.78756
0.713903 2.97867
0.0495056 3.92823
0.716962 2.95577
0.668973 3.31649
0.0849874 3.85399
0.689849 3.16062
0.735698 2.81871
0.141739 3.72041
0.671969 3.29447
0.118863 3.77414
0.738897 2.79606
0.828688 2.34342
0.701815 3.06993
0.0963243 3.82776
0.726248 2.88703
0.225368 3.58288
0.0792347 3.86694
0.656852 3.40382
0.216017 3.59091
0.662942 3.36033
0.0906672 3.84095
0.251113 3.5732
0.659904 3.38212
0.70482 3.04716
0.644431 3.48963
0.0734447 3.87968
0.720036 2.93287
0.695827 3.11534
0.101997 3.81437
0.192414 3.62081
0.710866 3.0015
0.0432199 3.93966
0.638083 3.53174
0.772865 2.57642
0.823264 2.35718
0.765752 2.61865
0.808747 2.40412
0.172142 3.65595
0.787879 2.49544
0.742133 2.77341
0.0158874 3.98174
0.674957 3.27236
0.780229 2.53524
0.752028 2.70614
0.762253 2.64024
0.818175 2.37198
0.683901 3.2055
0.159646 3.68106
0.680921 3.22788
0.199774 3.6101
0.776517 2.55566
0.732528 2.84141
0.0556329 3.91652
0.813356 2.38766
0.0231291 3.97187
0.804311 2.42128
0.653774 3.42547
0.130198 3.74722
0.647567 3.46837
0.236319 3.57648
0.769273 2.59745
0.723131 2.90995
0.0367473 3.95078
0.153584 3.694
0.692836 3.13801
0.791827 2.47616
0.178667 3.64381
0.729366 2.86428
0.80002 2.43907
0.107625 3.80099
0.185412 3.63206
