0.0607568 0.403544 0.0356991
0.415347 0.0846534 1.11022e-16
0.223784 0.257707 0.0185088
0.354901 0.110411 0.0346884
0.279867 0.0505692 0.169564
0.092562 0.0628131 0.344625
0.261604 0.238396 5.55112e-17
3.64337e-17 0.344889 0.155111
0.179379 0.279939 0.0406818
0.258549 0.0973997 0.144052
0.233325 0.0784086 0.188266
0.241311 0.210863 0.0478266
0.132787 0.226369 0.140844
0.435422 4.83415e-17 0.0645781
0.463291 0.00880653 0.0279022
0.0163091 0.428 0.0556905
0.0906118 3.01798e-17 0.409388
0 0.289765 0.210235
0.0888923 0.248187 0.16292
0.0441627 0.268357 0.18748
0.238611 0.142147 0.119242
3.63055e-17 8.85946e-17 0.5
0.0648732 0.118511 0.316615
0.220133 0.0531796 0.226687
0.131175 0.15585 0.212975
0.0507077 0.0177111 0.431581
0.153147 0.113033 0.23382
0.35189 0.0480541 0.100056
0.0538793 0.158686 0.287435
0.329174 0.0930546 0.0777709
0.0561745 0.335419 0.108406
0.301082 0.198918 1.11022e-16
0 0.156139 0.343861
4.90414e-17 0.464236 0.0357636
0.0987463 0.317741 0.0835129
0.454388 0.0456118 0
0.283656 0.118612 0.0977322
0.140231 0.300743 0.0590261
0.193808 0.163278 0.142914
0.113872 0.273358 0.112769
0.0835746 0.18045 0.235976
4.84617e-18 0.0458749 0.454125
0.0677911 0.0446954 0.387513
0.379111 4.20897e-17 0.120889
0.217911 0.187367 0.0947225
0.109576 0.0845146 0.305909
0.0222691 0.310963 0.166768
0.0619417 0.225898 0.21216
4.2687e-17 0.404084 0.0959158
0.0419076 0.379672 0.0784201
0.411934 0.0500052 0.0380605
0.0160273 0.120115 0.363857
0.0694478 0.293152 0.1374
0.0225559 0.0642967 0.413147
0.0520877 0.0904246 0.357488
0.100093 0.138678 0.261229
0.198579 0.233632 0.0677891
0.174699 0.207862 0.117439
0.108595 0.202497 0.188909
0.127779 0.344636 0.0275854
0.161426 0.0523739 0.2862
0.0413952 0.456235 0.0023696
0.262001 0.162943 0.0750553
0.397068 0.0200482 0.0828841
0.153117 1.69995e-17 0.346883
0.0400171 0.202097 0.257886
0.0330384 1.1004e-17 0.466962
0.5 5.55112e-17 1.11022e-16
0.183502 0.117076 0.199422
0.116032 0.383968 1.11022e-16
0.0849541 0.360849 0.0541967
0.191657 4.25564e-17 0.308343
0.114754 0.0141041 0.371142
7.58993e-18 0.5 5.55112e-17
0.129799 0.0982797 0.271921
0.16652 0.33348 5.55112e-17
0.207264 0.0223858 0.27035
0.154203 0.176898 0.168899
0.340204 3.77703e-17 0.159796
0.0120451 0.179547 0.308408
0.246719 8.2174e-17 0.253281
0.0784283 0.421572 1.11022e-16
0.30933 0.138628 0.0520422
0.0115295 0.250532 0.237938
1.05778e-17 0.100132 0.399868
0.263033 0.0232578 0.213709
0.335172 0.160235 0.00459327
0.155874 0.253898 0.0902281
0.203744 0.296256 5.55112e-17
0.301269 3.34476e-17 0.198731
0.211896 0.124484 0.163619
0 0.221371 0.278629
0.182248 0.0749961 0.242756
0.137124 0.0377945 0.325081
0.0149311 0.362825 0.122244
0.375331 0.070995 0.053674
0.323195 0.0334347 0.14337
0.303411 0.0746192 0.121969
0.283268 0.18282 0.0339119
0.374996 0.125004 5.55112e-17
