0.568443 0.568443 0.594765
0.177849 0.177849 0.967853
4.32978e-17 4.32978e-17 1
0.683569 0.683569 0.255864
0.604535 0.604535 0.518724
0.478808 0.478808 0.735857
0.21803 0.21803 0.951276
0.693057 0.693057 0.198355
0.661725 0.661725 0.352476
0.510413 0.510413 0.692068
0.368557 0.368557 0.853424
0.245996 0.245996 0.937535
0.665589 0.665589 0.337612
0.540367 0.540367 0.644986
0.68017 0.68017 0.273383
0.707107 0.707107 0
0.418638 0.418638 0.805906
0.641241 0.641241 0.421449
0.404653 0.404653 0.820068
0.491621 0.491621 0.718761
0.31438 0.31438 0.895729
0.345914 0.345914 0.872174
0.383208 0.383208 0.840419
0.701177 0.701177 0.129237
0.669368 0.669368 0.322326
0.584388 0.584388 0.563011
0.107164 0.107164 0.988449
0.43916 0.43916 0.783758
0.255004 0.255004 0.932709
0.653769 0.653769 0.381016
0.497941 0.497941 0.710007
0.188251 0.188251 0.96391
0.297999 0.297999 0.906859
0.390426 0.390426 0.833748
0.649675 0.649675 0.394771
0.695939 0.695939 0.177026
0.623473 0.623473 0.471767
0.636917 0.636917 0.434366
0.628042 0.628042 0.459485
0.573843 0.573843 0.584301
0.632514 0.632514 0.447047
0.504207 0.504207 0.701107
0.0405359 0.0405359 0.998355
0.263869 0.263869 0.927764
0.445893 0.445893 0.776117
0.198411 0.198411 0.959826
0.452586 0.452586 0.768331
0.093151 0.093151 0.991285
0.57917 0.57917 0.573694
0.0609096 0.0609096 0.996283
0.557436 0.557436 0.615248
0.0779352 0.0779352 0.993908
0.528596 0.528596 0.664208
0.322416 0.322416 0.889998
0.516552 0.516552 0.682897
0.673062 0.673062 0.306553
0.120296 0.120296 0.985423
0.144647 0.144647 0.978854
0.236868 0.236868 0.942225
0.599605 0.599605 0.530045
0.132751 0.132751 0.982219
0.551815 0.551815 0.625301
0.645502 0.645502 0.408233
0.686859 0.686859 0.237588
0.472325 0.472325 0.74419
0.425539 0.425539 0.798645
0.28964 0.28964 0.912259
0.411681 0.411681 0.813042
0.397567 0.397567 0.826971
0.465785 0.465785 0.752389
0.432383 0.432383 0.791258
0.167144 0.167144 0.971661
0.361101 0.361101 0.859774
0.353553 0.353553 0.866026
0.534518 0.534518 0.65466
0.156093 0.156093 0.975331
0.28116 0.28116 0.91755
0.227531 0.227531 0.946815
0.703476 0.703476 0.101207
0.272574 0.272574 0.922717
0.330347 0.330347 0.884161
0.37592 0.37592 0.846976
0.618845 0.618845 0.483799
0.705493 0.705493 0.0675149
0.698652 0.698652 0.154176
0.54613 0.54613 0.635204
0.338177 0.338177 0.878221
0.594599 0.594599 0.541205
0.609381 0.609381 0.507257
0.589542 0.589542 0.552159
0.208335 0.208335 0.955612
0.690026 0.690026 0.218471
0.562991 0.562991 0.605048
0.52261 0.52261 0.673615
0.657785 0.657785 0.366929
0.45921 0.45921 0.760429
0.614163 0.614163 0.495589
0.676668 0.676668 0.290244
0.485247 0.485247 0.727372
0.306243 0.306243 0.901349
