0.435517 0.0644834
0.178232 0.321768
0.485263 0.0147365
0.0742932 0.425707
0.188631 0.311369
0.229824 0.270176
0.0998412 0.400159
0.204142 0.295858
0.0895911 0.410409
0.385186 0.114814
0.325514 0.174486
0.105006 0.394994
0.45053 0.0494705
0.0591733 0.440827
0.255308 0.244692
0.395228 0.104772
0.224705 0.275295
0.375188 0.124812
0.00974685 0.490253
0.0491725 0.450828
0.280559 0.219441
0.41539 0.0846099
0.470445 0.0295546
0.162578 0.337422
0.410343 0.0896571
0.360231 0.139769
0.390192 0.109808
0.0641993 0.435801
0.335421 0.164579
0.44555 0.05445
0.475378 0.0246217
0.0392238 0.460776
0.25023 0.24977
0.420428 0.0795724
0.5 0
0.209301 0.290699
0.400268 0.0997316
0.295636 0.204364
0.245136 0.254864
0.110214 0.389786
0.345338 0.154662
0.275515 0.224485
0.15735 0.34265
0.300641 0.199359
0.465486 0.0345143
0.00487075 0.495129
0.365204 0.134796
0.0947157 0.405284
0.460529 0.0394712
0.234929 0.265071
0.380175 0.119825
0.0692437 0.430756
0.152116 0.347884
0.193809 0.306191
0.0146267 0.485373
0.290633 0.209367
0.167798 0.332202
0.2856 0.2144
0.115419 0.384581
0.265437 0.234563
0.136361 0.363639
0.0793928 0.420607
0.490175 0.00982485
0.0195098 0.48049
0.350299 0.149701
0.315579 0.184421
0.21958 0.28042
0.355263 0.144737
0.240029 0.259971
0.270477 0.229523
0.0243981 0.475602
0.480325 0.0196748
0.0342702 0.46573
0.330468 0.169532
2.42861e-17 0.5
0.183432 0.316568
0.146864 0.353136
0.125878 0.374122
0.425463 0.0745368
0.131118 0.368882
0.260381 0.239619
0.320552 0.179448
0.340379 0.159621
0.495087 0.00491281
0.430495 0.0695053
0.17302 0.32698
0.37019 0.12981
0.120658 0.379342
0.405304 0.0946958
0.198975 0.301025
0.305621 0.194379
0.440539 0.0594609
0.310602 0.189398
0.0541627 0.445837
0.0844805 0.41552
0.029331 0.470669
0.141611 0.358389
0.0442032 0.455797
0.214445 0.285555
0.455535 0.0444651
