0.14867 0.145986 0.205344
0.033136 1.10365e-17 0.466864
0.203751 2.2621e-17 0.296249
0.11104 0.347853 0.041107
0.131921 0.368079 5.55112e-17
0.406024 9.01555e-17 0.0939757
0.121693 0.118886 0.259421
0.191179 0.125033 0.183789
0.0506719 0.242384 0.206944
0.301631 0.167076 0.0312929
0.366496 0.012965 0.120539
0.340232 0.0617049 0.0980631
0.147969 0.221569 0.130462
0.0496039 0.120497 0.329899
0.00919947 0.373516 0.117285
0.213263 0.150529 0.136208
0.39747 0.10253 0
0.256286 0.196961 0.0467527
0.319319 0.180681 0
0.107674 0.019889 0.372437
0.235554 0.173707 0.0907394
0.0468803 0.183883 0.269237
0.300345 0.0160293 0.183626
0.0896921 9.95782e-18 0.410308
6.45603e-17 0.5 5.55112e-17
0.0638231 0.375563 0.0606143
0.414155 0.0638389 0.0220056
3.70247e-17 0.342709 0.157291
0.282726 0.14817 0.0691043
0 0.146469 0.353531
0.208007 0.221347 0.0706457
0.138863 0.299869 0.0612676
0.165923 0.0993744 0.234703
0.251211 0.0481494 0.20064
0.0773301 0.0731288 0.349541
5.76105e-17 0.446176 0.0538242
0.0930618 0.323605 0.0833328
0.0981258 0.095989 0.305885
0.123516 0.200103 0.17638
0.0331503 0.322602 0.144248
0.0187327 0.227261 0.254007
0.10861 0.241262 0.150129
0.225119 0.24297 0.0319117
0.0775943 0.257683 0.164723
0.225225 0.0341491 0.240626
0.18554 0.0511813 0.263279
0.242036 0 0.257964
0 0.264296 0.235704
0.359861 0.140139 5.55112e-17
0.280381 3.11285e-17 0.219619
0.197587 0.302413 0
0.0379017 0.282938 0.179161
0.0216018 0.0626551 0.415743
8.72133e-17 0.302218 0.197782
0.189876 0.197265 0.112859
0.163964 0.248799 0.0872368
0.278861 0.221139 5.55112e-17
0.143676 0.072453 0.283871
0.0220966 0.465179 0.0127247
0.260662 0.127845 0.111493
0.0935266 0.159529 0.246944
0.0490309 0.350529 0.10044
0.5 1.11022e-16 0
0.3858 0.0425202 0.0716802
0.147508 1.63767e-17 0.352492
1.03799e-17 0.0960787 0.403921
0.288641 0.086344 0.125015
0.182071 0.274331 0.0435978
0.43056 0.0166332 0.0528065
0.208937 0.0800459 0.211017
0.166628 0.0214646 0.311907
0.109558 0.179152 0.21129
0.0505651 0.0177556 0.431679
0.236494 0.105834 0.157672
8.52815e-17 2.57408e-17 0.5
0.0617888 0.0490713 0.38914
0.238254 0.261746 5.55112e-17
0.0707922 0.140419 0.288789
0.312818 0.104992 0.0821901
0.316891 0.042693 0.140416
0.36505 0.0844753 0.0504747
0.26853 0.0655311 0.165939
0.0185517 0.166676 0.314773
0.336664 0.124158 0.0391781
0.119483 0.273845 0.106671
0.466149 1.03506e-16 0.0338507
0.167952 0.173087 0.158961
0.026966 0.102896 0.370138
2.71581e-17 0.408191 0.0918087
0.0703201 0.205982 0.223697
0.122544 0.0486775 0.328779
0.159587 0.327227 0.0131863
8.13461e-17 0.0441405 0.455859
0.0915569 0.397381 0.0110621
0.453951 0.0460486 0
0.340666 7.56431e-17 0.159334
0.0404915 0.417035 0.042474
0.0728785 0.299796 0.127325
0.0632367 0.436763 0
1.37074e-17 0.206025 0.293975
