0.23145 0.732743 4.41879
0.243975 0.819164 3.94296
0.235822 0.656908 4.98012
0.111401 0.24517 5.36573
0.857928 0.1602 3.98699
0.796393 0.858269 2.76205
0.859096 0.8591 2.61402
0.816229 0.857298 2.6853
0.0694867 0.857972 4.19528
4.19717e-17 0.799619 4.44079
0.743154 0.122992 4.53062
0.774395 0.777531 3.11765
0.85867 0.11204 4.09747
0.154879 1.32336e-17 5.6912
0.804083 1.32336e-17 4.42219
0.857757 0.648003 3.7725
0.857961 0.708087 3.32954
0.708689 0.718445 3.96262
0.673581 0.222474 4.86768
0.246116 0.0451754 5.50977
0.763172 0.858109 2.94159
0.858525 0.820097 2.67321
0.212588 0.774281 4.16272
0.248948 0.248963 5.14656
0.188485 0.679614 4.86466
0.145835 0.230578 5.29056
0.123254 0.858582 4.0707
0.240819 0.752788 4.27592
0.724575 0.767184 3.50927
4.759e-18 0 6
0.718656 0.858013 3.25021
0.67676 0.843029 3.57642
0.857938 1.32336e-17 4.30709
0.219778 0.218984 5.17553
0.245591 0.17835 5.21807
0.788144 0.132101 4.23687
0.130193 0.737892 4.55038
0.85813 0.766965 2.91835
0.0784359 0.230791 5.44802
0.85913 0.249572 3.88025
0.763812 1.32336e-17 4.63055
0.855491 0.0353615 4.26068
0.854701 0.136105 4.04127
0.244938 0.110989 5.36676
0.217975 0.0824144 5.44886
0.851066 0.783419 2.82799
0.231791 0.794282 4.04335
0.103412 0.109265 5.60809
0.774697 0.707296 3.59436
0.143012 0.151857 5.41528
0.0388551 0.246137 5.52083
0.150349 0.855979 4.00854
0.842353 0.753026 3.01787
0.857001 0.800621 2.74374
0.858779 0.186028 3.93805
4.759e-18 0.126825 5.75519
0.0975863 0.850178 4.13513
0.711704 0.211208 4.59111
0.727288 1.32336e-17 4.87943
0.224184 0.713355 4.56655
4.19717e-17 0.68552 5.19331
0.779634 0.84757 2.85095
0.853352 0.663739 3.66301
4.19717e-17 0.218971 5.58813
0.857977 0.678755 3.55116
0.853644 0.722942 3.21965
0.662139 0.858063 3.67318
0.64718 0.856221 3.77841
0.239863 0.693538 4.70781
0.817251 0.24357 3.94895
0.249222 0.859079 3.88027
0.683136 0 5.21125
0.850604 0.215351 3.90161
0.692045 0.240044 4.71906
4.19717e-17 0.855122 4.30772
0.691351 0.10788 4.94964
4.19717e-17 0.756663 4.67577
4.759e-18 0.717971 4.94824
0.733351 0.84644 3.14907
0.23039 0.145307 5.29186
0.178598 0.85867 3.95096
0.858723 0.0635368 4.20767
0.849204 0.0894105 4.15493
0.704353 0.854371 3.3587
0.747544 0.856795 3.04351
0.178732 0.24562 5.21737
0.689858 0.858014 3.46764
0.038358 0.858733 4.2551
0.653236 0.237297 5.0053
0.847437 0.693859 3.44286
0.858005 0.7377 3.11158
0.750025 0.221542 4.30539
0.210566 0.852421 3.90555
0.793622 0.221272 4.05381
0.769905 0.242413 4.16807
0.0841993 1.32336e-17 5.85578
0.729247 0.241858 4.43966
0.120164 0.788878 4.26151
0.839924 0.843987 2.63805
0.235459 1.32336e-17 5.57686
