0.67497 0.556867 0.484061
0.71415 0.439541 0.544788
0.79561 0.605809 0
0.353187 0.391737 0.849589
0.722519 0 0.691351
0.315582 0.317613 0.894164
0.377514 0.926004 0
0.686765 0.726879 0
6.12323e-17 1 0
0.792356 0.35669 0.494917
0.487897 0 0.872901
0.46325 0.506967 0.7269
0.632803 0.4964 0.594262
0.620459 0.316864 0.717376
0.727967 0.685613 0
5.85228e-17 0.955749 0.294182
0.797295 0 0.603589
0.577809 0.743075 0.337604
0.682197 0 0.731168
0.831484 0 0.555549
0.481559 0.654576 0.582779
0.549531 0.835474 0
0.75174 0.494636 0.436146
0.827489 0.561482 0
0.311961 0.488522 0.814879
3.77117e-17 0.615879 0.787841
0.295645 0 0.955298
3.47523e-17 0.567548 0.82334
0.848895 0.308193 0.429412
0.952311 0 0.305129
0.924955 0 0.380078
0.291292 0.78748 0.54316
0.306839 0.951761 0
0.600642 0.799518 0
0.554872 0.280406 0.783256
0.37395 0 0.927449
0.913728 0.406326 0
0.282418 0.634575 0.719413
0.456078 0.325567 0.82825
0.74894 0.306681 0.587397
0.982763 0.184869 0
4.36021e-17 0.712076 0.702103
0.440606 0.8977 0
0.307274 0.730531 0.609842
0.534179 0.700426 0.473345
0.409088 0.853623 0.322452
0.342231 0.549604 0.762111
0.533952 0.555944 0.637041
4.61321e-17 0.753394 0.657569
0.29863 0.911426 0.283058
0.975235 0 0.221173
0.643061 0.765815 0
0.857597 0.514322 0
5.68938e-17 0.929146 0.369713
4.85203e-17 0.792396 0.610007
0.639512 0 0.768781
0.538346 0 0.842724
2.43291e-17 0.397325 0.917678
0.424153 0.598257 0.679841
5.28469e-17 0.863056 0.505109
0.577463 0.446911 0.683233
0.590621 0 0.806949
6.00354e-17 0.980452 0.196759
0.886675 0.462392 0
0.584987 0.605977 0.539057
0.339013 0.823074 0.455652
0.93861 0.344981 0
0.961013 0.276504 0
0.76184 0.647765 0
0.469174 0.781615 0.411041
0.714174 0.60925 0.34463
0.433374 4.23426e-207 0.901214
2.81712e-17 0.460071 0.887882
0.269673 0.877444 0.396698
0.760957 0 0.648802
1 0 0
1.3802e-17 0.225404 0.974265
4.07604e-17 0.665668 0.746248
0.873591 0.388682 0.292858
0.356901 0.676402 0.644284
1.95171e-17 0.318738 0.947843
0.245182 0.258611 0.934348
0.659067 0.693335 0.291406
0.906708 0.274454 0.320242
0.627153 0.653088 0.424448
5.07557e-17 0.828904 0.559391
0.89471 0 0.446647
0.864191 0 0.503165
6.12323e-17 0 1
0.498535 0.410454 0.763538
0.49466 0.869086 0
0.677278 0.354262 0.64482
5.4963e-17 0.897613 0.440784
0.51282 0.81113 0.281217
0.781507 0.54453 0.304523
0.424034 0.743309 0.517384
0.1977 0 0.980263
0.820871 0.448085 0.354105
0.224121 0.974561 0
3.15815e-17 0.515765 0.85673
