0.57821 0.815888
0.912698 0.408636
0.355455 0.934693
0.87026 0.492592
0.124245 0.992252
0.645144 0.764061
0.785542 0.618808
0.954 0.299806
0.857093 0.515162
0.697731 0.716359
0.341216 0.939985
0.382921 0.923781
0.722637 0.691228
0.822407 0.568899
0.738814 0.673909
0.470408 0.882449
0.526361 0.850261
0.88915 0.457616
0.626659 0.779293
0.607682 0.794181
0.51552 0.856877
0.850349 0.526219
0.458629 0.888628
0.70612 0.708092
0.311587 0.950217
0.989818 0.142342
0.663138 0.748497
0.923751 0.382994
0.421948 0.90662
0.246679 0.969097
0.537027 0.843565
1 3.54237e-17
0.0972609 0.995259
6.12323e-17 1
0.369338 0.929295
0.91828 0.395933
0.396239 0.918148
0.983051 0.183333
0.929117 0.369785
0.963044 0.269343
0.730772 0.682622
0.597992 0.801502
0.975533 0.219851
0.689237 0.724536
0.228929 0.973443
0.446615 0.894726
0.793077 0.609121
0.493336 0.869839
0.588168 0.808739
0.617241 0.786774
0.815194 0.579188
0.770288 0.637696
0.967353 0.253433
0.800508 0.599322
0.481948 0.8762
0.326604 0.945161
0.671955 0.740592
0.504525 0.863397
0.190944 0.981601
0.901159 0.433488
0.714437 0.6997
0.863729 0.503956
0.762532 0.64695
0.986536 0.163542
0.934357 0.356338
0.547538 0.836781
0.882959 0.46945
0.958589 0.284793
0.680655 0.732605
0.93945 0.342685
0.829532 0.55846
0.170337 0.985386
0.97938 0.202028
0.148294 0.988943
0.87667 0.481092
0.895221 0.445622
0.635964 0.771719
0.210401 0.977615
0.995633 0.0933559
0.971515 0.236978
0.843499 0.53713
0.777933 0.628347
0.296113 0.955153
0.906979 0.421176
0.99806 0.0622635
0.568118 0.822947
0.807884 0.589342
0.263732 0.964596
0.409254 0.912421
0.83656 0.547876
0.2802 0.959942
0.94444 0.328684
0.992862 0.119266
0.557899 0.829909
0.654194 0.756327
0.754695 0.656075
0.74679 0.66506
0.0648531 0.997895
0.949287 0.314412
0.434408 0.900716
