0.905951 0.423383
0.992001 0.126229
0.949356 0.314204
0.384508 0.923122
0.725713 0.687997
0.981075 0.19363
0.125438 0.992101
0.91737 0.398034
0.536111 0.844147
0.972766 0.231791
0.850386 0.526159
0.816559 0.577261
0.787744 0.616003
0.410533 0.911846
0.701059 0.713103
0.741743 0.670684
0.922958 0.3849
0.282167 0.959365
0.684296 0.729204
0.265717 0.964051
0.692735 0.721192
0.933827 0.357724
0.7951 0.606479
0.675796 0.737089
0.171897 0.985115
0.765134 0.643871
0.613829 0.789439
0.856879 0.515517
0.504366 0.86349
0.631966 0.774996
0.604589 0.796538
0.837128 0.547008
0.944289 0.329119
0.595226 0.803558
0.984942 0.172887
0.863303 0.504686
0.649756 0.760143
0.0981978 0.995167
0.780307 0.625397
0.995097 0.0989013
0.959128 0.282974
0.470868 0.882204
0.843804 0.536652
0.733774 0.679393
0.24863 0.968599
0.963813 0.266578
0.888163 0.459528
0.313502 0.949587
0.493423 0.869789
0.566338 0.824173
1 0
0.622952 0.78226
0.556453 0.830879
0.954306 0.298831
0.44743 0.894319
0.875906 0.482482
0.149665 0.988737
0.482249 0.876034
0.928429 0.37151
0.939091 0.343668
0.192661 0.981265
0.525682 0.850681
0.585734 0.810503
0.997824 0.0659301
0.911692 0.410875
0.823504 0.567311
0.830358 0.55723
0.357179 0.934036
0.900118 0.435645
0.717575 0.696481
0.423092 0.906087
0.77277 0.634686
0.88207 0.471118
0.23083 0.972994
0.342989 0.939339
0.809494 0.587128
0.397695 0.917518
0.640926 0.767603
0.709341 0.704866
0.212209 0.977224
0.894175 0.447717
0.546357 0.837553
0.667206 0.744873
0.802352 0.596851
0.968372 0.249511
0.749598 0.661893
0.435409 0.900233
0.371029 0.928621
0.988605 0.150532
6.12323e-17 1
0.0654871 0.997853
0.976999 0.213245
0.576134 0.817355
0.515142 0.857105
0.298102 0.954534
0.32843 0.944528
0.869644 0.49368
0.75741 0.65294
0.459234 0.888315
0.658491 0.752589
