2.01575e-17 0.422074 0.577926
0.51263 0.250471 0.309596
0.68656 1.15659e-05 0.338286
2.34373e-17 0.718822 0.281178
0 0.730222 0.269778
2.02935e-17 0.822658 0.177342
4.09754e-17 0.857977 0.142023
0 0.0566427 0.943357
0 0.126663 0.873337
0 0.515184 0.484816
0 0.952787 0.0472128
2.26229e-17 0.917091 0.0829088
0 0.0113492 0.988651
2.05834e-17 0.83441 0.16559
0.701595 0.0236297 0.289903
0 0.528505 0.471495
2.27011e-17 0.475333 0.524667
0 0.395413 0.604587
0.694739 0.183058 0.127029
2.20384e-17 0.893394 0.106606
0 0.976397 0.0236028
6.87232e-18 0.302303 0.697697
0 0.810952 0.189048
0.695597 0.113127 0.19739
7.17402e-18 0.315574 0.684426
1.97165e-17 0.79927 0.20073
0 0.462051 0.537949
1.54483e-18 0.0679547 0.932045
0.472147 0.118285 0.422057
0.514502 0.212219 0.349543
0.698363 0.077118 0.234545
3.65152e-17 0.764585 0.235415
2.05791e-17 0.905243 0.0947569
1.20535e-17 0.488624 0.511376
5.47763e-18 0.222053 0.777947
0.473255 0.125329 0.412264
2.58795e-17 0.541887 0.458113
9.89833e-18 0.435412 0.564588
0 0.928961 0.0710387
0 0.44877 0.55123
0 0.154127 0.845873
0 0.677329 0.322671
8.44451e-31 6.41848e-17 1
0.482348 0.236087 0.354169
0 0.112899 0.887101
4.80896e-18 0.194946 0.805054
0 0.101696 0.898304
1.29283e-17 0.568694 0.431306
0 0.595759 0.404241
0 0.0904588 0.909541
0.485571 0.323153 0.286453
1.78496e-14 1 0
2.03016e-17 0.62265 0.37735
0.708012 0.346538 5.06991e-08
0 0.609198 0.390802
0.689931 0.29246 0.0495055
0 0.275719 0.724281
0 0.368756 0.631244
3.59675e-17 0.753117 0.246883
2.43767e-17 0.988186 0.0118141
1.24576e-17 0.382075 0.617925
1.68602e-17 0.741654 0.258346
0 0.408746 0.591254
1.89847e-17 0.58226 0.41774
3.70668e-17 0.776135 0.223865
0 0.167773 0.832227
0 0.846168 0.153832
0 0.140388 0.859612
0.698576 0.0537301 0.258327
1.12465e-17 0.235489 0.764511
4.1539e-17 0.869776 0.130224
0 0.208488 0.791512
0 0.964577 0.0354233
0.703111 0.282968 0.031173
0 0.0340373 0.965963
1.0008 8.88888e-16 5.21462e-08
0.687692 0.264804 0.0759039
2.17469e-17 0.881579 0.118421
0 0.940857 0.0591427
1.11385e-15 0.691082 0.308918
6.14198e-18 0.248984 0.751016
1.11559e-17 0.342152 0.657848
7.47614e-18 0.328864 0.671136
0 0.0226979 0.977302
0 0.0453567 0.954643
0.697369 0.156907 0.15433
0.717616 0.305397 0.0155994
0 0.663647 0.336353
0.744858 0.209294 0.0989241
0 0.18137 0.81863
0 0.501898 0.498102
2.07447e-17 0.636238 0.363762
1.94285e-17 0.787593 0.212407
0 0.289022 0.710978
2.74242e-17 0.704904 0.295096
1.25299e-17 0.262362 0.737638
2.65171e-17 0.555236 0.444764
2.23839e-16 0.355471 0.644529
0 0.0792062 0.920794
3.10385e-17 0.649908 0.350092
