0.0110633 0.894818
0.193963 0.559588
0.0139735 0.88179
0.2 0.552786
0.00171149 0.95863
0.0341908 0.815093
0.116561 0.658589
0.0872254 0.70466
0.00584956 0.923518
0.176242 0.580188
0.126785 0.643931
0.00706849 0.915926
0.148048 0.61523
0.0252915 0.840967
0.913551 0.051406
0.12164 0.65123
0.0578425 0.759495
0.159111 0.601112
0.129383 0.640302
0.0599767 0.755099
0.0557323 0.763923
0.0270194 0.835624
0.0895949 0.700676
0.173342 0.583656
0.0536476 0.76838
0.185029 0.569849
0.0170378 0.869471
0.131996 0.636688
0.870748 0.0854644
0.0687407 0.737816
0.0417003 0.795793
0.0397905 0.800524
0.170461 0.587131
0.0919832 0.696713
0.167592 0.59062
0.0643069 0.746412
0.030564 0.825174
0.182082 0.57329
0.0732603 0.729334
0.077852 0.72098
0.00967972 0.901614
0.161931 0.597594
0.0360338 0.810174
2.10603e-08 0.999855
0.101661 0.681157
0.179157 0.576731
0.111542 0.666021
0.156316 0.604632
0.139946 0.625907
0.00834704 0.908638
0.137273 0.629497
0.0323688 0.820087
0.0967967 0.688878
0.0665108 0.742103
0.0186284 0.863514
0.124203 0.647575
0.000928487 0.969529
0.0046951 0.931479
0.564212 0.266347
0.0515971 0.77285
0.0495724 0.777351
0.0848575 0.708697
0.0801751 0.716848
1.00004 8.40027e-13
0.0621322 0.750737
0.0992212 0.685006
0.164748 0.594108
0.0154863 0.875556
0.134624 0.633088
0.109052 0.66977
0.0455882 0.786486
0.0287776 0.83036
0.00261242 0.948888
0.106574 0.673543
0.187991 0.566421
0.0124964 0.888213
0.0709881 0.733564
0.150779 0.611697
0.00361271 0.939894
0.119094 0.6549
0.0943842 0.69278
0.023579 0.846446
0.114044 0.662295
0.145326 0.618784
0.89049 0.0704969
0.603005 0.241118
0.000310875 0.982368
0.10411 0.677339
0.0219012 0.85201
0.0755476 0.725141
0.153546 0.60815
0.142625 0.622343
0.190969 0.562999
0.0436341 0.791112
0.999921 0.000191024
0.0825051 0.712763
0.19697 0.556187
0.0475633 0.78191
0.0202481 0.857704
0.0379003 0.80532
