0.0723423 0.731035
0.00677245 0.917705
0.0791574 0.718651
0.138608 0.627699
0.0656736 0.743731
0.185561 0.569233
0.115336 0.660389
0.000296663 0.982776
0.0388551 0.802883
0.162991 0.596279
0.0044988 0.932927
0.0884529 0.70259
0.0211085 0.854712
0.110307 0.667875
0.157479 0.603163
0.177015 0.579268
1.00001 1.33746e-09
0.0931959 0.69472
0.00088645 0.970227
0.0407766 0.798068
0.105339 0.67544
0.0296327 0.827859
0.0487162 0.779282
0.824465 0.112925
0.152016 0.610108
0.0955914 0.690821
0.0179183 0.866141
0.0466939 0.783912
0.644967 0.229577
0.135969 0.63126
0.0507594 0.774702
0.128137 0.642038
0.0570298 0.761191
0.194198 0.559321
0.0119891 0.890505
0.00345857 0.94119
0.0227522 0.849162
0.0591621 0.756767
0.0194967 0.860369
0.0980039 0.686944
0.107815 0.671648
0.567963 0.273801
0.0278701 0.833057
0.0549185 0.765653
1.72296e-08 0.999869
0.171367 0.586035
0.0244286 0.843704
0.0528284 0.770156
0.16856 0.589439
0.0314225 0.822736
0.2 0.552786
0.0332405 0.81768
0.00250044 0.949996
0.0134136 0.884183
0.0908165 0.698642
0.179855 0.575907
0.130735 0.638427
0.0446976 0.788582
0.0745989 0.726872
0.067881 0.73946
0.165769 0.592853
0.141261 0.624153
0.0861064 0.706561
0.00560156 0.925156
0.0369584 0.807754
0.00928132 0.90366
0.120418 0.652987
0.014877 0.878029
0.0814589 0.71459
0.0350861 0.812687
0.182702 0.572564
0.143929 0.620621
0.0106081 0.897004
0.125553 0.645666
0.00163662 0.959545
0.026135 0.838337
0.00800068 0.910553
0.0613138 0.752384
0.133345 0.634835
0.0768696 0.722746
0.100433 0.683089
0.0427229 0.793305
0.154741 0.606629
0.117871 0.656677
0.0634845 0.748039
0.174185 0.582645
0.102878 0.679254
0.197094 0.556047
0.997782 0.00478619
0.0701032 0.73523
0.191311 0.562609
0.12298 0.649314
0.0837749 0.710561
0.160234 0.599708
0.112814 0.664121
0.0163778 0.872024
0.188432 0.565913
0.149309 0.613595
0.986841 0.0132347
0.146614 0.617098
