0 0.737918 0.262082
8.45513e-18 0.226611 0.773389
2.25837e-17 0.851568 0.148432
0 0.437783 0.562217
7.42757e-18 0.280073 0.719927
2.22787e-17 0.840065 0.159935
3.87486e-18 0.103852 0.896148
4.08548e-17 0.74911 0.25089
3.35007e-17 0.897869 0.102131
0 0.988669 0.0113314
0 0.369197 0.630803
0.520121 0.356959 0.129825
0 0.571614 0.428386
0 0.351389 0.648611
0 0.805728 0.194272
0.51976 0.128018 0.358483
0.528714 0.462799 0.0828143
2.10664e-17 0.794355 0.205645
2.04643e-17 0.77165 0.22835
8.37769e-18 0.315899 0.684101
2.71147e-17 0.726715 0.273285
0 0.0649301 0.93507
0.51871 0.064388 0.421042
0 0.909444 0.0905558
0.677319 0.314584 0.0460281
0 0.262386 0.737614
0 0.42093 0.57907
0.255357 0.387793 0.367863
0 0.386792 0.613208
3.09135e-17 0.828531 0.171469
0.518987 0.305052 0.180606
0.260605 0.267158 0.541179
0 0.659981 0.340019
0 0.172872 0.827128
0 0.0904332 0.909567
1.07105e-17 0.403864 0.596136
0 0.637813 0.362187
0 0.954736 0.0452645
0 0.554823 0.445177
3.30695e-17 0.886313 0.113687
0.253834 0.142751 0.612204
0.307015 0.338651 0.510285
5.0231e-17 0.921033 0.0789667
0 0.0270916 0.972908
0.525187 0.029586 0.461715
0 0.504453 0.495547
0.555655 0.475286 1.5167e-05
1.22863e-10 1 2.80331e-13
0.69559 0.338753 0.0311254
0.521493 0.329744 0.15844
1.25275e-11 2.8198e-10 1
2.54545e-17 0.682221 0.317779
0.711884 0.177179 0.201465
0 0.817156 0.182844
0.263926 0.180242 0.56791
0 0.671106 0.328894
0 0.454594 0.545406
0.450151 0.156507 0.470874
1.89764e-17 0.715546 0.284454
3.84183e-17 0.704435 0.295565
0.680103 0.236607 0.126142
0 0.76038 0.23962
0 0.0525733 0.947427
0.509041 8.666e-13 0.521981
0 0.604907 0.395093
3.26397e-17 0.874795 0.125205
0.682208 0.301229 0.0626514
0 0.471198 0.528802
0 0.0135722 0.986428
1.83871e-17 0.693326 0.306674
4.2701e-17 0.782964 0.217036
0.526959 0.0844235 0.408443
5.08428e-17 0.932252 0.0677484
0.249266 0.127952 0.635812
1.00064 6.60308e-12 2.87393e-11
0.557655 0.396973 0.0800742
4.11447e-18 0.155145 0.844855
0 0.521229 0.478771
0.679008 0.361127 0.000344357
2.18661e-18 0.0400936 0.959906
1.81923e-17 0.333574 0.666426
5.0619e-18 0.19087 0.80913
0 0.244565 0.755435
0 0.538018 0.461982
0.458587 0.212993 0.408002
0.553742 0.465958 0.00784694
7.79968e-18 0.209043 0.790957
0 0.13628 0.86372
5.33024e-17 0.97735 0.0226499
0 0.648862 0.351138
3.12917e-18 0.117992 0.882008
0 0.621327 0.378673
0 0.0775114 0.922489
0 0.86319 0.13681
1.62535e-17 0.298023 0.701977
5.26859e-17 0.966046 0.0339537
2.50215e-17 0.943492 0.0565083
1.81992e-17 0.487767 0.512233
0.519342 0.0504538 0.435572
0 0.588307 0.411693
