4.41202e-08 0.402523 0.597478
4.37887e-08 0.615788 0.384213
4.42673e-08 0.0396766 0.960324
0.538186 0.294666 0.189191
9.89586e-09 0.148129 0.851929
4.55202e-08 0.934177 0.0658238
1.02193 0.00139944 1.97401e-06
0.528002 0.473804 9.0574e-08
4.41992e-08 0.641547 0.358454
4.44102e-08 0.654221 0.34578
4.9112e-08 0.0680257 0.93206
4.43071e-08 0.960114 0.0398871
4.39881e-08 0.808216 0.191785
0.754546 0.0297481 0.22139
0.579568 0.245778 0.208398
4.54987e-08 0.857643 0.142358
4.52905e-08 0.314177 0.685824
5.00841e-08 0.896047 0.103955
0.757439 0.148742 0.103227
0.753926 0.175177 0.0757658
0.529934 0.386614 0.0887144
4.67782e-08 0.738116 0.261886
4.63627e-08 0.832596 0.167411
4.51248e-08 0.870566 0.129435
4.37336e-08 0.368224 0.631777
4.47868e-08 0.168473 0.831546
4.37928e-08 0.50066 0.499341
0.261804 0.134602 0.610863
4.44233e-08 0.578619 0.421383
0.773082 4.09589e-09 0.299998
0.758049 0.0563693 0.196021
0.528282 0.409966 0.0640647
4.42866e-08 0.7842 0.215801
4.4523e-08 0.418941 0.58106
0.528416 0.0369225 0.437355
4.54474e-08 0.947146 0.0528558
4.37531e-08 0.603084 0.396917
0.278586 0.220652 0.507086
4.4412e-08 0.550037 0.449966
4.51174e-08 0.468045 0.531956
4.40918e-08 0.533201 0.4668
4.41375e-08 0.259633 0.740368
4.40881e-08 0.666661 0.33334
4.45963e-08 0.277658 0.722343
0.278671 0.250065 0.474495
0.251626 0.10848 0.652621
4.51752e-08 0.187888 0.812113
4.53155e-08 0.566699 0.433303
0.528175 5.12964e-05 0.473922
4.55092e-08 0.435154 0.564846
4.54868e-08 0.986624 0.0133764
0.753634 0.0161813 0.234689
0.529457 0.327164 0.14843
4.4802e-08 0.332298 0.667706
4.51385e-08 0.295731 0.70427
4.53256e-08 0.45151 0.548491
4.40817e-08 0.350491 0.64951
4.51187e-08 0.796016 0.203984
4.9211e-08 0.908511 0.091492
4.37095e-08 0.921259 0.0787422
4.2576e-08 0.715168 0.284834
5.18934e-12 4.76252e-11 1
0.773786 0.0912689 0.162189
4.54001e-08 0.0534319 0.946601
4.50472e-08 0.590571 0.409432
4.9133e-08 0.845121 0.154883
4.44455e-08 0.104901 0.895119
1.02635 2.49787e-08 0.00191229
4.42312e-08 0.772389 0.227612
0.575743 0.22557 0.223258
4.43632e-08 0.973312 0.02669
4.39864e-08 0.691365 0.308636
0.783767 0.127021 0.130661
4.179e-08 0.0266196 0.973385
4.52501e-08 0.241889 0.758112
0.528518 0.435159 0.0391062
4.22324e-08 0.703346 0.296659
4.367e-08 0.517142 0.48286
0.777049 0.275847 6.65194e-09
4.65164e-08 0.726729 0.273273
4.3776e-08 0.385582 0.614419
4.55089e-08 0.820383 0.179617
4.42554e-08 0.760866 0.239135
0.278296 0.28945 0.439217
0.566955 0.154264 0.288321
0.754149 0.213381 0.0376353
4.61004e-08 1 6.98332e-14
4.51524e-08 0.223972 0.77603
4.43051e-08 0.20622 0.793782
5.97132e-09 0.126661 0.873412
0.241208 0.0914692 0.677717
4.67808e-08 0.749543 0.25046
6.33876e-10 0.0134846 0.986521
4.55115e-08 0.628794 0.371206
4.41796e-08 0.484395 0.515607
0.528509 0.351879 0.122754
4.5483e-08 0.0823297 0.917685
0.268918 0.159765 0.576672
4.54857e-08 0.883352 0.116648
4.38047e-08 0.679066 0.320935
