0.0614333 0.752143
0.110024 0.668301
0.0658082 0.743469
0.956995 0.0261974
0.0838134 0.710495
0.2 0.552786
0.0528757 0.770053
0.068009 0.739215
0.00977301 0.901141
0.00265037 0.948518
0.0140775 0.881351
0.653437 0.218096
0.154523 0.606906
0.0769636 0.722577
0.0907772 0.698708
0.143615 0.621034
0.0445882 0.788841
0.114997 0.660888
0.0366455 0.80857
0.998541 0.00303704
0.000315734 0.982231
0.171282 0.586138
0.16285 0.596453
0.0171626 0.868994
0.138263 0.628163
0.0724657 0.730805
0.0220775 0.851415
0.00366069 0.939496
0.122598 0.64986
0.130354 0.638955
0.0059183 0.92307
0.151774 0.610418
2.13857e-08 0.999854
0.0592692 0.756547
0.0884427 0.702607
0.135609 0.631748
0.140933 0.624589
0.182657 0.572616
0.0792363 0.718511
0.0347188 0.81367
0.0954867 0.690991
0.105114 0.675788
0.102682 0.67956
0.0861209 0.706536
0.120046 0.653524
0.00475407 0.93105
0.000942226 0.969304
0.0291137 0.829373
0.19418 0.559341
0.0309514 0.82407
0.0204034 0.85716
0.03282 0.818837
0.1798 0.575972
0.174112 0.582733
0.168461 0.58956
0.0273066 0.834753
0.16565 0.592998
0.0486919 0.779338
0.0702281 0.734994
0.0255258 0.840232
0.953084 0.0283993
0.0385975 0.803537
0.0931251 0.694836
0.112504 0.664585
0.0125982 0.887758
0.117513 0.657199
0.00843358 0.908165
0.149038 0.613945
0.0111617 0.894351
0.018765 0.863015
0.0978694 0.687159
0.127746 0.642584
0.0507753 0.774666
0.160063 0.599921
0.188399 0.565951
0.00714694 0.91546
0.0636117 0.747786
0.00173581 0.958337
0.176952 0.579343
0.0571274 0.760987
0.074709 0.72667
0.791469 0.127558
0.0405701 0.79858
0.0156011 0.875096
0.191286 0.562638
0.0237831 0.845782
0.0549943 0.765491
0.157287 0.603405
0.0815167 0.714489
0.100266 0.683352
0.0466321 0.784055
0.0425669 0.793683
0.14632 0.617483
0.107561 0.672034
0.970647 0.0249756
0.185523 0.569276
0.132966 0.635355
0.197087 0.556056
0.125166 0.646212
1.00017 5.88516e-15
