3.12422e-07 0.512208 0.4878
2.71187e-07 0.861267 0.138738
2.73137e-07 0.766593 0.233414
2.71607e-07 0.283719 0.716286
2.69016e-07 0.137591 0.862416
2.64321e-07 0.756203 0.2438
2.59937e-07 0.839939 0.160064
2.58608e-07 0.372614 0.62739
2.58478e-07 0.70627 0.293733
9.15374e-08 0.0161292 0.983933
3.02885e-07 0.470704 0.529303
2.59944e-07 0.273384 0.726618
2.98603e-07 0.104781 0.895225
3.1609e-07 0.606927 0.393084
1.00178 6.36167e-08 5.11414e-07
2.60635e-07 0.200106 0.799895
2.42258e-07 0.716258 0.283745
2.93405e-07 0.914674 0.085336
3.02932e-07 0.543114 0.456894
2.54854e-07 0.190321 0.809688
2.79434e-07 0.617159 0.382846
2.75594e-07 0.777236 0.222771
2.79351e-07 0.6272 0.372802
2.62073e-07 0.354951 0.645051
2.42825e-07 0.294154 0.705855
9.14901e-07 1.00007 1.28796e-14
2.5064e-07 0.0724969 0.927508
2.42211e-07 0.170147 0.829855
2.75271e-07 0.819622 0.180388
2.59242e-07 0.585694 0.414309
2.67906e-07 0.957463 0.0425396
2.64768e-07 0.262794 0.737209
2.58163e-07 0.829856 0.170145
3.15446e-07 0.575225 0.424786
2.66072e-07 0.408828 0.591175
2.6681e-07 0.745798 0.254203
2.65387e-07 0.564479 0.435527
2.42242e-07 0.220316 0.779686
2.64236e-07 0.252101 0.747902
2.66797e-07 0.647148 0.352853
2.49819e-07 0.439517 0.560491
2.6064e-07 0.363987 0.636014
5.65442e-08 0.0336966 0.966338
2.64303e-07 0.180374 0.819628
3.07641e-07 0.315237 0.684782
2.58093e-07 0.696364 0.303639
2.67803e-07 0.336044 0.663961
2.66107e-07 0.676099 0.323903
2.7197e-07 0.9469 0.053107
1.10463e-07 0.0832481 0.916773
2.66768e-07 0.532849 0.467152
2.6049e-07 0.399346 0.600657
2.85824e-07 0.115656 0.88435
1.27509e-07 0.094066 0.905959
2.58177e-07 0.735761 0.264241
2.58173e-07 0.725997 0.274004
2.67835e-07 0.345761 0.654242
2.42229e-07 0.230729 0.769273
2.47704e-07 0.501927 0.498086
2.62263e-07 0.798958 0.201044
2.71005e-07 0.126748 0.873255
3.03507e-07 0.304591 0.69542
2.79369e-07 0.637364 0.362638
2.63501e-07 0.989586 0.0104176
5.62302e-08 0.0248186 0.975213
2.81693e-07 0.88281 0.117194
1.07594e-08 0.00793798 0.992094
2.63617e-07 0.850392 0.149612
2.588e-07 0.0621843 0.93782
2.45078e-07 0.325915 0.674095
2.98276e-07 0.491628 0.508381
2.79377e-07 0.788022 0.21198
1.03184e-07 0.0424245 0.957597
2.6006e-07 0.148715 0.851288
3.0158e-07 0.936091 0.0639195
2.96757e-07 0.522423 0.477588
2.81623e-07 0.872068 0.127938
2.60017e-07 0.809291 0.190711
2.45699e-07 0.481219 0.518786
2.45469e-07 0.460443 0.539563
3.12841e-07 0.596164 0.403848
2.59193e-07 0.418858 0.581145
2.66761e-07 0.656704 0.343297
2.70634e-07 0.686181 0.313829
2.35448e-07 0.159856 0.840164
2.66789e-07 0.429138 0.570863
2.67558e-07 0.450018 0.549988
2.60567e-07 0.0526135 0.947389
2.60626e-07 0.209938 0.790063
2.66746e-07 0.553811 0.446191
9.29662e-16 1.80135e-14 1
2.79764e-07 0.904178 0.0958271
2.519e-07 0.893422 0.106584
2.62232e-07 0.241388 0.758613
2.64631e-07 0.381406 0.618599
2.60646e-07 0.978861 0.0211399
2.99695e-07 0.925305 0.0747013
2.62383e-07 0.390204 0.6098
2.77602e-07 0.968112 0.0318949
2.62025e-07 0.666345 0.333657
