3.64272e-06 0.0327246 0.96761
2.25457e-05 0.931298 0.0687236
8.00175e-06 0.163204 0.836861
2.28328e-05 0.818739 0.181255
1.00817 0.000206335 1.72036e-08
8.49049e-06 0.264314 0.735794
0.536642 0.273536 0.206833
0.534016 0.145825 0.329071
2.26342e-05 0.727501 0.272499
2.24024e-05 0.291448 0.708603
2.28725e-05 0.123213 0.876885
0.735789 0.0677261 0.205132
2.22623e-05 0.375804 0.624205
2.21746e-05 0.443386 0.556737
2.2832e-05 0.951673 0.0483218
0.733042 0.271645 8.79657e-08
2.25654e-05 0.53414 0.46593
0.7322 0.243775 0.0275355
2.28331e-05 0.80685 0.193144
2.26446e-05 0.326032 0.673971
2.12017e-05 0.0949619 0.905039
2.02265e-05 0.389273 0.610854
2.25719e-05 0.401706 0.598314
2.27559e-05 0.428993 0.571067
2.2259e-05 0.714345 0.285658
2.26424e-05 0.866883 0.133111
2.28582e-05 0.63528 0.364724
2.11843e-05 0.496168 0.503851
2.30678e-05 0.659223 0.340847
0.538016 0.141863 0.337866
2.19675e-05 0.578632 0.421512
2.17815e-05 0.0815891 0.918552
0.733015 0.000887282 0.270711
0.739961 0.202065 0.0705691
0.731978 0.00963623 0.261625
2.19816e-05 0.889007 0.111034
0.733467 0.157303 0.11455
2.25805e-05 0.508688 0.49133
2.21159e-05 0.687349 0.312682
2.23723e-05 0.920477 0.0795804
0.733099 0.178853 0.0927086
2.25179e-05 0.137676 0.862355
2.08863e-05 0.783624 0.216477
2.19564e-05 0.878118 0.12191
2.11785e-05 0.350523 0.649487
8.08637e-06 0.251488 0.748622
2.1111e-05 0.563312 0.436773
2.27877e-05 0.470594 0.529427
2.29369e-05 0.277962 0.722072
2.10575e-05 0.673857 0.326209
2.30375e-05 0.974182 0.025876
0.738731 0.097748 0.175283
2.27798e-05 0.595643 0.404427
2.27991e-05 0.521077 0.478963
8.06338e-06 0.226873 0.773219
2.32072e-05 0.962276 0.0378109
2.22651e-05 0.363185 0.636839
2.22582e-05 0.743015 0.256993
2.23e-05 0.843267 0.15676
2.27649e-05 0.610127 0.389914
2.3053e-05 0.0445706 0.955473
0.740063 0.21923 0.0542064
8.45004e-06 0.0213944 0.978746
2.22461e-05 0.899907 0.10009
2.22483e-05 0.999997 3.68601e-14
0.552593 0.245303 0.239879
2.118e-05 0.795685 0.204317
0.745597 0.038964 0.235869
2.27193e-05 7.85075e-06 1.00003
2.28604e-05 0.483943 0.516047
2.09455e-05 0.0570274 0.94307
7.99536e-06 0.239537 0.760529
2.19675e-05 0.910512 0.0895078
2.28979e-05 0.413671 0.586369
2.11565e-05 0.150957 0.849064
2.28614e-05 0.456642 0.543356
8.06973e-06 0.21461 0.785483
2.28351e-05 0.854395 0.145602
2.05079e-05 0.623467 0.376675
2.22473e-05 0.33883 0.661165
7.97112e-06 0.0103338 0.989722
2.20024e-05 0.831204 0.168845
2.26405e-05 0.314089 0.685914
7.11112e-06 0.189625 0.8106
2.126e-05 0.303329 0.696708
0.748958 0.121791 0.154519
2.27019e-05 0.757186 0.24284
2.2834e-05 0.108073 0.891919
2.22469e-05 0.987085 0.0129096
7.97295e-06 0.202245 0.797831
2.21198e-05 0.699406 0.300627
0.536423 0.200576 0.270591
2.28625e-05 0.546773 0.45323
0.535479 0.184065 0.286758
2.27359e-05 0.941842 0.0581818
2.26338e-05 0.647316 0.35268
2.09763e-05 0.771037 0.229082
0.764722 1.22594e-06 0.331514
8.46836e-06 0.176679 0.823431
2.26359e-05 0.0689896 0.931011
