0.125638 0.645545
0.175887 0.580612
0.0995515 0.684482
0.0607076 0.753611
0.0540268 0.767563
0.161287 0.598394
0.15 0.612701
0.017624 0.867245
0.0869194 0.705179
2.4235e-08 0.999844
0.0144944 0.879607
0.0334624 0.817073
0.196956 0.556203
0.0475692 0.781896
0.00033013 0.981831
0.804232 0.128382
0.0723069 0.731101
0.0243284 0.844024
0.128301 0.641809
0.0413527 0.796646
0.0699432 0.735532
0.139027 0.627137
0.167061 0.59127
0.112483 0.664615
0.164155 0.59484
0.193922 0.559634
0.178868 0.577072
0.152782 0.609127
0.921458 0.0527456
0.172924 0.584159
0.184858 0.570048
0.0584561 0.758223
0.00381671 0.93822
0.18186 0.573549
0.0894186 0.700971
0.979252 0.0216173
0.00873562 0.906535
0.115092 0.660748
0.0676012 0.739998
0.0315702 0.82232
0.0192464 0.861269
0.19089 0.56309
0.102123 0.680433
0.141743 0.623512
0.0297145 0.827621
0.136326 0.630776
0.0393371 0.801664
0.158436 0.60196
0.104699 0.676428
0.147231 0.616293
0.0353915 0.811874
0.109887 0.668507
0.187871 0.566559
0.00181436 0.957405
0.0373505 0.806737
0.0260889 0.838479
0.957625 0.0277757
0.857075 0.0904382
0.130965 0.638109
0.0496927 0.777081
1.0004 1.57724e-09
0.0101098 0.899452
0.0454735 0.786755
0.0115289 0.892627
0.0278862 0.833008
0.00494962 0.929646
0.122987 0.649305
0.0795256 0.717997
0.0944613 0.692654
0.0129912 0.886021
0.169977 0.587718
0.971932 0.022396
0.00741409 0.913895
0.0770977 0.722335
0.144481 0.619893
0.0629836 0.749035
0.107284 0.672457
0.120346 0.653091
0.0970026 0.688548
0.0434013 0.79167
0.0919318 0.696797
0.133639 0.634433
0.885097 0.0782558
0.117717 0.656901
0.074691 0.726703
0.155596 0.605544
0.0209042 0.855417
0.2 0.552787
0.0652815 0.744497
0.0226002 0.849666
0.0160402 0.87335
0.638712 0.231485
0.0819721 0.713692
0.0562263 0.762879
0.968345 0.0233221
0.00276563 0.947411
0.000984503 0.968623
0.084436 0.709421
0.0518498 0.772294
0.00615158 0.921568
