0.0687909 0.73772
0.00166229 0.959229
0.138443 0.62792
0.188116 0.566276
0.0801895 0.716822
0.103878 0.677698
0.0409311 0.797686
0.2 0.552786
0.995282 0.0395572
0.0481463 0.780577
0.0427234 0.793304
0.0578531 0.759473
0.179391 0.576454
0.0942887 0.692935
0.0135177 0.883734
0.0263723 0.837604
0.148857 0.61418
0.106305 0.673956
0.0895404 0.700767
0.02128 0.854123
0.0518862 0.772215
0.113617 0.662929
0.0149926 0.877556
0.091919 0.696818
0.0335668 0.816788
0.0025373 0.949628
0.0372596 0.806973
0.0229429 0.848531
0.0665572 0.742013
0.077882 0.720927
0.0848376 0.708731
0.0621289 0.750743
0.123415 0.648695
0.0538013 0.768049
0.000902497 0.969958
0.00936179 0.903244
0.595379 0.252737
0.170809 0.58671
0.118502 0.655759
1.87818e-08 0.999863
0.0107002 0.896558
0.191067 0.562888
0.154209 0.607306
0.173654 0.583282
0.0317385 0.821847
0.108745 0.670235
0.143599 0.621055
0.0246426 0.84302
0.807241 0.13326
0.0196549 0.859804
0.000302422 0.98261
0.0180626 0.865603
0.194023 0.559519
0.151518 0.610746
0.073303 0.729255
0.120958 0.65221
0.0299181 0.827031
0.156917 0.603872
0.135897 0.631359
0.176514 0.579864
0.0165085 0.871515
0.0391071 0.802245
0.130847 0.638272
0.0281285 0.832285
0.0825095 0.712755
0.0755868 0.725069
0.162404 0.597006
0.197005 0.556147
0.0558176 0.763742
0.0120896 0.890047
0.0353975 0.811858
0.165177 0.593581
0.00566525 0.924732
0.133358 0.634818
0.0599657 0.755121
0.182279 0.573058
0.111184 0.666557
0.0445269 0.788986
0.00807619 0.910132
0.167992 0.590132
0.00455024 0.932545
1.00029 7.19427e-09
0.0710395 0.733468
0.0643349 0.746357
0.905 0.0610091
0.0463502 0.784709
0.146214 0.61762
0.0871831 0.704732
0.00684413 0.917271
0.185189 0.569664
0.0966764 0.689072
0.159642 0.600448
0.128354 0.641734
0.0990785 0.685233
0.141015 0.624481
0.101478 0.681444
0.0035044 0.940802
0.0499941 0.776406
0.116057 0.659329
0.125879 0.645205
