0.486584 0.513416
0.566598 0.433402
0.999357 0.000976203
0.459129 0.540871
0.537332 0.462668
0.41477 0.58523
0.593749 0.406251
0.484477 0.515523
0.591664 0.408336
0.556172 0.443828
0.440061 0.559939
0.501366 0.498634
0.568687 0.431313
0.589578 0.410422
0.539432 0.460568
0.467595 0.532405
0.50772 0.49228
0.511962 0.488038
0.448526 0.551474
0.545719 0.454281
0.531007 0.468993
0.469708 0.530292
0.454887 0.545113
0.518322 0.481678
0.535225 0.464775
0.46548 0.53452
0.570773 0.429227
0.503482 0.496518
0.497135 0.502865
0.48237 0.51763
0.47182 0.52818
0.558258 0.441742
0.442176 0.557824
0.524672 0.475328
0.412664 0.587336
0.526788 0.473212
0.44429 0.55571
0.4 0.6
0.505601 0.494399
0.427401 0.572599
0.560343 0.439657
0.528897 0.471103
0.450646 0.549354
0.437948 0.562052
0.514082 0.485918
0.583312 0.416688
0.488693 0.511307
0.495023 0.504977
0.516202 0.483798
0.52044 0.47956
0.457009 0.542991
0.480262 0.519738
0.461247 0.538753
0.581221 0.418779
0.478153 0.521847
0.549906 0.450094
0.473932 0.526068
0.577039 0.422961
0.410555 0.589445
0.522556 0.477444
0.463364 0.536636
0.551997 0.448003
0.406335 0.593665
0.425294 0.574706
0.49925 0.50075
0.50984 0.49016
0.595833 0.404167
0.6 0.4
0.476043 0.523957
0.435837 0.564163
0.587491 0.412509
0.585402 0.414598
0.579129 0.420871
0.429508 0.570492
0.402113 0.597887
0.572862 0.427138
0.431617 0.568383
0.564513 0.435487
0.998598 0.00369503
0.408445 0.591555
0.597917 0.402083
0.452767 0.547233
0.533117 0.466883
0.421084 0.578916
0.446408 0.553592
0.423188 0.576812
0.492913 0.507087
0.554085 0.445915
0.541529 0.458471
0.543624 0.456376
1 1.55431e-15
0.562429 0.437571
0.57495 0.42505
0.416875 0.583125
0.404225 0.595775
0.547813 0.452187
0.490803 0.509197
8.524e-13 1.20001
0.433727 0.566273
0.418979 0.581021
