0.537548 0.462452
1.02236 0.0397929
0.41536 0.58464
0.47505 0.52495
0.513608 0.486392
0.552018 0.447982
0.6 0.4
0.917623 0.155117
0.417921 0.582079
0.580922 0.419078
0.50882 0.49118
0.405128 0.594872
0.520775 0.479225
0.54477 0.45523
0.583307 0.416693
0.59762 0.40238
0.997849 0.0608056
0.511214 0.488786
0.42048 0.57952
0.482302 0.517698
0.55444 0.44556
0.45566 0.54434
0.410251 0.589749
0.576137 0.423863
0.438285 0.561715
1.01319 0.0461743
0.588087 0.411913
0.465387 0.534613
0.435762 0.564238
0.487142 0.512858
0.561702 0.438298
0.585698 0.414302
0.467808 0.532192
1.01784 0.0432741
0.518387 0.481613
0.43069 0.56931
0.412806 0.587194
0.573736 0.426264
0.530348 0.469652
0.50162 0.49838
0.547184 0.452816
0.559281 0.440719
0.448256 0.551744
0.936869 0.148262
0.578528 0.421472
0.535146 0.464854
1.02831 0.0381518
0.499212 0.500788
0.407688 0.592312
0.950367 0.118161
1.05 1.63203e-15
0.549597 0.450403
0.440785 0.559215
0.496803 0.503197
0.523166 0.476834
0.564115 0.435885
0.525561 0.474439
0.97147 0.0946214
0.571334 0.428666
0.450751 0.549249
0.425593 0.574407
0.470226 0.529774
0.566524 0.433476
0.54236 0.45764
0.433234 0.566766
0.423035 0.576965
0.539949 0.460051
0.590474 0.409526
1.04466 0.00842062
0.489561 0.510439
0.460529 0.539471
0.445787 0.554213
0.428146 0.571854
0.453212 0.546788
0.506423 0.493577
0.515998 0.484002
0.532746 0.467254
0.981802 0.0844219
0.402566 0.597434
0.527956 0.472044
0.4 0.6
1.00801 0.0506302
0.556861 0.443139
0.472637 0.527363
5.89476e-15 1.15
0.990847 0.068949
0.479885 0.520115
0.568931 0.431069
0.458101 0.541899
0.477464 0.522536
0.494391 0.505609
0.462959 0.537041
0.592855 0.407145
0.443291 0.556709
0.995997 0.0653923
0.924016 0.152308
0.491977 0.508023
0.50402 0.49598
0.59524 0.40476
0.484722 0.515278
