0.179845 0.983695
0.300413 0.953809
0.230155 0.973154
0.304728 0.952439
0.126325 0.991989
0.073876 0.997267
0.265017 0.964244
0.119595 0.992823
0.27403 0.961721
0.151503 0.988457
0.142358 0.989815
0.122988 0.992408
0.116153 0.993231
0.148492 0.988914
0.276265 0.961082
0.160323 0.987065
0.145444 0.989367
0.166046 0.986118
0.302573 0.953126
0.205754 0.978604
0.20825 0.978076
0.282927 0.959141
0.253584 0.967313
0.291716 0.956505
0.0863874 0.996262
0.200719 0.979649
0.193046 0.98119
1.10001 7.52015e-14
0.309017 0.951057
0.255886 0.966707
0.101804 0.994804
0.234915 0.972016
0.251273 0.967916
0.0501417 0.998742
0.222956 0.974829
0.2181 0.975926
0.0169837 0.999856
0.109099 0.994031
0.296077 0.955164
0.239626 0.970865
0.220534 0.975379
0.132864 0.991134
0.27179 0.962357
0.244309 0.969697
0.19045 0.981697
0.105481 0.994421
0.0980641 0.99518
0.157424 0.987531
0.129619 0.991564
0.0823174 0.996606
0.237275 0.971442
0.306876 0.951749
0.278489 0.960439
0.227762 0.973717
0.215656 0.976469
0.258184 0.966096
0.203243 0.979128
0.0388982 0.999243
6.12323e-17 1
0.168854 0.985641
0.26728 0.963619
0.293902 0.955836
0.241976 0.970282
0.0552892 0.99847
0.177138 0.984186
0.0446993 0.999
0.13607 0.990699
0.0325893 0.999469
0.171639 0.98516
0.285135 0.958488
0.182532 0.9832
0.298248 0.954488
0.232544 0.972586
0.287335 0.95783
0.0781554 0.996941
0.0255012 0.999675
0.163203 0.986592
0.174401 0.984675
0.195621 0.98068
0.185193 0.982702
0.112652 0.993635
0.210731 0.977544
0.0602056 0.998186
0.260463 0.965484
0.28953 0.957169
0.280712 0.959792
0.187832 0.982201
0.154481 0.987996
0.0942573 0.995548
0.262745 0.964865
0.139231 0.99026
0.246641 0.969107
0.0649218 0.99789
0.248959 0.968514
0.269535 0.962991
0.0694681 0.997584
0.225361 0.974275
0.198177 0.980166
0.213199 0.977009
0.0903655 0.995909
