0.244762 0.969583
0.20993 0.977716
0.124286 0.992246
0.0812339 0.996695
0.222684 0.974891
0.279027 0.960283
0.152205 0.988349
0.0891106 0.996022
0.163858 0.986484
0.230177 0.973149
0.306919 0.951736
0.143193 0.989695
0.2351 0.971971
0.27462 0.961553
0.294193 0.955746
0.239965 0.970781
0.186139 0.982523
0.160976 0.986958
0.0322109 0.999481
0.172358 0.985034
0.2834 0.959002
0.287738 0.957709
0.261124 0.965305
0.149228 0.988803
0.265669 0.964064
0.0546366 0.998506
0.169545 0.985522
0.0929157 0.995674
0.146224 0.989252
0.242373 0.970183
0.225197 0.974313
0.11431 0.993445
0.21762 0.976034
0.196861 0.980431
0.247145 0.968978
0.103889 0.994589
0.204748 0.978815
0.298458 0.954423
0.267925 0.96344
0.254199 0.967152
0.127529 0.991835
0.302703 0.953085
0.270169 0.962813
0.100299 0.994957
0.0252065 0.999682
0.220158 0.975464
1.2 1.15955e-10
0.309017 0.951057
0.249506 0.968373
0.20735 0.978267
0.285571 0.958357
0.133894 0.990996
0.304814 0.952412
0.256522 0.966538
0.177925 0.984044
0.0168038 0.999859
0.0594802 0.998229
0.232646 0.972562
0.296329 0.955086
0.15515 0.987891
0.18068 0.983542
0.258829 0.965923
0.292048 0.956404
0.237541 0.971378
0.0686066 0.997644
0.188845 0.982007
0.20213 0.979359
0.0852196 0.996362
0.0729406 0.997336
0.300584 0.953755
0.038453 0.99926
0.251859 0.967764
0.0641272 0.997942
0.117683 0.993051
0.227694 0.973733
0.215069 0.976599
0.0495581 0.998771
0.289898 0.957058
0.0441898 0.999023
0.0771448 0.99702
0.16671 0.986006
0.0966424 0.995319
0.212506 0.97716
0.263404 0.964686
0.130732 0.991418
0.199506 0.979897
0.194206 0.980961
0.183419 0.983035
0.175151 0.984542
0.107417 0.994214
0.158075 0.987427
0.2724 0.962184
0.281217 0.959644
0.137023 0.990568
6.12323e-17 1
0.121009 0.992651
0.11089 0.993833
0.140128 0.990133
0.191532 0.981486
0.276827 0.96092
