0.205996 0.978553
0.256056 0.966662
0.171333 0.985213
0.223301 0.97475
0.0970883 0.995276
0.162741 0.986669
0.291707 0.956508
0.0894372 0.995992
0.1384 0.990376
0.251485 0.967861
0.278513 0.960432
0.121984 0.992532
0.0814341 0.996679
0.280727 0.959788
0.115133 0.99335
0.131953 0.991256
0.293894 0.955838
0.309017 0.951057
0.274065 0.961711
0.0321567 0.999483
0.0495363 0.998772
0.0772841 0.997009
0.2606 0.965447
0.304731 0.952438
0.215981 0.976398
0.176923 0.984225
0.147791 0.989019
0.282931 0.95914
0.159818 0.987146
0.237575 0.971369
0.203457 0.979084
0.118581 0.992944
0.174141 0.984721
0.220876 0.975302
0.125348 0.992113
0.195725 0.980659
0.253771 0.967264
0.289527 0.95717
0.108076 0.994143
0.15686 0.987621
0.165636 0.986187
0.242241 0.970216
0.262859 0.964834
0.198322 0.980137
0.235226 0.971941
0.100802 0.994906
0.054638 0.998506
0.187807 0.982206
0.239912 0.970795
0.128673 0.991687
0.258335 0.966056
0.300416 0.953808
0.0594997 0.998228
0.144699 0.989476
0.285134 0.958488
0.104469 0.994528
0.150846 0.988557
0.302578 0.953125
0.153869 0.988091
0.025163 0.999683
0.269597 0.962973
0.287335 0.95783
0.135194 0.990819
0.271833 0.962344
0.0686822 0.997639
0.0730427 0.997329
0.218436 0.975851
0.306878 0.951749
0.213509 0.976941
0.230492 0.973074
0.0854733 0.99634
0.296074 0.955165
0.246883 0.969045
0.27629 0.961074
0.0932919 0.995639
0.232865 0.972509
0.185124 0.982715
0.249188 0.968455
0.298248 0.954488
0.244563 0.969633
0.228108 0.973636
0.190469 0.981693
0.208517 0.978019
6.12323e-17 1
0.111629 0.99375
0.225712 0.974194
0.0441579 0.999025
0.17968 0.983725
0.200899 0.979612
0.0641708 0.997939
1.10002 1.28696e-09
0.168502 0.985701
0.193108 0.981178
0.211022 0.977481
0.265109 0.964218
0.0384111 0.999262
0.0167727 0.999859
0.141568 0.989929
0.267362 0.963596
0.182414 0.983222
