0.130164 0.991493
0.219013 0.975722
0.196382 0.980528
0.26385 0.964564
0.206578 0.97843
0.12686 0.991921
0.0555013 0.998459
0.281643 0.959519
0.094658 0.99551
0.160947 0.986963
0.288129 0.957592
0.109575 0.993979
0.252375 0.96763
0.0604466 0.998171
0.292388 0.9563
0.0503274 0.998733
0.102245 0.994759
0.19379 0.981043
0.032696 0.999465
0.254688 0.967023
0.238311 0.971189
0.290265 0.956946
0.0651826 0.997873
0.235937 0.971768
0.272839 0.96206
0.116656 0.993172
0.169508 0.985529
0.279458 0.960158
0.113144 0.993579
0.158026 0.987435
0.183225 0.983071
0.300783 0.953693
1.15002 5.02992e-09
0.228756 0.973484
0.214078 0.976817
0.233554 0.972344
0.142938 0.989732
0.259288 0.9658
0.177813 0.984064
0.0255841 0.999673
0.149084 0.988825
0.191179 0.981555
0.136629 0.990622
0.0907541 0.995873
0.304915 0.95238
0.175068 0.984556
0.216555 0.97627
0.0984873 0.995138
0.294504 0.95565
0.2987 0.954347
0.0741861 0.997244
0.155082 0.987902
0.198955 0.980009
0.201512 0.979486
0.139807 0.990179
0.105943 0.994372
0.245385 0.969426
0.0867611 0.996229
0.185897 0.982569
0.285977 0.958236
0.309017 0.951057
0.223912 0.974609
0.261574 0.965183
0.302854 0.953037
0.180531 0.983569
0.166679 0.986011
0.120113 0.99276
0.270606 0.96269
0.0448739 0.998993
0.256991 0.966414
0.266112 0.963942
0.188548 0.982064
0.231159 0.972916
0.163827 0.986489
0.211594 0.977358
0.247723 0.968831
0.172303 0.985044
0.240676 0.970606
0.123513 0.992343
6.12323e-17 1
0.0826793 0.996576
0.277265 0.960793
0.0390348 0.999238
0.146025 0.989281
0.268365 0.963317
0.22634 0.974048
0.283817 0.958878
0.250056 0.968231
0.221473 0.975166
0.133416 0.99106
0.243034 0.970018
0.0784858 0.996915
0.204052 0.97896
0.209094 0.977895
0.275058 0.961428
0.0697628 0.997564
0.306971 0.951719
0.0170573 0.999855
0.296609 0.954999
0.152106 0.988364
