0.113857 0.993497
0.195312 0.980741
0.296972 0.954886
0.294918 0.955523
0.161391 0.986891
0.292856 0.956157
0.0845107 0.996423
0.282302 0.959326
0.173021 0.984918
0.262383 0.964964
0.0959814 0.995383
0.253167 0.967423
0.17014 0.98542
0.307036 0.951698
0.063414 0.997987
0.309017 0.951057
0.211297 0.977422
0.257801 0.966198
0.03177 0.999495
0.2601 0.965582
0.136961 0.990576
0.0165639 0.999863
0.26692 0.963719
0.189851 0.981813
0.1787 0.983904
0.0379417 0.99928
0.305048 0.952337
0.13377 0.991012
0.146324 0.989237
0.158428 0.98737
0.181511 0.983389
0.206036 0.978544
0.200704 0.979652
0.127291 0.991865
0.219047 0.975714
0.290774 0.956792
0.246115 0.969241
0.164329 0.986406
0.241344 0.97044
0.213899 0.976856
0.284443 0.958693
1.05055 3.56734e-10
0.221598 0.975138
0.234066 0.972221
0.099664 0.995021
0.277981 0.960586
0.152427 0.988315
0.0922286 0.995738
0.271378 0.962473
0.149392 0.988778
0.120654 0.992695
0.192589 0.981279
0.288681 0.957425
0.216482 0.976287
6.12323e-17 1
0.248478 0.968638
0.155438 0.987846
0.286573 0.958058
0.123992 0.992283
0.27359 0.961846
0.130544 0.991443
0.224129 0.974559
0.264659 0.964342
0.0489407 0.998802
0.25549 0.966812
0.238938 0.971035
0.088401 0.996085
0.0539934 0.998541
0.226642 0.973978
0.231609 0.972809
0.275788 0.961218
0.208677 0.977985
0.167251 0.985914
0.269152 0.963098
0.299017 0.954248
0.187086 0.982344
0.280152 0.959956
0.0722203 0.997389
0.117279 0.993099
0.243739 0.969841
0.250829 0.968031
0.301042 0.953611
0.229135 0.973395
0.067888 0.997693
0.140115 0.990135
0.106873 0.994273
0.175869 0.984414
0.203376 0.979101
0.143235 0.989689
0.10329 0.994651
0.303048 0.952975
0.0248607 0.999691
0.0436204 0.999048
0.0587962 0.99827
0.110391 0.993888
0.184308 0.982868
0.236509 0.971629
0.0764189 0.997076
0.198014 0.980199
0.0805175 0.996753
