0.0169241 0.999857
0.0859261 0.996302
6.12323e-17 1
0.0735144 0.997294
0.150309 0.988639
0.115353 0.993325
0.25417 0.96716
0.277048 0.960856
0.290145 0.956983
0.162001 0.986791
0.181485 0.983394
0.199996 0.979797
0.261173 0.965292
0.0445169 0.999009
0.26348 0.964665
0.0818904 0.996641
0.0324368 0.999474
0.239883 0.970802
0.220293 0.975434
0.18418 0.982893
0.0691415 0.997607
0.176035 0.984384
0.167689 0.98584
0.304895 0.952386
0.251816 0.967775
0.192159 0.981364
0.0599344 0.998202
0.212771 0.977102
0.118747 0.992925
0.217797 0.975994
0.256516 0.96654
0.285832 0.95828
0.306962 0.951722
0.101198 0.994866
0.147317 0.989089
0.189519 0.981877
0.138144 0.990412
0.242289 0.970204
0.089867 0.995954
0.268057 0.963403
0.186859 0.982387
0.222778 0.974869
0.144292 0.989535
0.131847 0.99127
0.244683 0.969603
0.247072 0.968997
0.274818 0.961496
0.27258 0.962133
0.178771 0.983891
0.205147 0.978731
0.202581 0.979265
0.232609 0.97257
0.0550508 0.998484
0.265777 0.964034
0.302822 0.953047
0.170495 0.985359
0.230159 0.973153
0.296532 0.955023
0.141235 0.989976
0.10483 0.99449
0.173276 0.984873
0.294415 0.955678
0.108397 0.994108
1.05043 1.58102e-11
0.0974946 0.995236
0.298639 0.954366
0.0937185 0.995599
0.0777553 0.996972
0.258851 0.965917
0.249449 0.968388
0.22771 0.973729
0.28366 0.958925
0.156211 0.987724
0.309017 0.951057
0.197402 0.980323
0.287994 0.957632
0.0387284 0.99925
0.292285 0.956331
0.0499322 0.998753
0.279266 0.960214
0.235042 0.971985
0.237467 0.971396
0.135014 0.990844
0.125389 0.992108
0.194795 0.980844
0.153274 0.988184
0.207697 0.978193
0.0253871 0.999678
0.128639 0.991691
0.225251 0.974301
0.215289 0.97655
0.159119 0.987259
0.164857 0.986317
0.281469 0.95957
0.06462 0.99791
0.300739 0.953706
0.210242 0.977649
0.122091 0.992519
0.111904 0.993719
0.270324 0.962769
