0.232726 0.972542
0.249273 0.968433
0.294236 0.955733
0.100677 0.994919
0.246934 0.969032
0.115355 0.993324
0.14503 0.989427
0.154105 0.988054
0.235117 0.971967
0.0761123 0.997099
0.276708 0.960954
0.203206 0.979136
0.132329 0.991206
0.0570452 0.998372
0.265419 0.964133
0.176943 0.984221
0.309017 0.951057
0.274468 0.961596
0.278937 0.960309
1.05156 0.107639
0.0968207 0.995302
0.138765 0.990325
0.208248 0.978076
0.0401558 0.999193
0.135563 0.990769
0.171409 0.9852
6.12323e-17 1
0.11179 0.993732
0.269962 0.962871
0.306938 0.95173
0.148092 0.988974
0.267696 0.963504
0.18769 0.982228
0.0336358 0.999434
0.0461461 0.998935
0.162901 0.986642
0.289919 0.957051
0.237496 0.971389
0.281152 0.959663
0.0669389 0.997757
0.272219 0.962235
0.205734 0.978608
0.253923 0.967224
0.220622 0.975359
0.174191 0.984712
0.0928768 0.995678
0.157069 0.987588
0.260851 0.965379
0.242239 0.970217
0.125699 0.992068
0.0888622 0.996044
0.256236 0.966614
0.104452 0.99453
0.179667 0.983728
0.0517491 0.99866
0.195524 0.980699
0.213234 0.977001
0.182363 0.983231
0.108153 0.994134
0.258545 0.965999
0.24459 0.969627
0.23033 0.973113
0.223064 0.974804
0.129029 0.991641
0.215708 0.976458
0.298512 0.954406
0.263138 0.964758
0.192931 0.981212
0.285556 0.958362
0.0804819 0.996756
0.0175463 0.999846
0.198101 0.980182
0.185036 0.982732
0.239871 0.970805
0.292084 0.956393
0.151118 0.988516
0.296381 0.95507
0.0263224 0.999654
0.210749 0.97754
0.19032 0.981722
0.225496 0.974244
0.0620959 0.99807
0.160008 0.987116
0.300634 0.95374
0.304842 0.952403
0.218173 0.97591
0.118865 0.99291
0.0716033 0.997433
0.168602 0.985684
0.227916 0.973681
0.283362 0.959013
0.200661 0.979661
0.165771 0.986164
1.15023 2.32657e-10
0.302743 0.953072
0.122312 0.992492
0.287743 0.957708
0.141917 0.989879
0.251603 0.967831
0.084724 0.996404
