0.309017 0.951057
0.292373 0.956304
0.064461 0.99792
0.197128 0.980378
0.180548 0.983566
0.240269 0.970706
0.230553 0.97306
0.285938 0.958248
0.279398 0.960175
0.225608 0.974218
0.151133 0.988513
0.259124 0.965844
0.154179 0.988043
0.160203 0.987084
0.0323573 0.999476
0.122243 0.9925
0.256808 0.966462
0.212947 0.977064
0.261425 0.965224
0.125592 0.992082
0.166134 0.986103
0.19442 0.980918
0.283768 0.958893
0.132184 0.991225
0.235438 0.971889
0.304918 0.952379
0.23786 0.971299
0.245052 0.96951
0.135417 0.990789
0.0897198 0.995967
0.191691 0.981455
0.296592 0.955004
0.171966 0.985103
0.0444 0.999014
0.0817329 0.996654
0.128907 0.991657
0.218067 0.975934
0.0597836 0.998211
0.0253174 0.999679
0.298693 0.954349
0.268262 0.963346
0.277197 0.960813
0.0775914 0.996985
0.11191 0.993718
0.254479 0.967078
0.0386323 0.999253
0.0168778 0.999858
0.163179 0.986596
0.263712 0.964601
0.302856 0.953036
0.183365 0.983045
0.223113 0.974793
0.207754 0.978181
0.16906 0.985606
0.252141 0.96769
0.115406 0.993318
0.294488 0.955655
0.281588 0.959535
0.141791 0.989897
0.157205 0.987566
0.118842 0.992913
0.101101 0.994876
0.174852 0.984595
0.0733366 0.997307
0.290245 0.956952
0.228088 0.97364
0.265993 0.963975
0.270511 0.962717
0.10476 0.994498
0.0935829 0.995611
0.210361 0.977624
0.0689686 0.997619
0.199816 0.979833
0.985786 0.345739
0.288094 0.957602
0.233002 0.972476
0.0973717 0.995248
0.202482 0.979286
0.085771 0.996315
0.272751 0.962085
6.12323e-17 1
0.220598 0.975365
0.24979 0.9683
0.108365 0.994111
0.247427 0.968907
0.242665 0.97011
0.0549074 0.998491
0.205129 0.978735
0.300784 0.953692
0.0497973 0.998759
0.138618 0.990346
0.306974 0.951718
0.186162 0.982519
0.14805 0.98898
0.14494 0.98944
1.10001 6.37352e-11
0.17771 0.984083
0.274978 0.96145
0.215517 0.9765
0.188936 0.981989
