0.171958 0.985104
0.272331 0.962204
0.211242 0.977434
0.237802 0.971314
0.11714 0.993115
0.0993292 0.995055
0.154815 0.987943
0.216173 0.976355
0.0174042 0.999849
0.203738 0.979025
0.103034 0.994678
0.0397967 0.999208
0.285627 0.958341
0.0836664 0.996494
0.026097 0.999659
0.244851 0.969561
0.306939 0.951729
0.190868 0.981616
0.249503 0.968374
0.254128 0.967171
0.0916834 0.995788
0.123852 0.992301
0.206255 0.978498
0.133541 0.991043
0.0707914 0.997491
0.261015 0.965335
0.2768 0.960928
0.0662055 0.997806
0.127129 0.991886
0.139791 0.990181
0.120521 0.992711
0.213715 0.976896
0.30276 0.953067
0.142858 0.989743
0.281235 0.959639
0.201202 0.97955
0.0333461 0.999444
0.0614338 0.998111
0.279023 0.960284
0.296415 0.955059
0.0752239 0.997167
0.258724 0.965951
0.27457 0.961567
0.169161 0.985588
0.225891 0.974153
0.0457068 0.998955
0.235437 0.97189
0.106667 0.994295
0.177476 0.984125
0.19348 0.981104
0.163498 0.986544
0.180199 0.98363
0.267828 0.963467
0.230678 0.97303
0.283438 0.95899
0.185577 0.98263
0.242509 0.970149
0.233066 0.972461
0.110217 0.993908
0.240164 0.970732
6.12323e-17 1
0.148896 0.988853
0.26556 0.964094
0.251824 0.967773
0.15187 0.9884
0.289974 0.957034
0.174728 0.984617
0.221051 0.975262
0.263293 0.964716
0.113705 0.993515
0.270082 0.962837
0.223477 0.974709
0.182901 0.983131
0.309017 0.951057
0.218616 0.975811
0.298539 0.954397
0.0564571 0.998405
0.0877285 0.996144
0.0512394 0.998686
1.05 2.53103e-11
0.256432 0.966562
0.294281 0.955719
0.196073 0.980589
0.247177 0.96897
0.157734 0.987482
0.145893 0.9893
0.300655 0.953733
0.160628 0.987015
0.292135 0.956377
0.130359 0.991467
0.287805 0.957689
0.198647 0.980071
0.304853 0.952399
0.188233 0.982124
0.228289 0.973594
0.166341 0.986068
0.0795035 0.996835
0.136688 0.990614
0.208756 0.977968
0.0955502 0.995425
