0.748691 0.134861 0.116448
0.401974 0.264693 0.333333
0.177573 0.489093 0.333333
5.53118e-17 1 0
0.29736 0.369307 0.333333
0.59359 0.0730769 0.333333
0.21709 0.549463 0.233447
0.25235 0.414316 0.333333
0.576704 0.348027 0.075268
0.709659 0.0247673 0.265573
0.536949 0.44754 0.0155114
0.520325 0.146341 0.333333
0.0297551 0.804791 0.165454
0.437956 0.489797 0.0722466
0.0921477 0.707987 0.199865
0.709486 0.214581 0.0759331
0.549671 0.116996 0.333333
0.103208 0.563459 0.333333
0.176439 0.800298 0.0232638
0.351923 0.546064 0.102013
0.312356 0.354311 0.333333
0.353379 0.405898 0.240723
0.648485 0.109137 0.242378
9.29216e-17 0.761765 0.238235
0.0361816 0.932131 0.0316878
0.613476 0.386524 0
0.222404 0.444263 0.333333
0.0146976 0.651969 0.333333
0.11806 0.548606 0.333333
0.879048 0 0.120952
0.267342 0.399325 0.333333
0.608212 0.0584551 0.333333
0.761814 0.0656427 0.172544
0.214508 0.698065 0.0874263
0.309246 0.502418 0.188336
0.536589 0.305104 0.158306
0.327347 0.339319 0.333333
0.0589066 0.60776 0.333333
0.250242 0.749758 0
0.49689 0.258946 0.244165
0.119397 0.880603 0
0.505589 0.161078 0.333333
8.13213e-17 0.666667 0.333333
0.793954 8.81466e-17 0.206046
0.834846 0.0833722 0.0817823
7.44504e-07 5.38708e-08 1.1306
0.387086 0.279581 0.333333
0.329973 0.670027 0
1 1.11022e-16 0
0.490871 0.175796 0.333333
0.931274 0.0311623 0.037564
0.372178 0.294489 0.333333
0.558405 0.16878 0.272815
0.398511 0.592073 0.00941527
0.0441652 0.622501 0.333333
0.416868 0.249799 0.333333
0.431729 0.234938 0.333333
0.0839233 0.837237 0.0788398
0.12998 0.751382 0.118638
0.175919 0.650524 0.173557
0.652054 0.014613 0.333333
0.138688 0.602905 0.258408
0.0736632 0.593003 0.333333
0.207469 0.459198 0.333333
0.80673 0.174905 0.018365
0.297443 0.636272 0.0662851
0.282352 0.384315 0.333333
0.259341 0.59484 0.145819
0.446548 0.220119 0.333333
0.147766 0.518901 0.333333
0.535022 0.131644 0.333333
0.476114 0.190553 0.333333
0.461348 0.205319 0.333333
0.490638 0.401237 0.108125
0.0512353 0.674296 0.274469
0.448701 0.357823 0.193476
0.237356 0.429311 0.333333
0.029429 0.637238 0.333333
0.622823 0.043844 0.333333
0.132909 0.533758 0.333333
0.266695 0.462713 0.270593
0.0884055 0.578261 0.333333
0.672792 0.310003 0.0172046
0.475604 0.524396 0
0.357264 0.309403 0.333333
0.192515 0.474152 0.333333
0.57896 0.0877062 0.333333
0.162666 0.504001 0.333333
0.666667 7.40149e-17 0.333333
0.885464 0.114536 0
0.590281 0.213115 0.196604
0.749209 0.250791 0
0.627978 0.259581 0.11244
0.342306 0.324361 0.333333
0.564333 0.102334 0.333333
1.07962e-16 0.885062 0.114938
0.675653 0.1586 0.165748
0.397051 0.448894 0.154055
0.409406 0.318336 0.272257
0.637437 0.0292297 0.333333
