0.203753 0.462914 0.333333
0.478539 0.188128 0.333333
0.688204 0.201007 0.110789
0.0974576 0.656479 0.246063
0.0790254 0.587641 0.333333
0.474269 0.465069 0.060662
0.556175 0.110491 0.333333
0.626727 0.305934 0.0673391
0.425319 0.574681 0
0.386714 0.279953 0.333333
0.00318724 0.724086 0.272726
0.15881 0.570793 0.270397
0.569636 0.292643 0.137721
0.444163 0.295985 0.259852
0.46317 0.203496 0.333333
0.015864 0.650803 0.333333
0.40188 0.264786 0.333333
0.650785 0.0158818 0.333333
0.417161 0.249506 0.333333
0.0475128 0.619154 0.333333
0.934556 0.0404787 0.0249653
0.31328 0.68672 0
0.843837 0.0901145 0.0660487
5.42512e-19 1 0
0.152052 0.690544 0.157404
0.219142 0.447525 0.333333
0.619108 0.0475586 0.333333
0.767136 0.147625 0.0852393
0.666667 0 0.333333
0.482092 0.343341 0.174567
0.571891 0.0947759 0.333333
0.34805 0.612796 0.0391532
0.34124 0.325427 0.333333
0.724055 0.254359 0.0215864
0.234535 0.432132 0.333333
0.108816 0.773159 0.118024
0.519418 0.255208 0.225374
0.393486 0.395272 0.211242
0.7802 8.66196e-17 0.2198
0.254034 0.648939 0.097027
0 0.818546 0.181454
0.3715 0.295166 0.333333
0.341196 0.482517 0.176287
0.878828 0.121172 0
0.188309 0.478358 0.333333
0.141667 0.524999 0.333333
0.201946 0.725926 0.0721287
0.65701 0.142278 0.200711
0.0555462 0.742527 0.201927
0.265117 0.401549 0.333333
0.509443 0.157224 0.333333
0.201659 0.611014 0.187327
0.50584 0.49416 0
0.326105 0.340561 0.333333
0.063302 0.603365 0.333333
0.0715983 0.846801 0.0816008
0.524913 0.141754 0.333333
0.358097 0.362977 0.278926
0.586275 0.413725 1.11022e-16
1 1.11022e-16 1.11022e-16
0.112437 0.887563 0
0.623911 0.100744 0.275345
0.540545 0.126122 0.333333
0.634912 0.0317551 0.333333
0.244498 0.525443 0.230059
0.249856 0.416811 0.333333
0.295652 0.371015 0.333333
4.84263e-19 0.892632 0.107368
0.280377 0.386289 0.333333
0.798358 0.201642 0
0.356369 0.310298 0.333333
0.110482 0.556185 0.333333
0.310888 0.355779 0.333333
0.172788 0.493879 0.333333
0.432416 0.23425 0.333333
0.667145 0.332855 0
0.157253 0.509414 0.333333
0.587602 0.0790649 0.333333
0.447719 0.218948 0.333333
0.290894 0.449045 0.260061
0.560309 0.18337 0.256321
0.434531 0.430902 0.134567
0.603341 0.0633256 0.333333
0.386876 0.523596 0.0895282
0.0316944 0.634972 0.333333
0.126089 0.540578 0.333333
0.163005 0.814294 0.0227006
0.61265 0.223264 0.164086
0.818163 0.0357956 0.146041
0.532336 0.379252 0.0884114
0.0346112 0.935756 0.0296326
0.0947584 0.571908 0.333333
0.237871 0.762129 0
0.296131 0.567179 0.136691
0.894319 0 0.105681
1.5375e-05 3.04319e-05 1.17733
0.735199 0.096715 0.168086
0.493979 0.172687 0.333333
0 0.666667 0.333333
0.706483 0.0373287 0.256188
