0.0852519 0.581415 0.333333
0.347672 0.318995 0.333333
0.47196 0.194707 0.333333
0.516209 0.319703 0.164087
0.532448 0.19183 0.275722
0.715603 0.0888818 0.195516
0.251593 0.415073 0.333333
0.316032 0.350635 0.333333
0.118976 0.54769 0.333333
2.24635e-17 0.809334 0.190666
0.933817 0.0338638 0.0323188
0.0946412 0.748034 0.157325
0.45661 0.210056 0.333333
0.758793 0.126177 0.115029
0.0171241 0.649543 0.333333
0.202463 0.464203 0.333333
0.410261 0.256406 0.333333
0.113283 0.614195 0.272522
0.517616 0.149051 0.333333
0.498965 0.501035 0
0.185894 0.480773 0.333333
0.379017 0.28765 0.333333
0.179036 0.820964 0
0.361093 0.614214 0.0246929
2.75394e-17 1 0
2.03237e-17 0.737986 0.262014
0.619984 0.134447 0.24557
0.708038 0.210635 0.0813273
0.547766 0.118901 0.333333
0.288329 0.516992 0.194679
0.26778 0.398886 0.333333
0.651882 0.0147851 0.333333
0.429928 0.570072 0
9.25186e-17 0.666667 0.333333
0.441228 0.225439 0.333333
0.101229 0.869018 0.0297527
1 0 0
0.3264 0.561783 0.111817
0.152513 0.514154 0.333333
0.600517 0.399483 0
0.19663 0.561437 0.241933
0.427286 0.375053 0.197661
0.678864 0.321136 0
0.388933 0.337095 0.273972
0.622263 0.0444038 0.333333
0.152494 0.655111 0.192395
0.04281 0.839174 0.118016
0.841406 0.0809433 0.0776511
0.425736 0.24093 0.333333
0.502489 0.164177 0.333333
0.334376 0.422944 0.24268
0.0683096 0.598357 0.333333
0.137381 0.78433 0.0782892
0.034238 0.632429 0.333333
0.521814 0.439273 0.038913
0.411115 0.512679 0.0762064
0.474932 0.279033 0.246036
0.308571 0.691429 0
0.0513111 0.615356 0.333333
3.27639e-11 1.70157e-10 1.15897
0.23523 0.431436 0.333333
0.218872 0.447795 0.333333
0.233372 0.746661 0.019967
0.363409 0.303258 0.333333
0.637083 0.0295838 0.333333
0.18871 0.700155 0.111134
0.886461 0 0.113539
0.331821 0.334845 0.333333
2.51674e-17 0.913866 0.0861344
0.467014 0.415547 0.117439
0.757047 0.242953 0
0.677519 0.0492185 0.273263
0.237056 0.605889 0.157055
0.592512 0.0741551 0.333333
0.559377 0.355027 0.0855958
0.577605 0.0890619 0.333333
0.762947 0 0.237053
0.0677258 0.697267 0.235007
0.284042 0.382625 0.333333
0.808698 0.0271388 0.164163
0.807037 0.170983 0.0219796
0.569308 0.227752 0.202941
0.375854 0.466374 0.157771
0.135807 0.530859 0.333333
0.10203 0.564637 0.333333
0.88494 0.11506 0
0.608977 0.262077 0.128945
0.0640729 0.935927 0
0.532775 0.133892 0.333333
0.662719 0.174561 0.16272
0.300123 0.366543 0.333333
0.394656 0.272011 0.333333
0.487185 0.179482 0.333333
0.607409 0.0592575 0.333333
0.249834 0.477071 0.273095
0.169216 0.497451 0.333333
0.272293 0.651109 0.0765972
0.666667 0 0.333333
0.562691 0.103976 0.333333
0.646502 0.29491 0.0585875
