0.593295 0.0733718 0.333333
0.534184 0.132483 0.333333
0.884446 0.115554 0
0.0462647 0.620402 0.333333
0.573032 0.350849 0.0761196
0.308187 0.35848 0.333333
0.138925 0.527742 0.333333
0.667487 0.175906 0.156607
0.807292 0.177471 0.0152371
0.246873 0.419794 0.333333
0.444643 0.222024 0.333333
0.563835 0.102832 0.333333
0.538916 0.187999 0.273085
0.33054 0.423994 0.245466
0.578605 0.226339 0.195056
3.6649e-17 0.744223 0.255777
0.077121 0.589546 0.333333
0.154374 0.512293 0.333333
0.549035 0.117631 0.333333
1 0 0
0.1958 0.715925 0.0882757
5.88182e-17 0.666667 0.333333
0.277533 0.389133 0.333333
0.200698 0.465969 0.333333
0.385598 0.445434 0.168968
0.231495 0.435172 0.333333
0.710059 0.215529 0.0744125
0.0157695 0.804474 0.179756
0.123471 0.543196 0.333333
0.760684 0.129087 0.110229
0.666667 7.40149e-17 0.333333
0.0308352 0.635831 0.333333
0.764519 8.48786e-17 0.235481
0.489491 0.177176 0.333333
2.28574e-06 1.58024e-05 1.17205
0.391786 0.334625 0.273589
0.31745 0.595488 0.0870619
0.0321528 0.932953 0.034894
0.114416 0.885584 0
0.292854 0.373813 0.333333
0.323424 0.343243 0.333333
0.356599 0.515873 0.127528
0.60801 0.0586563 0.333333
0.429625 0.237042 0.333333
0.239101 0.760899 0
4.34753e-17 0.882843 0.117157
0.47456 0.192106 0.333333
0.0925641 0.574103 0.333333
0.164052 0.807315 0.0286326
0.441074 0.478962 0.0799643
0.0154163 0.65125 0.333333
0.624524 0.133177 0.242298
0.670608 0.312184 0.0172081
0.237883 0.626965 0.135152
0.338649 0.328018 0.333333
0.406254 0.566652 0.0270941
0.528464 0.311916 0.15962
0.41452 0.252147 0.333333
0.0616877 0.604979 0.333333
0.48167 0.51833 0
0.437081 0.363931 0.198988
0.283287 0.684345 0.0323676
0.262211 0.404456 0.333333
0.353866 0.3128 0.333333
0.0766758 0.839365 0.0839589
0.384241 0.282426 0.333333
0.718247 0.0892305 0.192523
0.746734 0.253266 0
0.623162 0.266947 0.109891
0.637373 0.0292941 0.333333
0.933878 0.0343874 0.0317345
0.622697 0.0439697 0.333333
0.887071 9.84847e-17 0.112929
0.0714317 0.704764 0.223804
0.280077 0.534819 0.185104
0.185281 0.481385 0.333333
0.243965 0.486813 0.269222
0.519288 0.147378 0.333333
0.485129 0.399958 0.114912
0.809647 0.0283798 0.161974
0.110541 0.757228 0.13223
0.358486 0.641514 0
0.504392 0.162275 0.333333
0.536001 0.443644 0.0203544
0.155203 0.665874 0.178923
0.399413 0.267253 0.333333
0.679538 0.0481753 0.272287
0.459604 0.207063 0.333333
0.841614 0.0827952 0.0755911
0.108017 0.55865 0.333333
0.110309 0.621617 0.268075
0.169825 0.496842 0.333333
0.578591 0.0880756 0.333333
0.481129 0.273593 0.245278
4.92447e-17 1 0
0.65203 0.0146369 0.333333
0.369097 0.29757 0.333333
0.21611 0.450556 0.333333
0.612117 0.387883 0
0.193452 0.573424 0.233124
