0.909824 0.414995 7.42602e-18
0.814243 0.580524 0
5.59388e-17 0.91355 0.406725
0.701347 0.712821 7.42602e-18
0.407723 0.913106 7.42602e-18
0.688643 0.435626 0.579656
0.705948 0.6482 0.285438
0.645156 0.543411 0.537102
0.767526 0.354069 0.534359
5.27841e-17 0.86203 0.506857
0.532661 0.806038 0.258023
0.268323 0.963329 7.42602e-18
0.690234 0.15355 0.707107
0.599504 0.501469 0.623798
5.87136e-17 0.958866 0.283858
0.651293 0.70863 0.271404
0.630172 0.672878 0.387452
0.406842 0.716427 0.566755
0.757023 0.515912 0.400938
0.872355 0 0.488873
0.777375 0.629037 7.42602e-18
0.668863 0.229395 0.707107
0.393212 0.587694 0.707107
0.597956 0.633487 0.491062
0.462636 0.886548 7.42602e-18
0.313394 0.847636 0.428133
0.509303 0.557674 0.655446
0.616557 0.346204 0.707107
0.289901 0.752554 0.591286
0.867418 0.425893 0.257297
4.52303e-17 0.738666 0.674071
4.32978e-17 0.707107 0.707107
0.287215 0.923759 0.253332
0.722043 0.482678 0.495657
0.462556 0.748077 0.475839
1 0 7.42602e-18
5.09783e-17 0.832539 0.553967
0.259887 0.894735 0.36319
0.677614 0.593106 0.434815
4.90663e-17 0.801314 0.598244
0.507216 0.675401 0.535317
0.445938 0.640038 0.625692
0.933917 0.357491 0
5.99069e-17 0.978354 0.20694
0.56661 0.823986 7.42602e-18
0.517824 0.481516 0.707107
0.97713 0 0.212641
0.22782 0.669401 0.707107
0.901398 0 0.432992
0.583918 0.751086 0.308073
0.553366 0.440212 0.707107
0.261557 0.810013 0.524849
0.43809 0.555047 0.707107
0.707107 5.42811e-19 0.707107
0.820482 0.476582 0.315718
0.342449 0.939536 7.42602e-18
5.74419e-17 0.938097 0.346371
0.487583 0.781907 0.388438
0.848911 0.528536 7.42602e-18
0.901962 0.314319 0.296086
0.738937 0.585949 0.33262
0.586275 0.395325 0.707107
9.11019e-18 6.05508e-17 1
0.61618 0.787606 7.42602e-18
0.954255 7.32534e-19 0.298995
0.822868 0.283266 0.492594
0.959261 0.28252 7.42602e-18
0.842918 0 0.538043
0.792536 0.419531 0.442584
0.644134 0.291705 0.707107
0.439669 0.832103 0.338076
0.479479 0.519712 0.707107
0.75263 0.271488 0.599869
0.34417 0.617695 0.707107
0.741576 5.69271e-19 0.670868
0.777601 0 0.628758
0.703668 0.311827 0.638447
0.940046 0.236875 0.245367
6.12323e-17 1 0
0.87684 0.257299 0.40614
0.555466 0.595723 0.580147
0.513532 0.85807 7.42602e-18
5.43089e-17 0.886931 0.461901
0.847212 0.370637 0.380605
0.289762 0.64501 0.707107
0.387323 0.87553 0.28884
0.324299 0.687084 0.650189
0.375768 0.788674 0.486612
0.659975 0.751287 7.42602e-18
0.152498 0.690467 0.707107
0.640634 0.400646 0.655035
0.740513 0.672042 7.42602e-18
0.880489 0.474066 7.42602e-18
0.552075 0.712581 0.432945
0.179293 0.983796 7.42602e-18
0.98199 0.188934 7.42602e-18
0.811657 6.23069e-19 0.584134
4.71952e-17 0.770755 0.637131
0.92825 0 0.371957
0.792873 0.552304 0.257512
