0.739487 0.512263 0.436745
4.54352e-17 0.742014 0.670385
0.645671 0.480181 0.593746
0.97808 0.208229 1.9948e-17
0.935727 0.352724 1.9948e-17
0.884546 0.466453 0
0.461331 0.535886 0.707107
0.292057 0.956401 1.9948e-17
0.693544 0.329157 0.640821
0.270387 0.754424 0.59811
0.313997 0.70109 0.640218
0.649051 0.280595 0.707107
0.530921 0.66844 0.520876
0.851052 0.264235 0.453752
0.330494 0.625119 0.707107
0.621217 0.783639 0
0.899544 2.26518e-17 0.43683
0.146256 0.691816 0.707107
0.797598 0.603189 1.9948e-17
0.660137 0.751145 1.9948e-17
0.770534 0.434333 0.46651
0.496378 0.617552 0.610113
0.270345 0.917968 0.290256
4.32978e-17 0.707107 0.707107
0.337986 0.780023 0.526621
0.421888 0.709063 0.565013
0.777042 3.93715e-17 0.629449
0.377764 0.597741 0.707107
0.732291 0.680992 1.9948e-17
0.565773 0.424148 0.707107
1 2.51814e-17 0
0.691516 0.147668 0.707107
0.590648 0.581508 0.559449
0.500131 0.824116 0.265898
0.883623 0.315027 0.346364
0.965843 4.89377e-17 0.259128
5.16086e-17 0.842833 0.538176
0.421155 0.568004 0.707107
0.58019 0.814481 1.9948e-17
0.828617 0.389154 0.402433
0.528954 0.77573 0.344166
0.606388 0.740998 0.288472
0.281458 0.832562 0.477098
0.356984 0.93411 1.9948e-17
0.765741 0.643149 1.9948e-17
0.671797 0.220656 0.707107
0.911588 0.411105 1.9948e-17
0.595852 0.380736 0.707107
0.741131 0 0.67136
0.407801 0.806189 0.428669
0.923557 0 0.383461
0.855551 0.517719 0
0.377357 0.890512 0.254144
0.545771 0.536994 0.643251
5.64663e-17 0.922165 0.386798
0.957732 0.287661 1.9948e-17
0.723057 0.630292 0.282702
0.571672 0.707567 0.415379
0.707107 3.5828e-17 0.707107
0.623676 0.333208 0.707107
0.720549 0.413098 0.556919
0.697111 0.716963 1.9948e-17
0.278164 0.650096 0.707107
0.478632 0.878016 0
6.0296e-17 0.984709 0.174206
0.840158 2.11563e-17 0.542341
5.91147e-17 0.965416 0.260716
6.12323e-17 1 0
0.426661 0.845811 0.320256
5.33364e-17 0.871049 0.491195
5.49578e-17 0.897529 0.440955
0.531176 0.847262 0
0.420645 0.907225 1.9948e-17
5.78558e-17 0.944857 0.327484
0.695159 0.595739 0.402305
0.98489 2.48009e-17 0.173178
0.533416 0.464185 0.707107
0.30375 0.870381 0.387521
0.945736 2.38149e-17 0.324936
0.811016 0 0.585025
0.814161 0.494234 0.304755
0.754759 0.277095 0.594607
0.472838 0.744915 0.470665
0.671973 0.537985 0.508944
0.920211 0.276379 0.277176
0.79658 0.313325 0.516999
0.498704 0.501293 0.707107
0.7669 0.554591 0.322946
0.211154 0.977453 0
0.404553 0.643358 0.649944
0.617945 0.427804 0.659642
4.23913e-17 4.41857e-17 1
0.827358 0.561675 0
0.870853 0 0.491543
0.658279 0.678703 0.325624
0.622678 0.632613 0.460514
0.86304 0.426234 0.271085
4.76688e-17 0.778491 0.627655
4.97761e-17 0.812905 0.582396
0.21861 0.672465 0.707107
