0.677293 0.416103 0.606739
0.46953 0.743721 0.475837
0.89388 0.255282 0.368524
0.644866 0.290083 0.707107
0.537444 0.571086 0.620496
0.708423 0.45263 0.541538
5.73116e-17 0.935969 0.352083
0.719987 0.506065 0.474887
0.977604 5.75466e-17 0.210455
0.820931 4.83241e-17 0.571027
0.651191 0.366212 0.66471
0.595167 0.803602 0
4.52207e-17 0.738511 0.674242
0.483923 0.652889 0.582713
0.368913 0.929464 0
0.644676 0.764456 5.38584e-17
5.58359e-17 0.911869 0.410481
0.585979 0.615262 0.527335
0.434195 0.616748 0.656579
0.789494 0.383554 0.47915
0.5548 0.438403 0.707107
0.627288 0.661027 0.411769
5.42392e-17 0.885793 0.464081
0.774609 0.63244 0
4.93383e-17 0.805755 0.592248
0.52509 0.758285 0.386373
0.587488 0.39352 0.707107
0.58894 0.485867 0.645819
0.936096 1.25824e-17 0.351744
0.600432 0.727987 0.330933
0.290474 0.956883 0
0.960936 0.276769 0
0.668783 0.586121 0.457374
0.229292 0.668899 0.707107
0.691181 0.722682 5.38584e-17
0.957664 5.63729e-17 0.287888
4.32978e-17 0.707107 0.707107
0.690431 0.152658 0.707107
0.519454 0.479758 0.707107
5.99456e-17 0.978986 0.203928
0.666043 0.698161 0.2626
0.93455 0.355831 0
0.414389 0.865748 0.280646
0.752834 0.325504 0.572091
6.12323e-17 1 5.38584e-17
0.339788 0.850908 0.400623
0.617541 0.344446 0.707107
6.1153e-17 3.11592e-18 1
0.747448 1.00467e-17 0.66432
0.982735 0.185017 0
5.26968e-17 0.860604 0.509275
0.84808 0.307427 0.431566
0.479818 0.820913 0.309641
0.542134 0.840292 0
0.707107 4.16238e-17 0.707107
0.395088 0.586435 0.707107
0.909975 1.22313e-17 0.414663
0.880047 0.381488 0.282814
0.564737 0.784869 0.255054
0.264203 0.892611 0.365297
0.346037 0.616651 0.707107
0.417221 0.799706 0.431737
0.807064 0.515218 0.288439
0.282957 0.82595 0.487588
0.738566 0.560025 0.375356
0.439922 0.553596 0.707107
0.415665 0.715811 0.561104
5.87108e-17 0.958821 0.284012
0.325708 0.909157 0.259515
0.874362 0.485274 5.38584e-17
0.239931 0.943271 0.229505
0.844199 0.536031 0
0.881608 1.185e-17 0.471982
0.812016 0.583636 5.38584e-17
0.702082 0.635819 0.320649
0.776237 0.47198 0.417962
0.490103 0.871665 0
0.834986 0.429896 0.343493
5.10634e-17 0.833928 0.551873
0.92322 0.28985 0.252293
0.29152 0.644217 0.707107
0.481244 0.518078 0.707107
0.333676 0.778053 0.532254
0.153487 0.690248 0.707107
0.194282 0.980946 5.38584e-17
0.905107 0.425184 0
0.434017 0.900905 0
0.76013 0.597467 0.255413
0.785468 4.62366e-17 0.618902
0.806671 0.261305 0.530095
0.540999 0.687911 0.483838
0.85423 5.02842e-17 0.519896
0.734788 0.678297 0
0.272549 0.748254 0.604841
0.633573 0.529832 0.563793
0.669315 0.228074 0.707107
4.73351e-17 0.773041 0.634356
1 1.34414e-17 0
0.718486 0.271687 0.640285
0.333335 0.689435 0.643092
