0.642263 0.574797 0.507057
0.521523 0.853237 4.34721e-18
0.77328 5.5993e-17 0.634065
5.18864e-17 0.847369 0.531004
0.888118 0.459616 4.34721e-18
0.239471 0.665322 0.707107
0.798135 0.534305 0.278386
0.741033 5.3658e-17 0.671468
0.637086 0.424917 0.643092
0.407544 0.814946 0.412032
0.776699 0.2954 0.556307
0.458282 0.538496 0.707107
6.12323e-17 1 0
0.945646 0 0.325197
6.12323e-17 3.71012e-20 1
0.609153 0.359072 0.707107
0.922293 0.290358 0.255084
0.639098 0.302578 0.707107
0.274734 0.96152 2.98411e-17
0.411964 0.574705 0.707107
0.965686 6.99251e-17 0.259711
0.861384 0.507955 4.34721e-18
0.898451 0 0.439074
0.665859 0.237974 0.707107
0.806658 5.84099e-17 0.591019
0.511318 0.692544 0.508859
0.455159 0.760642 0.462876
0.314594 0.699953 0.641168
0.707107 5.12014e-17 0.707107
0.262448 0.758464 0.596534
0.831802 0.447832 0.32795
0.720207 0.355165 0.595953
0.984827 7.13111e-17 0.173539
5.71476e-17 0.933291 0.359121
0.92302 6.68356e-17 0.384751
0.73798 0.674823 4.34721e-18
5.54793e-17 0.906045 0.423181
0.587739 0.764189 0.265664
0.549324 0.730503 0.405721
0.500869 0.499129 0.707107
0.304359 0.638252 0.707107
0.937835 0.347081 2.98411e-17
0.695964 0.294244 0.655023
0.677411 0.682214 0.275133
0.801623 0.388685 0.454229
0.68892 0.159341 0.707107
0.559303 0.613373 0.557632
4.54967e-17 0.743018 0.669272
0.744327 0.432923 0.508484
0.71291 0.537867 0.449953
0.400101 0.7272 0.557763
4.32978e-17 0.707107 0.707107
0.824226 0.254809 0.505691
0.59869 0.520022 0.609218
0.345352 0.938473 2.98411e-17
5.85752e-17 0.956605 0.291386
0.913109 0.407715 4.34721e-18
0.699956 0.714186 4.34721e-18
0.352299 0.865925 0.355049
0.893263 0.266318 0.362155
0.51868 0.563078 0.643362
0.540136 0.456348 0.707107
0.832923 0.553389 4.34721e-18
0.471412 0.881913 4.34721e-18
0.411466 0.911425 4.34721e-18
0.678211 0.478039 0.55813
0.772292 0.493991 0.399423
0.38134 0.892129 0.24225
0.602744 0.655738 0.454651
5.36663e-17 0.876437 0.481516
0.979192 0.202938 2.98411e-17
0.771024 0.636806 2.98411e-17
0.576143 0.409951 0.707107
0.323214 0.790468 0.520282
0.361018 0.608002 0.707107
0.460925 0.841363 0.282235
0.872082 6.31472e-17 0.489361
0.512297 0.793204 0.329209
0.409709 0.628962 0.660716
0.625178 0.703722 0.337532
0.268641 0.923621 0.273416
0.282289 0.838499 0.466081
0.461143 0.657768 0.595558
4.99943e-17 0.816468 0.57739
0.18369 0.982984 2.98411e-17
0.745165 0.593334 0.304442
1 0 4.34721e-18
5.98384e-17 0.977235 0.21216
0.875955 0.390374 0.283391
0.568425 0.822735 4.34721e-18
0.685858 0.621818 0.378076
0.615511 0.788128 4.34721e-18
0.241775 0.889431 0.387887
0.160357 0.688684 0.707107
4.78131e-17 0.780847 0.624722
0.960271 0.27907 4.34721e-18
0.853035 0.31577 0.415476
0.802798 0.596251 4.34721e-18
0.840432 0 0.541918
0.659791 0.751449 4.34721e-18
