0.425432 0.722758 0.544637
0.644927 0.289947 0.707107
4.93176e-17 0.805417 0.592709
0.773564 0.551647 0.311904
0.690457 0.152544 0.707107
0.257394 0.935156 0.243374
0.707107 3.45659e-17 0.707107
0.587631 0.393306 0.707107
4.80726e-17 3.79266e-17 1
0.491894 0.870655 4.91098e-17
0.888412 0.459047 4.91098e-17
0.828399 0.328765 0.453506
0.800158 0.453375 0.39268
0.314761 0.709675 0.630307
0.386663 0.653502 0.650712
0.623034 0.642463 0.446172
0.86248 2.62366e-17 0.506091
0.42914 0.830392 0.35537
0.578523 0.713086 0.396003
6.02507e-17 0.983968 0.178345
0.506727 0.819642 0.267235
0.79267 0.60965 0
0.375091 0.926988 4.91098e-17
0.395332 0.58627 0.707107
0.701191 0.459105 0.545485
0.26234 0.817173 0.513231
0.294978 0.762905 0.575295
0.663344 0.558687 0.497839
0.718113 0.695926 4.91098e-17
0.593045 0.805169 4.91098e-17
0.805577 2.45056e-17 0.592492
0.585475 0.473844 0.657792
0.681832 0.731509 0
0.823768 0.566928 4.91098e-17
0.519659 0.479535 0.707107
0.857178 0.51502 0
0.736954 0.511194 0.442245
0.975363 0.220606 0
0.529542 0.68348 0.502434
0.384227 0.79164 0.475053
6.12323e-17 1 0
0.515565 0.569534 0.640174
0.854707 0.404464 0.325399
0.774786 2.35689e-17 0.632223
0.48146 0.517877 0.707107
0.949353 0.314211 0
0.919606 0.392841 0
0.620842 0.519398 0.587181
0.48331 0.756221 0.441069
0.436057 0.899919 4.91098e-17
0.153516 0.690241 0.707107
0.938365 0.263981 0.223126
0.756468 0.654031 4.91098e-17
0.554974 0.438183 0.707107
1 3.04199e-17 0
0.392032 0.878775 0.272149
0.291622 0.644171 0.707107
5.1275e-17 0.837384 0.546615
0.700473 0.59763 0.390096
0.731763 0.628372 0.263953
0.896467 0.360089 0.258228
0.739724 0.328594 0.587226
0.280851 0.899572 0.334503
0.983688 4.80862e-17 0.179885
0.44015 0.553414 0.707107
5.90127e-17 0.963751 0.266803
0.66296 0.407703 0.627903
0.302001 0.953308 4.91098e-17
5.46631e-17 0.892716 0.450619
0.963117 4.70807e-17 0.269083
0.537943 0.776663 0.327738
0.54419 0.838962 4.91098e-17
0.910645 0.248283 0.330273
0.831272 0.490044 0.26238
4.32978e-17 0.707107 0.707107
0.767269 0.406484 0.496053
0.669352 0.227965 0.707107
0.34618 0.61657 0.707107
5.62164e-17 0.918084 0.396385
0.7023 0.283221 0.653116
0.21563 0.976475 4.91098e-17
0.795563 0.281722 0.536388
0.834798 2.53945e-17 0.550557
4.53775e-17 0.741071 0.671427
0.638813 0.769362 0
5.31158e-17 0.867447 0.49753
0.890183 4.35154e-17 0.455603
0.872416 0.276931 0.402739
0.941044 2.86265e-17 0.338285
0.229327 0.668887 0.707107
5.76846e-17 0.942061 0.335442
0.663889 0.678446 0.314584
0.617613 0.344317 0.707107
0.57712 0.604943 0.548613
0.916652 4.48093e-17 0.399686
0.613972 0.743473 0.265114
0.481601 0.641186 0.597445
4.73978e-17 0.774065 0.633106
0.308853 0.853876 0.418934
0.741796 3.62617e-17 0.670626
