0.326308 0.846203 0.421264
0.366997 0.655325 0.660199
0.447836 0.820348 0.355629
0.614205 0.668703 0.419032
0.81357 3.48602e-17 0.581467
0.147481 0.691556 0.707107
0.886575 0.331461 0.322674
0.57335 0.819311 0
5.16485e-17 0.843485 0.537153
0.916232 0.400649 5.05674e-17
0.478893 0.877873 5.05674e-17
0.500979 0.49902 0.707107
1 5.96194e-18 0
0.570125 0.530212 0.627562
5.35291e-17 0.874196 0.485572
4.56083e-17 0.744841 0.667242
0.482225 0.591803 0.645932
0.691785 0.1464 0.707107
6.12323e-17 1 5.05674e-17
0.773304 0.634035 5.05674e-17
0.18913 0.981952 5.05674e-17
0.425807 0.904814 5.05674e-17
5.9811e-17 0.976788 0.214208
5.84036e-17 0.953804 0.30043
0.67239 0.218841 0.707107
0.61947 0.785021 5.05674e-17
4.32978e-17 0.707107 0.707107
0.924177 0.273555 0.266581
0.727843 0.560683 0.394816
0.707107 3.02985e-17 0.707107
0.94136 0.337403 5.05674e-17
0.934082 4.0024e-17 0.357059
4.77939e-17 0.780534 0.625113
0.415836 0.689887 0.592568
0.70085 0.713308 5.05674e-17
0.984088 0.177684 0
0.567751 0.421496 0.707107
0.2721 0.817931 0.506903
0.651357 0.605762 0.456931
0.858153 0.279477 0.430658
0.791507 0.365232 0.490024
0.278378 0.719834 0.63588
0.755176 0.59833 0.26779
0.891399 0.45322 5.05674e-17
0.604948 0.579488 0.546106
0.74258 3.18184e-17 0.669758
0.798137 0.514758 0.313054
0.358855 0.933393 5.05674e-17
0.53557 0.461698 0.707107
0.964007 0.265877 5.05674e-17
0.864774 0.502161 5.05674e-17
0.657402 0.471535 0.587773
0.977557 4.18868e-17 0.210672
0.662896 0.748711 0
0.409232 0.866194 0.286772
0.820955 0.250574 0.513075
0.423739 0.566079 0.707107
0.593546 0.761164 0.261405
0.695058 0.641908 0.323804
5.68034e-17 0.927669 0.373403
0.698695 0.324346 0.637671
0.779092 3.33829e-17 0.62691
0.45973 0.729997 0.505721
0.517923 0.799822 0.303383
0.62493 0.330851 0.707107
0.380279 0.596144 0.707107
0.334497 0.911364 0.239847
0.540279 0.687092 0.485801
0.332838 0.623874 0.707107
0.280305 0.649176 0.707107
0.548307 0.73994 0.389678
0.854369 0.439299 0.277615
0.282871 0.959158 5.05674e-17
0.276693 0.889523 0.363579
0.847964 0 0.530054
0.880096 3.77108e-17 0.474796
0.649961 0.278479 0.707107
0.727959 0.411937 0.548073
0.836434 0.548067 5.05674e-17
0.691569 0.519412 0.501939
0.759119 0.278439 0.588395
0.220361 0.671894 0.707107
0.32391 0.761784 0.561041
0.956931 0 0.290316
0.597521 0.378111 0.707107
0.463802 0.533748 0.707107
0.736859 0.676046 5.05674e-17
5.52281e-17 0.901944 0.431853
0.23099 0.93791 0.258783
4.96437e-17 0.810744 0.585401
0.411716 0.785877 0.461397
0.762997 0.471132 0.442572
0.826335 0.405599 0.390717
0.807758 0.589515 5.05674e-17
0.528225 0.849105 0
9.40986e-18 6.0505e-17 1
0.624804 0.420437 0.657916
0.647307 0.703067 0.294433
0.908962 3.89476e-17 0.41688
0.517564 0.637475 0.570748
