0.707107 0 0.707107
0.464804 0.885414 0
0.412854 0.690098 0.594405
0.597566 0.378041 0.707107
0.560142 0.557439 0.612783
0.399443 0.788259 0.468073
0.932513 0.26142 0.249158
0.650007 0.278371 0.707107
0.925265 0.379321 0
0.364242 0.655982 0.661072
5.42671e-17 0.886249 0.463209
0.691783 0.146413 0.707107
0.384181 0.875273 0.293773
0.333047 0.623763 0.707107
0.463954 0.533617 0.707107
5.24018e-20 6.12323e-17 1
0.279179 0.817846 0.503177
0.895343 0.311811 0.318017
0.851135 0 0.524948
0.409787 0.912181 0
0.812096 0.488907 0.318544
6.12323e-17 1 0
0.938989 0 0.343947
0.864537 0.421435 0.273801
0.743467 0.668773 0
0.574467 0.818528 0
0.602867 0.609166 0.515236
0.476967 0.599595 0.642641
0.675425 0.687138 0.267662
0.179974 0.983671 0
0.255556 0.896298 0.362409
0.672397 0.218819 0.707107
0.314411 0.851432 0.419773
0.811405 0.584485 0
0.703477 0.710718 0
5.8717e-17 0.958921 0.283673
0.672473 0.407587 0.61778
0.280451 0.649113 0.707107
0.567805 0.421424 0.707107
5.26863e-17 0.860433 0.509563
0.74605 0.5265 0.407685
0.484413 0.838947 0.248018
0.545662 0.788786 0.282966
4.75127e-17 0.775941 0.630805
0.778353 0.627827 0
0.983152 0 0.182788
0.322255 0.760901 0.563189
0.961898 0 0.273409
0.872073 0.489375 0
0.77811 0.430874 0.457048
0.838034 0.383499 0.388107
0.866545 0.255145 0.428953
0.816051 0.315436 0.484316
0.772123 0.569243 0.282469
5.74478e-17 0.938194 0.34611
0.603905 0.729831 0.320384
0.521641 0.853165 0
0.380468 0.596024 0.707107
0.641022 0.653462 0.40259
4.54599e-17 0.742416 0.669939
0.706705 0.283964 0.648022
0.913648 0 0.406507
0.661108 0.750291 0
0.816851 0 0.576849
0.883607 0 0.46823
0.501109 0.498888 0.707107
5.59229e-17 0.91329 0.407311
0.439995 0.818861 0.368606
0.269194 0.963086 0
0.780286 0 0.625423
0.599903 0.463627 0.652048
0.842672 0.538428 0
0.423885 0.56597 0.707107
0.792965 0.262785 0.549682
0.71389 0.467293 0.521534
5.10117e-17 0.833083 0.553147
0.624984 0.33075 0.707107
0.952151 0.305626 0
0.53567 0.461582 0.707107
0.560353 0.691168 0.456389
1 3.17788e-18 0
0.22048 0.671855 0.707107
0.899634 0.436644 0
0.642606 0.517558 0.56497
4.32978e-17 0.707107 0.707107
0.147495 0.691553 0.707107
0.516831 0.64897 0.558322
0.287481 0.923974 0.252243
4.92407e-17 0.804161 0.594411
0.343961 0.938984 0
0.509137 0.758006 0.407685
0.715503 0.619086 0.32371
0.97579 0.218709 0
0.621323 0.783555 0
0.743071 0.343084 0.574578
5.99075e-17 0.978364 0.206893
0.744699 0 0.667401
0.459035 0.725912 0.512191
0.278874 0.718516 0.637153
0.680447 0.570208 0.460277
