0.8 0.105573
0.30759 0.445392
0.424716 0.348298
0.0938605 0.693633
0.809307 0.100385
0.0317723 0.821752
0.262699 0.487458
0.0606671 0.753693
0.392593 0.373427
0.0155358 0.875357
0.190717 0.563288
0.856131 0.0747265
0.255343 0.494685
1 0
0.00868466 0.906808
0.300028 0.452252
0.0408701 0.797836
0.111827 0.665594
0.466009 0.317351
0.0193123 0.861031
0.065922 0.743247
0.491445 0.298969
0.474451 0.311196
0.117992 0.6565
0.218981 0.532046
0.345732 0.41201
0.0880686 0.703236
0.384685 0.37977
0.941652 0.0296126
0.240698 0.509391
0.33806 0.41857
0.0456232 0.786404
0.315166 0.438604
0.818637 0.0952142
0.846734 0.0798183
0.932039 0.0345786
0.884429 0.0595592
0.270079 0.480308
0.00569841 0.924512
0.951283 0.0246628
0.211849 0.53973
0.226176 0.524421
0.5 0.292893
0.105736 0.67483
0.0119842 0.890528
0.865542 0.0696551
0.893896 0.0545393
0.449309 0.329695
0.0823713 0.712996
0.170083 0.587588
0.330414 0.425183
0.143463 0.621236
0.150013 0.612685
0.0505084 0.775259
0.156634 0.604229
0.183783 0.571301
0.0232875 0.847398
0.163325 0.595866
0.990198 0.00491286
0.400546 0.367113
0.82798 0.0900659
0.176901 0.579404
0.292512 0.459156
0.970696 0.0147607
0.408562 0.360812
0.0713 0.732979
0.980417 0.00984016
0.83736 0.0849262
0.432859 0.34208
0.322768 0.431873
0.0997499 0.684168
0.874978 0.0645973
0.0010443 0.967684
0.903386 0.0495339
0.00309907 0.944331
0.0767851 0.722899
0.277537 0.473182
0.441062 0.335875
0.130571 0.638654
0.912906 0.0445387
0.0362544 0.809594
0.35347 0.405466
0.0555265 0.764359
0.136977 0.629896
0.124239 0.647524
0.248013 0.501991
0.361219 0.398985
2.72347e-07 0.999478
0.482928 0.30507
0.197699 0.555367
0.0274513 0.834316
0.416612 0.354545
0.204748 0.547509
0.285001 0.466145
0.457633 0.323514
0.23342 0.516864
0.369016 0.392533
0.922456 0.0395541
0.376833 0.386133
0.960966 0.0197111
