0.297408 0.454649
0.809988 0.100007
0.481725 0.305936
0.267128 0.483156
0.0335289 0.816891
0.910044 0.0460379
0.344601 0.412973
0.113483 0.663128
0.0704886 0.734503
0.289748 0.461718
0.188648 0.565664
0.411102 0.358828
0.282156 0.468817
1 0
0.8 0.105573
0.979961 0.0100703
0.195439 0.557915
0.0080481 0.910289
0.92001 0.0408285
0.320727 0.433672
0.202295 0.550228
0.209236 0.542577
0.360851 0.399292
0.17528 0.581336
0.230464 0.519933
0.428375 0.345497
0.879973 0.061931
0.463631 0.319095
0.274618 0.47596
0.850001 0.078045
0.437138 0.338836
0.0110905 0.894688
0.0466078 0.784112
0.890006 0.0565987
0.0755405 0.725154
0.859979 0.0726492
0.336596 0.419831
0.00096095 0.969001
0.0606535 0.753721
0.0912633 0.697902
0.0966734 0.689077
0.472667 0.312493
0.0215656 0.853148
0.949971 0.0253352
0.00286576 0.946467
0.352701 0.406114
0.0511953 0.773736
0.237669 0.512487
0.445897 0.332244
0.149492 0.613358
0.98998 0.0050224
0.244952 0.505074
0.107793 0.671682
0.0806987 0.715925
0.0421326 0.794738
0.131105 0.637916
0.328637 0.426731
0.119267 0.654649
0.377324 0.385733
0.137148 0.629665
0.385644 0.378998
0.402531 0.365547
0.419717 0.352145
0.45471 0.325678
0.0859403 0.706844
0.252295 0.497711
0.181925 0.573473
0.0143796 0.880085
8.39379e-08 0.99971
0.223316 0.527436
0.394047 0.372268
0.143265 0.621496
0.0178814 0.866279
0.102179 0.680346
0.312886 0.440638
0.0558685 0.763635
0.819987 0.0944689
0.499998 0.292895
0.0293956 0.828548
0.839999 0.0834853
0.829991 0.0889618
0.216238 0.534986
0.155814 0.605268
0.959968 0.0202205
0.0377681 0.80566
0.259685 0.490407
0.369056 0.392501
0.940008 0.0304598
0.125131 0.646261
0.30512 0.447623
0.162234 0.597218
0.899973 0.051331
0.0052777 0.927352
0.869998 0.0672634
0.929985 0.0356425
0.1687 0.589269
0.0655208 0.74403
0.490815 0.299418
0.0254048 0.840611
0.969953 0.0151383
