0.957813 0.0213207
0.393547 0.372666
0.47483 0.310921
0.491571 0.298879
0.0706679 0.734166
0.046026 0.785463
0.185512 0.569289
0.926214 0.0375999
0.842025 0.0823807
0.466513 0.316982
0.361935 0.398389
0.989444 0.00529181
0.159229 0.600965
0.499998 0.292895
0.450016 0.329168
0.146465 0.617292
0.483183 0.304887
0.10973 0.668745
0.315405 0.43839
0.810475 0.0997363
0.385602 0.379032
0.0414392 0.796434
0.0106381 0.896859
0.1657 0.592937
0.241095 0.508985
0.00503952 0.92901
0.94733 0.0266914
0.0868531 0.705292
0.800001 0.105572
0.425601 0.347619
1 0
0.0759606 0.72439
0.133937 0.634026
0.212833 0.538662
0.905168 0.0485966
0.219813 0.531158
0.346293 0.411534
0.22685 0.523713
0.0655178 0.744036
0.441847 0.335284
0.820969 0.0939264
0.915697 0.0430793
0.277643 0.473081
0.0172398 0.8687
0.255557 0.494474
0.0246449 0.843013
0.936747 0.0321429
0.873625 0.0653211
0.06051 0.754012
0.30778 0.445221
0.0327131 0.819132
0.369785 0.391901
0.19225 0.561537
0.178842 0.577103
0.831492 0.088138
0.00273368 0.947715
0.262864 0.487297
0.12778 0.642536
0.0507491 0.774724
0.205913 0.546223
0.0980998 0.686791
0.97888 0.0106162
0.19905 0.553849
0.330791 0.424856
0.0924353 0.695968
0.103876 0.677702
0.0813503 0.71478
0.33853 0.418167
0.0208629 0.85556
0.2483 0.501703
0.45824 0.323066
0.233946 0.51632
0.270226 0.480167
0.285112 0.466041
0.300179 0.452114
0.354116 0.404923
0.88416 0.0597022
0.000917662 0.969707
0.377693 0.385433
0.292624 0.459052
0.0555709 0.764265
0.121699 0.651147
0.409488 0.360088
0.417538 0.353829
0.115671 0.659895
0.00769915 0.912255
0.14017 0.625608
0.0286081 0.830861
0.152811 0.609089
0.323081 0.431598
0.8526 0.0766363
0.17224 0.584982
1.54066e-07 0.999607
0.863114 0.0709607
0.433707 0.341436
0.894641 0.0541455
0.0370063 0.80763
0.4015 0.36636
0.0138123 0.882474
0.968341 0.015957
