0.0332562 0.817637
0.435503 0.340073
0.988982 0.00552422
0.809997 0.100002
0.0375249 0.806287
0.383291 0.380895
0.417768 0.35365
0.44449 0.333299
0.245212 0.504811
0.0606125 0.753804
0.224731 0.525942
0.295633 0.456279
0.0655317 0.744008
0.462642 0.319822
0.0251256 0.841489
0.198412 0.554565
0.303191 0.449372
0.185658 0.56912
0.0212879 0.854096
0.0557826 0.763817
0.830156 0.0888709
1 0
0.0705362 0.734413
0.0756392 0.724974
0.231505 0.51885
0.154692 0.606691
0.0176214 0.867255
0.860821 0.0721954
0.850518 0.0777649
0.840337 0.0833008
0.350259 0.408173
0.273489 0.477038
0.00788079 0.911226
0.204881 0.547363
0.923763 0.0388741
0.800002 0.105572
0.113544 0.663038
0.211412 0.540205
0.102337 0.680099
0.891976 0.0555552
0.136708 0.63026
0.00515935 0.928171
0.0291176 0.829361
0.318541 0.435606
0.166932 0.591427
0.173116 0.583928
0.160781 0.599025
0.218028 0.533066
0.000938303 0.969368
0.0808222 0.715708
0.342216 0.415007
0.280813 0.470082
0.5 0.292893
0.266319 0.483939
0.902521 0.0499892
0.0510622 0.77403
0.0968399 0.688809
0.00279934 0.947091
0.977961 0.0110807
0.259212 0.490871
0.334248 0.421858
0.426617 0.346841
8.30022e-08 0.999712
0.391811 0.374052
0.125012 0.646429
0.326339 0.428739
0.956138 0.022177
0.310789 0.442516
0.288155 0.463199
0.0108914 0.895638
0.0860859 0.706596
0.148641 0.61446
0.48115 0.306351
0.119237 0.654693
0.238355 0.511784
0.490556 0.299603
0.967054 0.0166108
0.91313 0.0444214
0.191998 0.561824
0.130831 0.638294
0.47183 0.313101
0.0464391 0.784503
0.374874 0.387731
0.934507 0.0333011
0.107903 0.671514
0.400401 0.367227
0.82007 0.0944228
0.142647 0.622314
0.0419229 0.795249
0.0914263 0.697632
0.252186 0.497818
0.40904 0.360438
0.358354 0.401373
0.179367 0.576483
0.453559 0.326532
0.871156 0.0666429
0.881514 0.0611104
0.945263 0.0277536
0.366603 0.394523
0.0141478 0.881056
