0.0172201 0.868775
0.98087 0.00961095
0.818961 0.0950354
0.0556336 0.764132
0.161997 0.597511
0.866529 0.0691244
0.196072 0.557199
0.0327321 0.81908
0.15535 0.605855
0.00499928 0.929294
0.238719 0.511412
0.290737 0.460799
0.210092 0.541642
0.000902266 0.969962
0.0507841 0.774647
0.0931361 0.694818
0.446147 0.332057
0.00271076 0.947935
0.93319 0.0339824
0.847475 0.0794159
0.0208573 0.85558
0.175462 0.581118
9.41316e-09 0.999903
0.361535 0.398722
0.337361 0.419172
0.837945 0.0846065
0.0874382 0.7043
0.952228 0.0241783
0.148776 0.614285
0.420066 0.351875
0.990426 0.00479876
0.0989345 0.685461
0.42869 0.345256
1 0
0.914112 0.043908
0.182275 0.573063
0.321618 0.432887
0.809496 0.10028
0.260715 0.489398
0.885538 0.0589698
0.876032 0.0640344
0.253333 0.496678
0.800001 0.105572
0.110845 0.667066
0.217161 0.533994
0.142269 0.622814
0.481838 0.305854
0.0369948 0.80766
0.0286065 0.830865
0.394564 0.371856
0.123172 0.649042
0.828455 0.0898052
0.0657409 0.7436
0.971325 0.0144417
0.245999 0.504017
0.1687 0.589269
0.386217 0.378537
0.0106011 0.897038
0.369688 0.39198
0.402985 0.365189
0.224305 0.526392
0.0246463 0.843009
0.203057 0.549382
0.0818581 0.713891
0.283157 0.467875
0.0763636 0.72366
0.942729 0.0290576
0.454999 0.325464
0.0460475 0.785413
0.353439 0.405493
0.377927 0.385242
0.463894 0.318902
0.116961 0.658004
0.5 0.292893
0.268149 0.482169
0.00764643 0.912556
0.13583 0.631448
0.0414583 0.796387
0.895061 0.0539236
0.0709987 0.733544
0.961778 0.0192973
0.306044 0.446788
0.298369 0.453768
0.10485 0.676195
0.437379 0.338654
0.490888 0.299366
0.0606391 0.75375
0.189145 0.565092
0.923656 0.0389298
0.231487 0.518869
0.0138081 0.882492
0.857008 0.0742529
0.275626 0.474999
0.12946 0.640194
0.345386 0.412304
0.472817 0.312383
0.313796 0.439825
0.904591 0.0489003
0.329448 0.426025
0.411509 0.35851
