0.0490222 0.77859
0.958137 0.0211552
0.196869 0.5563
0.169972 0.587723
0.432199 0.342582
0.102274 0.680196
0.0395875 0.801034
0.163442 0.59572
0.491351 0.299036
0.0640254 0.746968
0.457257 0.323792
0.0224233 0.850256
0.096552 0.689272
0.224906 0.525757
0.0185647 0.863748
0.465712 0.317569
0.375601 0.387137
0.978973 0.0105691
0.344328 0.413206
0.0853643 0.707828
0.359887 0.400094
0.306059 0.446774
0.261225 0.488898
0.989456 0.005286
0.298488 0.453659
0.407628 0.361542
0.290989 0.460566
0.328915 0.426489
0.276042 0.474603
0.113908 0.662498
0.232065 0.518269
0.857629 0.0739176
0.847901 0.0791844
0.352083 0.406634
0.0692253 0.736893
0.440501 0.336297
1 0
0.0442419 0.789662
0.87731 0.0633518
0.138029 0.628478
0.907135 0.0475636
0.108054 0.671285
0.391511 0.374291
0.144271 0.62017
0.000995453 0.968449
0.058905 0.757296
0.156961 0.603818
0.917199 0.0422951
0.336607 0.419822
0.0745187 0.727019
0.399547 0.367903
0.897146 0.0528221
0.838203 0.0844658
0.86744 0.0686355
0.190009 0.5641
0.00830448 0.908871
0.217792 0.533318
0.00543995 0.926244
0.11983 0.653836
0.131887 0.636838
0.0114775 0.892867
0.499999 0.292894
0.423964 0.348875
0.253868 0.496147
0.24655 0.503462
0.448861 0.330029
0.203776 0.548585
0.367723 0.393598
0.927342 0.037014
0.283512 0.467542
0.0798999 0.717334
0.268619 0.481716
0.00295628 0.945628
0.125821 0.645288
0.31364 0.439964
0.239285 0.510832
0.482746 0.305201
0.947858 0.0264201
2.39684e-07 0.99951
0.819004 0.0950113
0.0350683 0.812735
0.0539153 0.767803
0.383536 0.380697
0.150592 0.611939
0.41577 0.355197
0.321268 0.433195
0.176598 0.579764
0.0149052 0.877913
0.937596 0.0317047
0.0909248 0.698463
0.026476 0.837285
0.828573 0.0897399
0.183262 0.571909
0.0306923 0.824808
0.800002 0.105572
0.809454 0.100304
0.210752 0.540922
0.968515 0.0158686
0.887195 0.0580898
0.474205 0.311375
