0.466432 0.317042
0.0487259 0.779261
0.979662 0.0102215
1 0
0.281306 0.469617
0.0235902 0.846409
0.849243 0.0784561
0.360203 0.399831
0.258256 0.491811
0.368226 0.393184
0.273593 0.476939
0.101007 0.682184
0.125004 0.646441
0.0682177 0.738815
0.449826 0.32931
0.433321 0.341729
0.336298 0.420088
0.929132 0.0360852
0.0534021 0.768911
0.859164 0.0730888
0.344229 0.413289
1.35964e-07 0.999631
0.000872736 0.970458
0.949303 0.0256782
0.889043 0.0571091
0.0631434 0.748716
0.235569 0.514645
0.0354975 0.811592
0.919088 0.041309
0.118909 0.655169
0.869101 0.067744
0.809797 0.100113
0.0952962 0.691299
0.250666 0.499335
0.170772 0.586754
0.458117 0.323157
0.48315 0.30491
0.213329 0.538124
0.41688 0.354337
0.228106 0.522395
0.00259466 0.949062
0.839347 0.0838413
0.112833 0.664094
0.177652 0.578512
0.184635 0.570308
0.157234 0.603472
0.131274 0.637683
0.352226 0.406514
0.106856 0.673112
0.243088 0.50696
0.969529 0.0153534
0.384361 0.380031
0.0441568 0.789865
0.376277 0.386586
0.819624 0.094669
0.163979 0.595057
0.499998 0.292895
0.144083 0.620417
0.474783 0.310955
0.392461 0.373533
0.829479 0.0892428
0.879056 0.06242
0.0101605 0.899201
0.265898 0.484347
0.289063 0.462355
0.137627 0.629019
0.441573 0.33549
0.0896294 0.700618
0.90905 0.0465588
0.084138 0.709935
0.150613 0.611911
0.0734213 0.729036
0.296856 0.455155
0.220688 0.530226
0.400591 0.367077
0.959405 0.0205079
0.0397469 0.800634
0.00733684 0.914345
0.0274017 0.834466
0.0313675 0.822891
0.198821 0.554106
0.191681 0.562186
0.408738 0.360674
0.0164814 0.87162
0.312534 0.440953
0.0582103 0.758732
0.0132185 0.885028
0.899038 0.0518239
0.800001 0.105572
0.206039 0.546085
0.00479004 0.93079
0.491553 0.298892
0.989823 0.00510158
0.42508 0.348018
0.320432 0.433933
0.328358 0.426975
0.939214 0.0308697
0.304641 0.448057
0.0199338 0.858813
0.0787123 0.719443
