1 0
5.55112e-17 1
0.372985 0.627015
0.89855 0.10145
0.294199 0.705801
0.115504 0.884496
0.165393 0.834607
0.973328 0.0266719
0.863737 0.136263
0.891626 0.108374
0.877741 0.122259
0.344125 0.655875
0.236955 0.763045
0.800003 0.199998
0.158259 0.841741
0.358505 0.641495
0.108357 0.891643
0.828455 0.171545
0.172508 0.827492
0.469487 0.530513
0.0435062 0.956494
0.905483 0.0945171
0.932879 0.0671213
0.0724299 0.92757
0.0652122 0.934788
0.402192 0.597808
0.439282 0.560718
0.186779 0.813221
0.301318 0.698682
0.272805 0.727195
0.0940129 0.905987
0.308433 0.691567
0.265642 0.734358
0.287074 0.712926
0.821357 0.178643
0.919234 0.0807655
0.329816 0.670184
0.884705 0.115295
0.870739 0.129261
0.144024 0.855976
0.387504 0.612496
0.912385 0.0876152
0.394821 0.605179
0.959875 0.0401253
0.993364 0.00663605
0.322675 0.677325
0.258481 0.741519
0.101195 0.898805
0.454325 0.545675
0.477065 0.522935
0.953148 0.046852
0.351289 0.648711
0.136909 0.863091
0.842634 0.157366
0.208246 0.791754
0.5 0.5
0.0217598 0.97824
0.0507472 0.949253
0.835543 0.164457
0.179641 0.820359
0.029012 0.970988
0.980017 0.0199831
0.814242 0.185758
0.492347 0.507653
0.446784 0.553216
0.966633 0.0333669
0.222587 0.777413
0.48469 0.51531
0.380232 0.619768
0.129773 0.870227
0.122643 0.877357
0.0362608 0.963739
0.849684 0.150316
0.431834 0.568166
0.80713 0.19287
0.986709 0.0132911
0.416929 0.583071
0.939635 0.0603648
0.215412 0.784589
0.336958 0.663042
0.946392 0.053608
0.315548 0.684452
0.251312 0.748688
0.0145051 0.985495
0.40954 0.59046
0.0796326 0.920367
0.926071 0.0739292
0.229771 0.770229
0.424382 0.575618
0.461857 0.538143
0.193932 0.806068
0.201084 0.798916
0.057981 0.942019
0.00725479 0.992745
0.279951 0.720049
0.0868275 0.913173
0.365746 0.634254
0.244138 0.755862
0.151145 0.848855
0.85673 0.14327
