0.421665 0.578335
0.435821 0.564179
0.927585 0.0724146
0.344372 0.655628
0.978148 0.021852
0.98543 0.0145704
0.148786 0.851214
0.134391 0.865609
0.849361 0.150639
0.992718 0.00728229
0.205145 0.794855
0.0832306 0.916769
0.212103 0.787897
0.428744 0.571256
0.807056 0.192944
0.323402 0.676598
0.920413 0.0795868
0.372384 0.627616
0.302418 0.697582
0.0152682 0.984732
0.485695 0.514305
0.0532884 0.946712
0.913253 0.0867468
0.288455 0.711545
0.191203 0.808797
0.17011 0.82989
0.105318 0.894682
0.492846 0.507154
0.386432 0.613568
0.00766465 0.992335
0.198188 0.801812
0.471412 0.528588
0.814108 0.185892
0.934763 0.0652369
0.828218 0.171782
0.956394 0.0436056
0.393467 0.606533
0.8 0.2
0.351365 0.648635
0.309415 0.690585
0.407555 0.592445
0.457147 0.542853
0.856429 0.143571
0.163 0.837
0.379401 0.620599
0.906092 0.0939076
0.0905865 0.909414
0.478557 0.521443
0.239819 0.760181
0.0305631 0.969437
0.821166 0.178834
0.963634 0.0363665
0.970891 0.0291093
0.870565 0.129435
0.177145 0.822855
1 0
0.414604 0.585396
0.365369 0.634631
0.295432 0.704568
0.22598 0.77402
5.55112e-17 1
0.450018 0.549982
0.260618 0.739382
0.253687 0.746313
0.884747 0.115253
0.877659 0.122341
0.316411 0.683589
0.274514 0.725486
0.891855 0.108145
0.330396 0.669604
0.0608423 0.939158
0.842314 0.157686
0.112652 0.887348
0.863495 0.136505
0.0757679 0.924232
0.0229467 0.977053
0.14162 0.85838
0.358362 0.641638
0.442916 0.557084
0.219057 0.780943
0.0381072 0.961893
0.119916 0.880084
0.941979 0.0580214
0.155889 0.844111
0.400512 0.599488
0.337383 0.662617
0.0457198 0.95428
0.898974 0.101026
0.2329 0.7671
0.0979673 0.902033
0.5 0.5
0.184184 0.815816
0.24674 0.75326
0.835269 0.164731
0.267566 0.732434
0.127142 0.872858
0.949169 0.0508315
0.06832 0.93168
0.281479 0.718521
0.464269 0.535731
