0.300031 0.699969
0.118838 0.881162
1 0
0.97071 0.0292898
0.0839244 0.916076
0.881881 0.118119
0.859552 0.140448
0.427957 0.572043
0.216909 0.783091
0.92646 0.0735404
0.182005 0.817995
0.0560412 0.943959
0.399141 0.600859
0.335011 0.664989
0.32796 0.67204
0.0420724 0.957928
0.279229 0.720771
0.40631 0.59369
0.471274 0.528726
0.992689 0.00731109
0.139873 0.860127
0.896768 0.103232
0.363358 0.636643
0.146898 0.853102
0.26538 0.73462
0.478456 0.521544
0.29308 0.70692
0.456866 0.543134
0.829794 0.170206
0.866993 0.133007
0.904193 0.0958068
0.028071 0.971929
0.449645 0.550355
0.384786 0.615214
0.313968 0.686032
0.0350744 0.964926
0.0490624 0.950938
0.933877 0.0661229
2.81147e-17 1
0.132847 0.867153
0.807458 0.192542
0.492818 0.507182
0.230803 0.769197
0.985378 0.0146223
0.874436 0.125564
0.435189 0.564811
0.272305 0.727695
0.844673 0.155327
0.160947 0.839053
0.837232 0.162768
0.076952 0.923048
0.963366 0.0366338
0.852114 0.147886
0.174998 0.825002
0.442414 0.557586
0.413518 0.586482
0.306992 0.693008
0.0140483 0.985952
0.48563 0.51437
0.189005 0.810995
0.0908911 0.909109
0.237721 0.762279
0.251554 0.748446
0.342081 0.657919
0.956014 0.0439863
0.978056 0.0219436
0.244638 0.755362
0.464068 0.535932
0.822352 0.177648
0.153924 0.846076
0.286152 0.713848
0.0630124 0.936988
0.209957 0.790043
0.223862 0.776138
0.167978 0.832022
0.320963 0.679037
0.370489 0.629511
0.889321 0.110679
0.349153 0.650847
0.911619 0.0883812
0.420729 0.579271
0.919046 0.0809539
0.8 0.2
0.0978661 0.902134
0.0699853 0.930015
0.948659 0.051341
0.941269 0.0587306
0.0210615 0.978938
0.356239 0.643761
0.104848 0.895152
0.202987 0.797013
0.377632 0.622368
0.258462 0.741538
0.391957 0.608043
0.196005 0.803995
0.00702366 0.992976
0.5 0.5
0.125836 0.874164
0.81491 0.18509
0.111838 0.888162
