0.384593 0.615407
0.0282534 0.971747
0.890429 0.109571
0.30587 0.69413
0.499999 0.500001
0.0772321 0.922768
0.852977 0.147023
0.463665 0.536335
0.363111 0.636889
0.284611 0.715389
0.348773 0.651227
0.822729 0.177271
0.0352818 0.964718
0.449182 0.550818
0.413226 0.586774
0.312988 0.687012
0.985606 0.0143942
0.355941 0.644059
0.956669 0.0433313
0.905253 0.094747
0.845437 0.154563
0.8 0.2
0.0493325 0.950668
0.24259 0.75741
0.406064 0.593936
0.807592 0.192408
0.12566 0.87434
1.50433e-17 1
0.837899 0.162101
0.221752 0.778248
0.427566 0.572434
0.00707217 0.992928
0.0633109 0.936689
0.860487 0.139513
0.153097 0.846903
0.327292 0.672708
0.942054 0.0579462
0.897837 0.102163
0.963927 0.0360728
0.139395 0.860605
0.104973 0.895027
0.249573 0.750427
0.912625 0.0873754
0.920014 0.0799857
0.263558 0.736442
0.470916 0.529084
0.391747 0.608253
0.146246 0.853754
0.377437 0.622563
0.291679 0.708321
0.37027 0.62973
0.0841925 0.915807
0.180486 0.819514
0.201066 0.798934
0.927382 0.0726181
0.187334 0.812666
0.235615 0.764385
0.434768 0.565232
0.420391 0.579609
0.270556 0.729444
0.971151 0.028849
0.207948 0.792052
0.118781 0.881219
0.334447 0.665553
0.830318 0.169682
0.882958 0.117042
0.47818 0.52182
0.0563269 0.943673
0.94936 0.0506401
0.166792 0.833208
0.0702791 0.929721
0.992807 0.00719264
0.485446 0.514554
0.173639 0.826361
0.0423236 0.957676
0.277565 0.722435
0.0141413 0.985859
0.256568 0.743432
0.0980596 0.90194
0.867996 0.132004
0.815162 0.184838
0.875503 0.124497
0.159946 0.840054
0.0211948 0.978805
0.214844 0.785156
0.0911167 0.908883
0.111878 0.888122
0.456414 0.543586
0.320141 0.679859
1 0
0.22869 0.77131
0.492719 0.507281
0.398903 0.601097
0.441969 0.558031
0.934746 0.0652536
0.298756 0.701244
0.194183 0.805818
0.132534 0.867466
0.978373 0.0216272
0.34161 0.65839
