0.268702 0.731298
0.833575 0.166425
0.239301 0.760699
0.174168 0.825832
0.075616 0.924384
0.813402 0.186598
0.888087 0.111913
0.313211 0.686789
0.455811 0.544189
0.929751 0.0702491
0.1386 0.8614
0 1
0.0894802 0.91052
0.0480051 0.951995
0.800001 0.199999
0.1245 0.8755
0.261323 0.738677
0.03427 0.96573
0.860676 0.139324
0.410995 0.589005
0.335718 0.664282
0.181323 0.818677
0.826826 0.173174
0.957773 0.0422272
0.0687026 0.931297
0.97889 0.0211098
0.210174 0.789826
0.202935 0.797065
0.964808 0.0351921
0.901917 0.0980831
0.298317 0.701683
0.253954 0.746046
0.283474 0.716526
0.867496 0.132504
0.971849 0.0281513
0.492659 0.507341
0.485307 0.514693
0.020554 0.979446
0.433477 0.566523
0.320693 0.679307
0.853892 0.146108
0.365814 0.634186
0.47059 0.52941
0.936739 0.0632611
0.922765 0.077235
0.950745 0.0492546
0.343237 0.656763
0.418494 0.581506
0.246622 0.753378
0.874325 0.125675
0.380922 0.619078
0.232 0.768
0.145674 0.854326
0.425997 0.574003
0.276086 0.723914
0.373368 0.626632
0.103434 0.896566
0.159891 0.840109
0.403525 0.596475
0.110414 0.889586
0.328205 0.671795
0.806705 0.193295
0.188497 0.811503
0.167004 0.832996
0.195716 0.804284
0.477956 0.522045
0.388465 0.611535
0.350766 0.649234
0.0411407 0.958859
0.943727 0.056273
0.0274134 0.972587
0.894996 0.105004
0.290895 0.709105
0.152751 0.847249
0.117454 0.882546
0.224705 0.775295
0.440931 0.559069
0.39599 0.60401
0.499998 0.500002
0.0617877 0.938212
0.463216 0.536784
0.992968 0.00703157
1 0
0.0964529 0.903547
0.448376 0.551624
0.88118 0.11882
0.820111 0.179889
0.358279 0.641721
0.00685402 0.993146
0.0137063 0.986294
0.0548914 0.945109
0.847123 0.152877
0.217415 0.782585
0.305761 0.694239
0.985932 0.0140684
0.840342 0.159658
0.908869 0.0911312
0.915824 0.084176
0.0825455 0.917455
0.131528 0.868472
