0.212105 0.787895
0.461939 0.538061
0.0134365 0.986563
0.492379 0.507621
0.807169 0.192831
0.0537998 0.9462
0.857422 0.142578
0.401837 0.598163
0.342615 0.657385
0.914945 0.085055
0.900611 0.0993887
0.3721 0.6279
0.0470652 0.952935
0.162879 0.837121
0.843041 0.156959
0.835861 0.164139
0.446843 0.553157
0.190881 0.809119
0.978868 0.0211317
0.871818 0.128182
0.431764 0.568236
0.964764 0.0352361
0.176828 0.823172
4.39284e-17 1
0.0403344 0.959666
0.416774 0.583226
0.1284 0.8716
0.15592 0.84408
0.0740158 0.925984
0.364706 0.635294
0.0605365 0.939463
0.379499 0.620501
0.828683 0.171317
0.90779 0.0922103
0.298609 0.701391
0.893422 0.106578
0.454366 0.545634
0.349964 0.650036
0.262193 0.737807
0.92925 0.0707496
0.484759 0.515241
0.0201587 0.979841
1 0
0.864622 0.135378
0.255034 0.744966
0.114709 0.885291
0.14214 0.85786
0.284001 0.715999
0.149006 0.850994
0.95057 0.0494299
0.0067157 0.993284
0.240633 0.759367
0.101089 0.898911
0.424264 0.575736
0.247818 0.752182
0.0942923 0.905708
0.409294 0.590706
0.943493 0.0565073
0.922096 0.0779036
0.0807634 0.919237
0.477151 0.522849
0.971823 0.0281766
0.992955 0.0070455
0.121562 0.878438
0.205022 0.794978
0.276735 0.723265
0.135257 0.864743
0.226311 0.773689
0.313248 0.686752
0.327936 0.672064
0.0268799 0.97312
0.219207 0.780793
0.0672744 0.932726
0.936392 0.0636075
0.269459 0.730541
0.394397 0.605603
0.357323 0.642677
0.233432 0.766568
0.821505 0.178495
0.320588 0.679412
0.0336021 0.966398
0.169849 0.830151
0.957675 0.0423248
0.197947 0.802053
0.183861 0.816139
0.107911 0.892089
0.850226 0.149774
0.386928 0.613072
0.5 0.5
0.800001 0.199999
0.886227 0.113773
0.439302 0.560698
0.469541 0.530459
0.985912 0.0140884
0.291304 0.708696
0.879021 0.120979
0.814335 0.185665
0.0875262 0.912474
0.305921 0.694079
0.33527 0.66473
