0.955358 0.29545
0.885256 0.465104
0.983245 0.182288
0.822879 0.568216
0.722589 0.691278
0.244738 0.969589
0.922074 0.387013
0.790967 0.611859
0.156579 0.987665
0.935871 0.352343
0.0921843 0.995742
0.288397 0.957511
0.804844 0.593487
0.77685 0.629685
0.925582 0.378546
0.853143 0.521677
0.277811 0.960636
6.12323e-17 1
0.945805 0.324734
0.904078 0.427368
0.990044 0.140756
0.0721245 0.997396
0.742782 0.669534
0.196759 0.980452
0.967325 0.253538
0.77208 0.635526
0.949045 0.315141
0.848944 0.528483
0.255981 0.966682
0.877483 0.479608
0.997434 0.0715975
0.975627 0.219435
0.80025 0.599666
0.767276 0.641317
0.717461 0.696599
0.88908 0.457752
0.914981 0.403496
0.298793 0.954318
0.994022 0.109179
0.987881 0.155216
0.958434 0.285315
0.813924 0.580971
0.942529 0.334125
0.110136 0.993917
0.992095 0.12549
0.827311 0.561745
0.752681 0.658386
0.881389 0.472391
0.126564 0.991958
0.747745 0.663985
0.309015 0.951057
0.844693 0.535251
0.873533 0.486765
0.795626 0.605788
0.857299 0.514818
0.861422 0.50789
0.762448 0.647049
0.970163 0.242454
0.96146 0.274946
0.869542 0.493858
1 3.41464e-17
0.8094 0.587258
0.892876 0.450302
0.267006 0.963695
0.939223 0.343309
0.818417 0.574625
0.865498 0.500912
0.929055 0.369941
0.896647 0.442747
0.985619 0.168984
0.141975 0.98987
0.840402 0.541964
0.183889 0.982947
0.932486 0.361205
0.170493 0.985359
0.952218 0.305419
0.737785 0.675036
0.707107 0.707107
0.221415 0.97518
0.836075 0.548616
0.233234 0.972421
0.727687 0.685909
0.900373 0.435119
0.781588 0.623795
0.918548 0.395308
0.786294 0.617852
0.964424 0.26436
0.0480478 0.998845
0.972934 0.231084
0.209234 0.977866
0.907748 0.419516
0.757583 0.652738
0.99886 0.0477267
0.712302 0.701873
0.732752 0.680496
0.83171 0.55521
0.911377 0.411574
0.978248 0.207438
0.995809 0.0914545
0.980791 0.195064
