0.769 0.639249
0.995541 0.0943273
0.944994 0.327086
0.733478 0.679713
0.928657 0.370939
0.71245 0.701723
0.233494 0.972358
0.925285 0.379271
0.743785 0.668419
0.778836 0.627228
0.288495 0.957481
0.84257 0.538587
0.907977 0.419019
0.209585 0.977791
0.825295 0.564702
0.859052 0.511888
0.17086 0.985295
0.75902 0.651068
0.979891 0.199534
0.267195 0.963642
0.753974 0.656904
0.918459 0.395516
0.951294 0.308284
0.717766 0.696285
0.897235 0.441553
0.072392 0.997376
0.931981 0.362507
0.904434 0.426613
0.9691 0.246668
0.870931 0.491406
0.142358 0.989815
0.855 0.518627
0.893582 0.448899
0.738643 0.674097
0.886188 0.463325
0.921892 0.387446
0.971881 0.235472
0.938556 0.345128
0.941805 0.33616
0.889905 0.456147
0.811855 0.583859
0.984848 0.173421
0.728276 0.685283
0.256213 0.96662
0.764029 0.645182
0.960398 0.278631
0.954378 0.298602
0.957415 0.288714
0.882436 0.470433
0.982414 0.186715
0.707107 0.707106
0.277954 0.960595
0.156941 0.987608
0.997269 0.07385
0.0924976 0.995713
0.993647 0.112543
0.298857 0.954298
0.110449 0.993882
0.244994 0.969525
0.838327 0.545168
0.0482619 0.998835
0.977296 0.211878
0.184217 0.982886
6.12323e-17 1
0.84677 0.53196
0.86307 0.505085
0.914988 0.403482
0.816381 0.577514
0.748897 0.662686
0.998787 0.0492396
0.802657 0.596441
0.867015 0.498283
0.829683 0.558235
0.126935 0.991911
0.96625 0.257606
0.788513 0.615018
0.834023 0.55173
0.197085 0.980386
0.793275 0.608863
1 8.29816e-17
0.963358 0.268217
0.900851 0.434128
0.878648 0.47747
0.72304 0.690806
0.948171 0.317761
0.798001 0.602656
0.850909 0.525313
0.974617 0.223877
0.987202 0.159476
0.80728 0.590168
0.935296 0.353867
0.989461 0.144801
0.874809 0.484469
0.991615 0.129229
0.221704 0.975114
0.911499 0.411303
0.783694 0.621147
0.773937 0.633263
0.309017 0.951057
0.820857 0.571134
