0.989813 0.142375
0.141897 0.989881
0.2884 0.95751
0.796139 0.605114
0.748376 0.663274
0.896987 0.442057
0.885559 0.464527
0.840729 0.541456
0.91532 0.402728
0.823261 0.567663
0.743365 0.668886
0.997364 0.0725586
0.707107 0.707106
0.110071 0.993924
0.126487 0.991968
0.791517 0.611147
0.993867 0.110582
0.298809 0.954313
0.893212 0.449635
0.738327 0.674443
0.221309 0.975204
0.777454 0.62894
0.918879 0.394539
0.786858 0.617134
0.936086 0.351772
0.925882 0.377813
0.7727 0.634771
0.969909 0.243467
0.995698 0.0926625
1 0
0.861708 0.507404
0.0922288 0.995738
0.975338 0.220715
0.233136 0.972444
0.758227 0.651991
0.991901 0.127016
0.266998 0.963697
0.244711 0.969596
0.961316 0.27545
0.277799 0.960639
0.945914 0.324419
0.818815 0.574058
0.942686 0.333682
0.805292 0.592878
0.156449 0.987686
0.712426 0.701748
0.82768 0.5612
0.881676 0.471855
0.84924 0.528007
0.932727 0.360583
0.98049 0.196567
0.183757 0.982972
0.767912 0.640556
0.900722 0.434396
0.939409 0.342798
0.728108 0.685462
0.196665 0.980471
0.853437 0.521196
0.832069 0.554673
0.722932 0.69092
0.877766 0.47909
0.84501 0.534751
0.908092 0.418771
0.0481343 0.998841
0.92933 0.369251
0.717702 0.69635
0.952224 0.305399
6.12323e-17 1
0.0721948 0.997391
0.982951 0.183866
0.86578 0.500425
0.972655 0.232253
0.958339 0.285633
0.782173 0.623062
0.869819 0.493372
0.800735 0.599018
0.809826 0.58667
0.763091 0.646291
0.209164 0.977881
0.949091 0.315001
0.904422 0.42664
0.733237 0.679974
0.255966 0.966686
0.814336 0.580394
0.987622 0.156853
0.753319 0.657655
0.955306 0.29562
0.977949 0.208846
0.985331 0.170656
0.873814 0.48626
0.309014 0.951057
0.836415 0.548096
0.889407 0.457117
0.922403 0.386229
0.170355 0.985383
0.857593 0.514329
0.967103 0.254387
0.911724 0.410804
0.964235 0.265048
0.998829 0.0483826
