0.875173 0.48381
0.103418 0.994638
0.955605 0.294651
0.749758 0.661712
0.970071 0.242821
0.972783 0.231718
0.975441 0.220261
0.961556 0.274609
0.803568 0.595213
0.734169 0.678967
0.995688 0.0927669
0.789345 0.61395
0.290243 0.956953
0.718076 0.695965
0.989806 0.142425
0.879382 0.476117
0.250773 0.968046
0.831293 0.555834
0.922388 0.386266
0.196502 0.980503
0.744619 0.66749
0.978023 0.208499
0.24042 0.970669
0.739418 0.673247
6.12323e-17 1
0.967287 0.253686
0.844734 0.535187
0.822171 0.569241
0.723488 0.690337
0.759924 0.650012
0.939724 0.341933
0.728853 0.684671
0.946237 0.323474
0.94941 0.314041
0.309015 0.951057
0.952535 0.30443
0.918736 0.394873
0.883545 0.468346
0.891741 0.452546
0.870924 0.491417
0.998827 0.0484291
0.118875 0.992909
0.899735 0.436437
0.147032 0.989132
0.798872 0.601502
0.907508 0.420034
0.85358 0.520962
0.229805 0.973237
0.794127 0.607752
0.993859 0.110657
0.895765 0.444528
0.71261 0.70156
0.915065 0.403305
0.160112 0.987099
0.857963 0.513712
0.75488 0.655863
0.866635 0.498943
0.862316 0.506371
0.911311 0.411718
0.764953 0.644086
0.184798 0.982777
0.133297 0.991076
1 7.83834e-17
0.219003 0.975724
0.172684 0.984977
0.987622 0.156852
0.769906 0.638157
0.943006 0.332774
0.929503 0.368814
0.98535 0.170547
0.0677885 0.9977
0.260912 0.965363
0.92597 0.377596
0.299694 0.954035
0.99736 0.0726174
0.207904 0.978149
0.964451 0.264261
0.835813 0.549014
0.808281 0.588796
0.932961 0.359978
0.774821 0.632181
0.0451861 0.998979
0.903648 0.428276
0.817559 0.575845
0.779701 0.626151
0.812943 0.582344
0.936373 0.351008
0.840284 0.542146
0.280633 0.959815
0.958609 0.284726
0.270852 0.962621
0.887668 0.460485
0.826761 0.562553
0.980543 0.196304
0.84917 0.52812
0.784543 0.620074
0.982989 0.183666
0.707107 0.707106
0.991892 0.12708
0.0866417 0.99624
