0.878709 0.0988807 0.46893
0.908933 0.108954 0.404572
0.91243 0.102937 0.396485
0.935329 0.106371 0.338679
0.942313 0.113794 0.318905
0.89837 0.103577 0.427855
0.998748 0.0509322 0.00457173
1.01026 0.041634 0.261854
0.90518 0.104575 0.412959
0.897111 0.103192 0.430485
0.905139 0.0923384 0.416882
0.917572 0.111151 0.384442
0.907745 0.0888432 0.423688
0.90057 0.102673 0.423236
0.999586 0.0437092 0.00223016
0.88063 0.108569 0.464537
0.870413 0.10463 0.486786
0.879606 0.105668 0.466398
0.870005 0.107087 0.4915
0.914656 0.106573 0.391543
0.871079 0.120048 0.483801
0.950525 0.130415 0.304007
0.876295 0.100026 0.472742
0.903493 0.113054 0.41659
0.000549963 2.87146e-07 1.00095
0.885939 0.099865 0.453479
0.954824 0.129221 0.301317
0.9139 0.104071 0.393234
0.925976 0.104348 0.363583
0.999047 0.0460567 0.000602327
0.998224 0.0614539 0.000163482
0.939881 0.105707 0.326518
0.933151 0.105534 0.344716
0.924113 0.108489 0.368105
0.927385 0.109267 0.360032
0.902626 0.104886 0.418435
0.939117 0.105881 0.328214
0.915709 0.107619 0.388917
0.921441 0.107706 0.374859
0.91124 0.104518 0.399188
0.999666 0.0495898 2.77235e-05
0.922354 0.108976 0.372931
0.887021 0.105846 0.451437
1.01026 0.0416568 0.0233057
0.882149 0.104358 0.461346
0.929597 0.108341 0.354072
0.930482 0.110355 0.351626
0.945904 0.112514 0.309761
0.88861 0.105324 0.448187
0.910283 0.104213 0.401492
0.906765 0.113878 0.409419
0.906113 0.117343 0.411276
6.48885e-07 1.30083e-05 1
0.886221 0.0973846 0.460521
0.949321 0.109964 0.305577
0.905803 0.090151 0.420869
0.930953 0.101134 0.367905
0.938123 0.113413 0.331565
0.916632 0.103043 0.386705
1.05141 0.0416405 0.00634618
0.945763 0.106624 0.312869
0.889745 0.101684 0.446006
0.899337 0.106364 0.425545
0.943303 0.149673 0.316794
0.889222 0.0963377 0.466295
0.919806 0.107742 0.37909
0.95297 0.139253 0.301316
1.00148 0.0417378 0.014714
0.892756 0.100397 0.439587
0.873515 0.115508 0.478273
0.998264 0.0589183 4.27315e-07
0.944625 0.151574 0.312131
0.93185 0.112764 0.348252
0.89072 0.103378 0.443975
1.00053 0.0423237 0.00441961
0.912938 0.0878934 0.429201
0.925022 0.120065 0.366185
0.894013 0.107009 0.436993
0.94129 0.110861 0.321712
0.952677 0.112058 0.303358
0.999327 0.0446035 0.00113181
0.950258 0.109844 0.304683
0.872564 0.110578 0.47968
0.901591 0.103979 0.420773
0.936765 0.212771 0.33518
0.884669 0.106464 0.455916
0.882797 0.102059 0.459499
0.934114 0.104823 0.342126
0.87518 0.141904 0.475292
0.871661 0.10067 0.484557
0.87774 0.0995986 0.470421
0.907741 0.102816 0.407132
0.895195 0.102093 0.434448
0.928379 0.124081 0.35795
0.91893 0.10397 0.381226
0.95886 0.284264 0.301186
0.892037 0.100308 0.441182
0.947613 0.125226 0.307839
0.883709 0.103919 0.457835
0.923429 0.128516 0.370175
