0.779019 0.296811 0.560133
0.766885 0.326555 0.565404
0.774524 0.304628 0.565595
0.756008 0.349333 0.571464
0.760735 0.342172 0.56295
0.765547 0.330074 0.557885
0.757706 0.356975 0.552191
0.759811 0.3475 0.550092
0.766929 0.569685 0.545295
0.763783 0.334503 0.555818
0.778502 0.297017 0.609573
0.766002 0.328519 0.555142
0.759804 0.344147 0.559131
0.791774 0.297068 0.557011
0.763457 0.346571 0.548348
0.763551 0.335124 0.55489
0.764205 0.33366 0.552958
0.761292 0.348447 0.547459
0.75682 0.350902 0.552861
0.778577 0.31505 0.552861
0.762822 0.336984 0.563868
0.767371 0.345855 0.549449
0.770926 0.315374 0.554503
0.764501 0.332978 0.737945
0.759197 0.345436 0.572662
0.760378 0.349798 0.549289
0.768734 0.321839 0.55454
0.779198 0.299063 0.554422
0.756223 0.353606 0.553374
0.758372 0.352735 0.55143
0.846706 0.346792 0.546812
0.763 0.336466 0.593657
0.767964 0.323766 0.55794
0.768378 0.322728 0.556356
0.759506 0.344549 0.559477
0.769678 0.31947 0.558875
0.754986 0.35195 0.554297
0.754255 0.350669 0.557815
0.781539 0.317578 0.552102
0.773245 0.308543 0.62845
0.766477 0.327699 0.556053
0.761672 0.339858 0.554434
0.762248 0.338603 0.561881
0.771415 0.313762 0.612167
0.789208 0.298458 0.554989
0.77071 0.315991 0.55525
0.773853 0.306713 0.557483
0.766897 0.823725 0.545295
0.780981 0.297041 0.557746
0.761453 0.340288 0.55393
0.778092 0.297514 0.556879
0.776526 0.299034 0.567298
0.763346 0.348807 0.545297
0.753303 0.355789 0.576966
0.761771 0.351142 0.546563
0.788147 0.301843 0.553425
0.777078 0.298173 0.571087
0.755246 0.349933 0.560355
0.756729 0.348484 0.554043
0.758931 0.346242 0.609471
0.777853 0.297404 0.663922
0.760877 0.351782 0.548297
0.774247 0.305236 0.572628
0.753306 0.354927 0.556416
0.762865 0.349045 0.545308
0.796393 0.298451 0.554781
0.760355 0.343057 0.559067
0.761014 0.341534 0.555399
0.776167 0.300666 0.556453
0.75806 0.347116 0.557462
0.79659 0.296804 0.560227
0.776456 0.299244 0.557038
0.757355 0.347942 0.556784
0.77774 0.297459 0.680861
0.779639 0.309217 0.553202
0.762222 0.34849 0.545897
0.775809 0.301413 0.562586
0.775312 0.302717 0.566707
0.799701 0.329998 0.551417
0.767746 0.328891 0.551762
0.778247 0.297582 0.555765
0.753334 0.352587 0.555851
0.777375 0.297907 0.593821
0.791099 0.335094 0.550752
0.767188 0.325562 0.553297
0.764895 0.331431 0.563289
0.775595 0.347506 0.546142
0.769735 0.334391 0.550998
0.76507 0.330814 0.566196
0.753615 0.351746 0.555518
0.795367 0.300226 0.553691
0.778371 0.297062 0.612386
0.756937 0.350741 0.552853
0.796622 0.296837 0.558079
0.767457 0.325128 0.553243
0.769006 0.321412 0.5537
0.772619 0.31072 0.559868
0.772104 0.312099 0.559343
0.770264 0.317637 0.557077
0.783417 0.297536 0.55651
