0.598838 0.226205
0.957007 0.0217394
0.246995 0.503097
0.285429 0.465752
0.305061 0.448569
0.611327 0.218156
0.256255 0.493812
0.929433 0.0359529
0.907103 0.0480585
0.309054 0.447779
0.587944 0.233237
0.303555 0.44954
0.264563 0.485654
0.613622 0.216695
0.293136 0.458781
0.238578 0.518203
0.301955 0.450916
0.299269 0.453017
0.959203 0.0206177
0.580806 0.237988
0.622045 0.21132
0.282941 0.46814
0.279135 0.471684
0.261792 0.488418
0.925011 0.0382895
0.260239 0.489902
0.571434 0.247813
0.238877 0.512866
0.625925 0.208854
0.606127 0.221473
0.963853 0.0182937
0.248956 0.501163
0.623857 0.210171
0.58264 0.236748
0.590934 0.231285
0.616783 0.214672
0.628098 0.207491
0.25061 0.499421
0.266138 0.48414
0.26981 0.480582
0.584108 0.235756
0.268333 0.482004
0.639292 0.201567
0.292286 0.459418
0.288817 0.462598
0.253854 0.496234
0.911309 0.0454339
0.281217 0.469725
0.585915 0.234573
0.944557 0.0281304
0.931272 0.0349841
0.941539 0.0296757
0.263011 0.487172
0.573993 0.242945
0.577756 0.239986
0.323758 0.447514
0.60808 0.220222
0.936148 0.0324703
0.919305 0.0412214
0.272154 0.47833
0.952215 0.024189
0.94758 0.0265919
0.594254 0.229171
0.913323 0.0443769
0.922888 0.0393455
0.905518 0.0492922
0.600374 0.225171
0.240458 0.510391
0.908516 0.0471374
0.926906 0.0372737
0.966167 0.0171542
0.27392 0.476636
0.276469 0.474203
0.915371 0.0433393
0.252069 0.497998
0.257724 0.492344
0.596297 0.22781
0.969296 0.0157299
0.905422 0.0515561
0.294916 0.45695
0.60301 0.223467
0.242498 0.507921
0.244683 0.505431
0.93966 0.0306506
0.954027 0.0232691
0.961483 0.0194597
0.572457 0.244359
0.632247 0.204889
0.636295 0.202674
0.950206 0.0252366
0.634383 0.203921
0.9725 0.0147512
0.297035 0.455025
0.917161 0.0423437
0.630054 0.206309
0.933804 0.0336686
0.290312 0.461199
0.61895 0.213275
0.287206 0.464093
0.575297 0.241743
