0.349417 0.40892
0.764798 0.125483
0.0617828 0.763192
0.386969 0.378243
0.000367505 0.981091
0.37423 0.38831
0.334804 0.421404
0.757657 0.1299
0.446391 0.331897
0.343436 0.413997
0.663715 0.185363
0.028657 0.830817
0.0369424 0.80792
0.109849 0.668614
2.34834e-06 0.999915
0.695599 0.16603
0.0879639 0.706544
0.338795 0.417965
0.103912 0.677679
0.00233161 0.951886
0.0558078 0.765896
0.00569248 0.924608
0.0117682 0.891821
0.972364 0.013925
0.0209611 0.855452
0.292198 0.46057
0.0228615 0.849169
0.121714 0.651514
0.354001 0.405055
0.380745 0.38306
0.673315 0.179485
0.437388 0.338654
0.422168 0.351855
0.0929406 0.695288
0.957824 0.0269724
0.977838 0.0111572
0.0892934 0.701943
0.634181 0.203805
0.770732 0.122093
0.305847 0.446994
0.00126192 0.964685
0.691024 0.168765
0.309312 0.4439
0.720608 0.151472
0.714137 0.155021
0.045945 0.786109
0.0530919 0.770213
0.124073 0.648416
0.0483396 0.780529
1.00001 5.40983e-06
0.754931 0.133497
0.68649 0.171484
0.117286 0.657753
0.779171 0.117337
0.629267 0.206787
0.0136865 0.883517
0.959215 0.0211389
0.792376 0.111142
0.36801 0.393445
0.668652 0.182318
0.360957 0.399285
0.00846243 0.908336
0.638837 0.200748
0.318712 0.435687
0.644198 0.197405
0.314778 0.438976
0.459665 0.323842
0.451651 0.328062
0.651312 0.192998
0.965469 0.0175814
0.329923 0.425705
0.106769 0.673289
0.442709 0.334666
0.426648 0.346842
0.984762 0.00768194
0.996687 0.00170999
0.431447 0.343168
0.295893 0.45612
0.0155002 0.875764
0.0431104 0.792735
0.112901 0.664016
0.0170396 0.87
0.784843 0.114173
0.0957194 0.690855
0.0404916 0.798903
0.703328 0.161417
0.708541 0.158416
0.0315609 0.822873
0.129671 0.646114
0.0506205 0.77533
0.0191761 0.861688
0.10033 0.683338
0.00379424 0.939194
0.624393 0.214569
0.299977 0.452518
0.0247875 0.84263
0.0343049 0.815035
0.0101094 0.899539
0.679368 0.175779
0.626064 0.209519
