0.956617 0.0220301
0.565203 0.250505
0.95218 0.0242234
0.898864 0.0594983
0.935196 0.0329624
0.633165 0.207573
0.909127 0.0465512
0.600235 0.225269
0.57885 0.239201
0.923064 0.0392474
0.596461 0.227708
0.262093 0.488078
0.233775 0.516862
0.273452 0.477105
0.94319 0.0288309
0.274928 0.475672
0.948376 0.0261638
0.256416 0.493636
0.608028 0.220244
0.604003 0.222827
0.581008 0.237784
0.58779 0.233329
0.574629 0.242117
0.298697 0.457328
0.568539 0.246059
0.610281 0.218815
0.597888 0.226772
0.954961 0.0228682
0.928139 0.0366278
0.605868 0.221636
0.264462 0.485746
0.306707 0.457231
0.89982 0.0515782
0.294407 0.457995
0.628011 0.208083
0.267251 0.48305
0.27779 0.472954
0.930876 0.0352253
0.950153 0.0252546
0.625486 0.209166
0.904872 0.0488502
0.584118 0.235755
0.23717 0.513259
0.280128 0.470742
0.246691 0.503425
0.906903 0.0477498
0.946198 0.0273063
0.23247 0.518207
0.941374 0.029759
0.59442 0.229027
0.282781 0.468286
0.285375 0.465813
0.613332 0.216854
0.260198 0.489923
0.615234 0.215654
0.592669 0.230156
0.249084 0.500964
0.239427 0.510765
0.289116 0.46236
0.621013 0.2121
0.925986 0.0377237
0.240569 0.509622
0.901767 0.0504717
0.57116 0.244341
0.61661 0.214765
0.939584 0.0307013
0.937288 0.0318665
0.287005 0.464329
0.585494 0.23485
0.271685 0.478803
0.898936 0.052517
0.269483 0.480888
0.618789 0.213385
0.290786 0.461021
0.622579 0.211001
0.589903 0.231958
0.245266 0.504817
0.918259 0.041793
0.572785 0.243235
0.963232 0.0198613
0.258253 0.491828
0.915209 0.043406
0.958459 0.0211245
0.276685 0.473997
0.235253 0.515054
0.252356 0.497697
0.912187 0.0449364
0.932322 0.034435
0.265701 0.484545
0.231762 0.522454
0.250429 0.499609
0.281372 0.469579
0.254674 0.495374
0.576405 0.240846
0.292465 0.459289
0.24396 0.506104
0.566248 0.247619
0.242592 0.507511
0.921089 0.0402706
0.602702 0.223669
