0.203126 0.549438
0.255673 0.494396
0.893725 0.0546442
0.249542 0.500502
0.915898 0.0429868
0.218256 0.532876
0.196162 0.560926
0.240735 0.50937
0.919015 0.041368
0.932644 0.0349502
0.573906 0.242437
0.209198 0.542649
0.876271 0.0639494
0.888675 0.0573116
0.26592 0.485467
0.548181 0.259679
0.886328 0.0585795
0.210855 0.540892
0.871863 0.0663635
0.236413 0.513786
0.230027 0.520399
0.578208 0.23961
0.53277 0.270324
0.22869 0.521794
0.220456 0.530541
0.530402 0.272855
0.260905 0.48937
0.202059 0.550649
0.247241 0.50277
0.585438 0.23489
0.582419 0.236853
0.234441 0.515829
0.911495 0.0452838
0.921349 0.0402158
0.903239 0.0496177
0.890837 0.0561807
0.227139 0.523428
0.196742 0.557598
0.529553 0.296812
0.205714 0.546495
0.253538 0.496518
0.242357 0.507718
0.213513 0.537966
0.569998 0.245031
0.56182 0.250471
0.869217 0.0677966
0.216327 0.53492
0.898117 0.0523173
0.53143 0.271249
0.53895 0.265898
0.536894 0.267442
0.930289 0.035702
0.905589 0.0483819
0.244814 0.505224
0.909222 0.0464728
0.552401 0.256847
0.555187 0.254904
0.535354 0.26851
0.924181 0.0386977
0.901408 0.0505887
0.927706 0.0369696
0.879986 0.0619392
0.559296 0.252161
0.575872 0.241144
0.542449 0.263521
0.207235 0.544854
0.540579 0.264816
0.557286 0.253499
0.571795 0.243843
0.232795 0.517542
0.222165 0.528688
0.864069 0.0713132
0.874255 0.065082
0.568016 0.246345
0.259374 0.490853
0.580596 0.238035
0.588963 0.232588
0.215152 0.536238
0.593257 0.229849
0.865431 0.0699183
0.251212 0.498842
0.913818 0.044067
0.882949 0.0603662
0.238732 0.511419
0.26322 0.487162
0.565218 0.248237
0.591297 0.231067
0.596669 0.227716
0.223648 0.527153
0.599936 0.226774
0.198836 0.554371
0.225596 0.525064
0.895463 0.0537254
0.545614 0.261386
0.257751 0.492335
0.20019 0.552898
0.598855 0.226796
0.197624 0.555934
0.529635 0.277795
0.550234 0.258277
