0.503049 0.292165
0.103047 0.679041
0.343918 0.413818
0.584424 0.237424
0.124581 0.647295
0.00083 0.971195
0.18809 0.566452
0.233883 0.516559
0.728084 0.1478
0.194135 0.559519
0.213484 0.538086
0.295809 0.456398
0.153566 0.608237
0.0360074 0.810259
0.220407 0.530636
0.47143 0.313639
0.493108 0.298049
0.539898 0.265567
0.304108 0.448688
0.0752105 0.725787
0.0487543 0.779264
0.663422 0.189599
2.81282e-07 0.999723
0.164317 0.594685
0.265989 0.484529
0.169981 0.587801
0.748025 0.139533
0.678705 0.176451
0.0841654 0.70991
0.130663 0.638927
0.240511 0.50975
0.457343 0.32474
0.207012 0.545102
0.0708558 0.733832
0.394596 0.372145
0.175623 0.581017
0.258635 0.491621
0.0185698 0.863738
0.0531919 0.769435
0.044354 0.789422
0.0620993 0.750829
0.112721 0.664293
0.00966619 0.901692
0.36139 0.399264
0.273531 0.47715
0.670336 0.181724
0.0888312 0.70198
0.433159 0.342056
0.402526 0.365834
0.41458 0.356285
0.334065 0.422272
0.246403 0.503738
0.54584 0.261552
0.143075 0.621821
0.0217273 0.852603
0.327271 0.428119
0.200603 0.552243
0.37961 0.384185
0.00249478 0.950058
0.734432 0.143272
0.556204 0.254498
0.0576436 0.759921
0.904112 0.0507967
0.464802 0.318658
0.107918 0.671545
0.0284671 0.831296
0.0665611 0.742042
0.0982228 0.686627
0.0795976 0.717898
0.443182 0.335205
0.310898 0.442719
0.118478 0.655921
0.00462803 0.931982
0.68762 0.171002
0.482307 0.305786
0.181799 0.573732
0.0935154 0.694226
0.0250934 0.841599
0.424768 0.348603
0.0125293 0.888075
0.0154888 0.875566
0.00701545 0.916256
0.227463 0.523162
0.0322083 0.820559
0.0400885 0.799794
0.319009 0.435576
0.280181 0.47089
0.148359 0.614868
0.137184 0.629669
0.89535 0.0572801
0.387248 0.378079
0.529852 0.275664
0.576463 0.241629
0.159136 0.60113
0.352805 0.406299
0.287944 0.463578
0.661339 0.203043
0.252404 0.497791
0.564948 0.248716
0.368968 0.392732
