0.0330632 0.81819
0.457014 0.324245
0.400535 0.367343
0.474219 0.311819
0.541542 0.264903
0.0721567 0.7314
0.19058 0.563567
0.164043 0.595081
0.426327 0.347738
0.321057 0.433575
0.112063 0.665381
0.203013 0.549516
0.904796 0.0505316
0.313947 0.439762
0.157507 0.603222
0.59013 0.2323
0.00612867 0.921722
0.392418 0.373856
0.124529 0.647211
0.214928 0.536519
0.130255 0.639142
0.0485647 0.779639
0.135524 0.631927
0.26647 0.483947
0.710832 0.158238
0.24651 0.503587
0.106744 0.673343
0.719054 0.152629
0.447773 0.330951
0.00217994 0.953317
0.00400563 0.936716
0.00846551 0.907998
0.288086 0.463335
0.151653 0.610614
0.0916199 0.697334
0.466449 0.317194
0.0819695 0.713725
0.029566 0.828075
0.0868142 0.705387
0.183446 0.571805
0.101487 0.681468
0.140767 0.624855
0.280884 0.470251
0.117996 0.656859
0.0137209 0.882875
0.351714 0.407081
0.0228717 0.848772
0.0404221 0.798957
0.731423 0.145022
0.483303 0.305236
0.37745 0.38594
0.176397 0.5801
0.0443676 0.789377
0.417661 0.353909
0.146154 0.617751
5.68894e-07 0.999678
0.260511 0.489807
0.02616 0.838265
0.575761 0.241558
0.273293 0.477563
0.196871 0.556399
0.535578 0.270701
0.743387 0.138236
0.0366694 0.808518
0.209033 0.542882
0.492727 0.298604
0.598747 0.227949
0.0576223 0.759972
0.550431 0.258205
0.0166053 0.871146
0.220833 0.530153
0.0672036 0.740794
0.343812 0.414018
0.708432 0.166403
0.581851 0.237361
0.24014 0.510072
0.385279 0.379491
0.335704 0.420704
0.0109959 0.895143
0.052924 0.769975
0.170009 0.587768
0.306988 0.446483
0.0966493 0.689172
0.000733444 0.972928
0.297534 0.454977
0.0196938 0.859671
0.56477 0.248617
0.439644 0.337525
0.0623941 0.750243
0.32905 0.42655
0.233798 0.516574
0.503076 0.291974
0.911222 0.0458013
0.0769982 0.722528
0.252926 0.497153
0.3696 0.392294
0.227555 0.523107
0.360802 0.399642
0.510481 0.2894
0.409685 0.360224
