0.766637 0.12603
0.0855382 0.707569
0.45827 0.323429
0.316357 0.437938
0.345885 0.412113
0.000795574 0.971801
0.122177 0.650527
0.0808276 0.715726
0.398587 0.368969
0.196048 0.557413
0.166688 0.591803
0.632252 0.205337
0.0184563 0.864158
0.0257051 0.83971
0.301654 0.45103
0.16094 0.598903
0.215313 0.536129
6.01762e-07 0.999616
0.143776 0.620886
0.0376658 0.80594
0.0499377 0.776544
0.363721 0.397113
0.234063 0.516295
0.0905477 0.699114
0.0954886 0.691009
0.338259 0.418711
0.0670296 0.741129
0.0715725 0.732502
0.652725 0.193343
0.267241 0.483267
0.417648 0.354293
0.105933 0.674584
0.0150942 0.877153
0.100483 0.683044
0.189754 0.564496
0.116753 0.65837
0.133016 0.635333
0.240742 0.509454
0.543353 0.263167
0.0582417 0.758682
0.183832 0.571374
0.378327 0.385138
0.495938 0.29601
0.475288 0.310907
0.00434059 0.934125
0.149441 0.613471
0.554753 0.256859
0.330691 0.425071
0.623441 0.210831
0.17773 0.578521
0.970821 0.016279
0.155496 0.605727
0.0626312 0.749751
0.0219741 0.851781
0.138276 0.628206
0.370006 0.391845
0.202473 0.550139
0.532736 0.270462
0.811045 0.100764
0.259791 0.490439
0.294212 0.457812
0.429744 0.344888
0.962813 0.0227119
0.46808 0.316173
0.309365 0.444064
0.564685 0.253076
0.804685 0.104164
0.524449 0.276835
0.0762058 0.723968
0.253271 0.496899
0.0458471 0.785896
0.485867 0.303324
0.45158 0.328176
0.111392 0.666301
0.246842 0.503336
0.0335589 0.81682
0.172301 0.584974
0.27563 0.475438
0.00919406 0.904121
0.762357 0.130514
0.22784 0.522799
0.0295408 0.828166
0.614849 0.218438
0.0120001 0.890461
0.406434 0.362791
0.00235891 0.951437
0.00661947 0.91865
0.285241 0.466218
0.644871 0.197235
0.20898 0.54292
0.779403 0.117745
0.0417743 0.795633
0.323318 0.43157
0.127618 0.642806
0.353895 0.405658
0.386784 0.378551
0.443267 0.334361
0.0540327 0.767566
0.507265 0.288888
0.221571 0.529406
