0.190337 0.56382
0.459659 0.322651
0.10613 0.674361
0.00217381 0.953381
0.529853 0.272611
0.67706 0.177509
0.950289 0.0253083
0.54748 0.260545
0.364407 0.396474
0.209559 0.542328
0.111277 0.666475
0.481798 0.306165
0.15542 0.605817
0.237493 0.512773
0.00859462 0.9073
0.271906 0.478715
0.230097 0.520487
0.26588 0.48461
0.0904902 0.69924
0.21593 0.535468
0.00618367 0.921374
0.656549 0.190926
0.0339845 0.815672
0.128012 0.642264
0.341411 0.415939
0.0669353 0.7413
0.144079 0.620481
0.0955355 0.690945
0.184314 0.570841
0.167431 0.590926
0.416202 0.355339
0.133481 0.634705
0.0234216 0.84697
0.558602 0.254474
0.356322 0.403307
0.259251 0.490975
0.567468 0.251799
0.0140996 0.881273
0.831313 0.0896239
0.10074 0.682686
0.666501 0.18417
0.138687 0.62765
0.324607 0.430835
0.650308 0.19737
0.0378172 0.805557
0.0584727 0.758199
3.9146e-07 0.999959
0.173242 0.583827
0.0303186 0.825886
0.17855 0.577546
0.386061 0.379223
0.452261 0.327595
0.000733783 0.972919
0.00401341 0.936651
0.252019 0.498122
0.30789 0.445311
0.284732 0.466524
0.505151 0.289572
0.0626311 0.749767
0.196715 0.556575
0.0713527 0.732894
0.0202249 0.857795
0.0171527 0.869045
0.278205 0.472653
0.404855 0.364127
0.041879 0.795388
0.149679 0.613167
0.0807016 0.715964
0.122304 0.650409
0.0459704 0.785625
0.0267845 0.836354
0.682339 0.174651
0.292662 0.459498
0.0112433 0.893975
0.0854714 0.707702
0.245392 0.504761
0.498478 0.294216
0.203151 0.549382
0.223418 0.527474
0.374769 0.388107
0.315762 0.438333
0.0499011 0.776632
0.349653 0.409045
0.396577 0.37055
0.300374 0.452193
0.522897 0.277264
0.423795 0.3492
0.161443 0.598288
0.0541568 0.767297
0.818953 0.0954561
0.513801 0.283489
0.116661 0.658615
0.44295 0.334592
0.333056 0.423422
0.0759428 0.72447
0.489607 0.300418
0.812512 0.0998451
0.473665 0.312395
0.431968 0.34302
0.540607 0.265282
