0.304802 0.44805
0.212987 0.538672
0.312526 0.441289
0.262863 0.487466
0.240169 0.510079
0.904984 0.0491628
0.166762 0.591684
0.00246626 0.950346
0.160418 0.599587
0.0292076 0.82913
0.125419 0.645892
0.297115 0.455141
0.504068 0.290618
0.206204 0.546183
0.100588 0.682903
0.588951 0.233039
0.153781 0.607936
0.0611351 0.75279
0.488824 0.301145
0.425399 0.348403
0.289847 0.46202
0.0155258 0.875409
0.0955531 0.690942
0.0329293 0.818595
0.00967243 0.901661
0.0811281 0.715207
0.899668 0.0583544
0.921112 0.0407792
0.71196 0.156848
0.497572 0.294919
0.568922 0.245953
0.471666 0.31371
0.0660572 0.743051
0.110545 0.667587
0.085878 0.706978
0.706169 0.160732
0.186694 0.568008
0.00456506 0.932448
0.198871 0.554159
0.00700627 0.916304
0.367477 0.394113
0.0906485 0.698956
0.0220873 0.851392
0.0366816 0.808519
0.0404122 0.798995
0.141971 0.623266
0.417475 0.354279
0.352712 0.406201
0.321291 0.43338
0.606259 0.224141
0.10561 0.675066
0.482039 0.306167
0.0125176 0.888129
0.343386 0.414506
0.702695 0.166567
0.513778 0.284054
0.173596 0.583474
0.0443237 0.789477
0.463249 0.319918
0.737158 0.143467
0.283011 0.468192
0.270617 0.480038
0.374812 0.387939
0.409272 0.360566
0.277231 0.473784
0.0709417 0.733744
0.598623 0.227054
0.076212 0.723978
0.192887 0.560927
0.400637 0.367249
0.359869 0.400495
0.115406 0.660333
0.220001 0.531077
0.393148 0.373312
0.335529 0.42095
0.543818 0.263609
0.247734 0.502425
0.226736 0.524048
0.233267 0.517088
0.0566028 0.762107
0.557071 0.254188
0.440533 0.337454
0.382287 0.382064
0.943662 0.0320461
5.74162e-07 0.999666
0.12022 0.653313
0.180108 0.575749
0.147807 0.61559
0.451946 0.328011
0.25532 0.494868
0.130448 0.638906
0.580578 0.238687
0.136209 0.631023
0.0524687 0.77096
0.327825 0.427862
0.000816752 0.971431
0.0482018 0.780478
0.0256482 0.839866
0.72326 0.149729
0.0187079 0.863234
