0.284496 0.466726
0.457993 0.324238
0.555497 0.25809
0.264086 0.486284
0.00449925 0.932938
0.159539 0.600643
0.0505434 0.775198
0.0929273 0.695183
0.744292 0.137372
0.000801672 0.97169
0.606252 0.222335
0.478859 0.308321
0.165424 0.59334
0.391226 0.375589
0.0385205 0.803758
0.108715 0.670326
0.378137 0.385245
0.256958 0.493166
0.400357 0.367595
0.299166 0.453193
0.0191115 0.861863
0.222194 0.528829
0.429092 0.345217
0.278251 0.472621
0.0874852 0.704275
0.235947 0.514447
0.0265055 0.837333
0.932831 0.0411096
0.00962531 0.901899
0.196483 0.556896
0.14158 0.62383
0.172008 0.585327
0.756354 0.131172
0.628138 0.209991
0.190348 0.563843
0.0773144 0.721982
0.91306 0.0446693
0.722631 0.156658
0.250148 0.499962
0.208896 0.543062
0.0821837 0.71337
0.0981723 0.686724
0.583406 0.236618
0.0227162 0.849434
0.113781 0.662747
0.13563 0.63178
0.486318 0.302864
0.0547739 0.765984
0.323365 0.431567
0.314995 0.439025
0.354974 0.404809
0.565327 0.24845
0.496949 0.295746
0.437394 0.338915
0.37046 0.391635
0.515012 0.28264
0.470215 0.315175
0.124509 0.647235
0.0303198 0.825975
0.446924 0.331827
0.589456 0.232875
0.242717 0.507463
0.0463631 0.784693
0.0156539 0.874933
2.85395e-07 0.999974
0.307032 0.446092
0.330786 0.425003
0.202601 0.549976
0.338668 0.418198
0.184112 0.571056
0.385466 0.379573
0.419039 0.35322
0.574359 0.242446
0.0342353 0.815015
0.0125755 0.887874
0.229034 0.521542
0.0425359 0.793778
0.0633491 0.748325
0.0726625 0.730486
0.345475 0.412599
0.729485 0.146314
0.291517 0.460263
0.00693184 0.916749
0.103399 0.678478
0.614862 0.216383
0.21511 0.536327
0.363095 0.397772
0.119033 0.655047
0.409663 0.360264
0.505834 0.289173
0.525926 0.277005
0.153444 0.608352
0.0680124 0.739227
0.177838 0.578407
0.00242167 0.950796
0.129983 0.639524
0.14758 0.615906
0.908379 0.0502761
0.271386 0.47919
0.0589671 0.757182
