0.486433 0.315018
0.482515 0.317983
0.502208 0.30348
0.487377 0.314217
0.494513 0.309033
0.501544 0.303943
0.49283 0.310255
0.49472 0.30888
0.487145 0.314378
0.486072 0.315325
0.501025 0.304317
0.50339 0.30263
0.500002 0.305065
0.492984 0.310137
0.499546 0.305383
0.496208 0.307789
0.484746 0.3162
0.481627 0.319333
0.482742 0.317836
0.492317 0.31062
0.490402 0.312018
0.50246 0.303311
0.489682 0.312562
0.500494 0.304693
0.492513 0.310493
0.502757 0.303106
0.491549 0.311172
0.485596 0.315549
0.498906 0.305846
0.503194 0.302776
0.497952 0.306527
0.486616 0.314784
0.491119 0.311526
0.496008 0.307948
0.481976 0.318512
0.500737 0.304537
0.497355 0.306964
0.483739 0.317019
0.498189 0.306376
0.501249 0.304161
0.483308 0.317317
0.490715 0.311803
0.50191 0.303691
0.498709 0.305982
0.489458 0.312697
0.491376 0.311303
0.495194 0.308545
0.504729 0.301696
0.49977 0.305229
0.482232 0.318216
0.490906 0.311643
0.494973 0.308688
0.505555 0.301331
0.494247 0.309232
0.52968 0.301266
0.488888 0.313121
0.504944 0.301547
0.485313 0.315745
0.485813 0.315426
0.503714 0.302409
0.496665 0.307466
0.48826 0.313591
0.49553 0.308284
0.496916 0.307282
0.489976 0.312368
0.490194 0.312176
0.497109 0.307145
0.500253 0.304884
0.493853 0.309506
0.504267 0.30204
0.481457 0.319641
0.482857 0.317643
0.493197 0.310011
0.481808 0.318809
0.488608 0.313318
0.488026 0.313844
0.489262 0.31287
0.483916 0.316826
0.4985 0.306151
0.481426 0.319939
0.487612 0.314102
0.49578 0.308104
0.493617 0.309674
0.506046 0.30128
0.483046 0.317457
0.491863 0.310944
0.49648 0.307601
0.48504 0.315946
0.50294 0.302952
0.484489 0.316435
0.486837 0.314623
0.505208 0.301421
0.493449 0.30982
0.503986 0.302235
0.481396 0.321203
0.504458 0.30188
0.497642 0.30677
0.484189 0.316645
0.499154 0.30567
0.492102 0.310784
