0.348144 0.446543
0.345356 0.448791
0.333975 0.458635
0.339803 0.453535
0.534874 0.26868
0.350279 0.445133
0.343904 0.450016
0.526974 0.275048
0.340701 0.45278
0.346765 0.447619
0.345006 0.449095
0.340946 0.452551
0.527286 0.27424
0.336932 0.456012
0.338578 0.45463
0.528848 0.272851
0.336284 0.456581
0.345987 0.448275
0.344274 0.449737
0.34133 0.452257
0.540796 0.266557
0.34323 0.450614
0.534494 0.268938
0.537845 0.266729
0.538499 0.266588
0.340124 0.45326
0.33444 0.458212
0.533888 0.269357
0.527778 0.273711
0.338178 0.454946
0.342142 0.451555
0.531246 0.271217
0.532092 0.270604
0.535324 0.268384
0.337182 0.455796
0.330371 0.462213
0.533396 0.269712
0.338862 0.454361
0.336587 0.456315
0.530307 0.271833
0.330847 0.461443
0.535844 0.268023
0.529575 0.272393
0.344784 0.449285
0.348463 0.4462
0.347454 0.447068
0.345622 0.448594
0.349634 0.445411
0.331219 0.461033
0.337938 0.455149
0.334192 0.45839
0.335019 0.45766
0.537411 0.266962
0.527538 0.273882
0.347677 0.446919
0.330282 0.462607
0.346433 0.447914
0.342534 0.451327
0.527059 0.274731
0.53629 0.267717
0.337514 0.455526
0.334785 0.457901
0.533084 0.269903
0.528482 0.273192
0.333605 0.458923
0.335307 0.457473
0.341696 0.45191
0.532387 0.27041
0.34708 0.447368
0.331479 0.460755
0.333227 0.459217
0.339171 0.454088
0.339547 0.453762
0.5292 0.272611
0.532818 0.270117
0.53423 0.269121
0.340346 0.453065
0.531465 0.271011
0.343011 0.450919
0.332864 0.459594
0.536681 0.267446
0.529999 0.2721
0.530681 0.271558
0.332367 0.460029
0.526931 0.275626
0.531809 0.270917
0.335692 0.457109
0.34348 0.450384
0.348783 0.445994
0.330598 0.461815
0.335981 0.456828
0.332002 0.46038
0.537059 0.267193
0.349937 0.445253
0.528046 0.273469
0.3493 0.445617
0.332564 0.459811
0.344492 0.449539
0.5436 0.266553
0.350913 0.445027
