0.267649 0.482691
0.451864 0.327838
0.269185 0.48119
0.453078 0.326958
0.25799 0.492545
0.279298 0.472152
0.273151 0.477386
0.257044 0.496517
0.260122 0.490071
0.44776 0.330937
0.446502 0.33193
0.277734 0.473116
0.454252 0.326082
0.258256 0.492081
0.267928 0.482406
0.271272 0.479422
0.272182 0.47835
0.276526 0.474218
0.26122 0.489029
0.278072 0.472911
0.260485 0.489716
0.451314 0.328239
0.27674 0.473995
0.266737 0.483571
0.271827 0.478758
0.267283 0.483048
0.275546 0.475157
0.273429 0.47716
0.265607 0.48469
0.263097 0.487154
0.257179 0.495154
0.261505 0.488737
0.269716 0.480714
0.263997 0.486248
0.449403 0.329695
0.265856 0.484421
0.272519 0.478001
0.274472 0.476157
0.282306 0.471843
0.277299 0.473464
0.259511 0.490731
0.272851 0.477683
0.277046 0.473689
0.268444 0.481984
0.45561 0.325268
0.453934 0.326299
0.449787 0.329396
0.260804 0.489417
0.447457 0.331186
0.275865 0.474822
0.450074 0.329189
0.452583 0.327303
0.274158 0.476447
0.452242 0.327549
0.259818 0.490353
0.274824 0.475798
0.446939 0.33162
0.270843 0.479668
0.448793 0.330133
0.453554 0.32657
0.275107 0.47553
0.268833 0.481635
0.46218 0.324906
0.258621 0.491654
0.264353 0.485894
0.257124 0.495611
0.26374 0.486493
0.4485 0.330392
0.276135 0.474599
0.267037 0.483282
0.450463 0.328889
0.270052 0.480398
0.258898 0.491481
0.445911 0.333431
0.266213 0.484072
0.278584 0.472528
0.455083 0.325512
0.262742 0.4875
0.456156 0.325027
0.257483 0.493717
0.287045 0.471812
0.279785 0.4719
0.265254 0.485061
0.278977 0.472258
0.262099 0.488076
0.257787 0.492944
0.448088 0.330667
0.449097 0.329891
0.454748 0.32572
0.450895 0.328577
0.259285 0.491061
0.273796 0.476834
0.263388 0.48686
0.270396 0.480037
0.262422 0.487768
0.446192 0.33252
0.264798 0.485457
0.456937 0.324915
0.261894 0.488321
0.257356 0.494289
