0.402957 0.365251
0.418054 0.3535
0.409043 0.36048
0.402661 0.365475
0.406986 0.362078
0.408223 0.361344
0.402437 0.365638
0.401267 0.366586
0.417421 0.353945
0.415774 0.355224
0.408854 0.360698
0.409969 0.359742
0.413366 0.357096
0.405418 0.363296
0.401754 0.366172
0.404973 0.363645
0.404754 0.363817
0.418981 0.352765
0.396128 0.370705
0.394164 0.37331
0.409756 0.359895
0.413626 0.356884
0.403795 0.364586
0.406532 0.362425
0.409243 0.360309
0.414295 0.356375
0.399256 0.368182
0.415198 0.355677
0.399503 0.367976
0.394793 0.371856
0.407907 0.361445
0.412716 0.357598
0.404501 0.364022
0.413888 0.35668
0.418787 0.35291
0.404269 0.364203
0.40226 0.365814
0.412447 0.357801
0.407548 0.361672
0.397791 0.369388
0.394296 0.372743
0.41203 0.358205
0.406782 0.362223
0.39443 0.37234
0.417019 0.354243
0.400901 0.366877
0.417685 0.35375
0.397108 0.369917
0.403162 0.36507
0.398602 0.368732
0.395906 0.370914
0.404051 0.364379
0.414591 0.356155
0.407248 0.361866
0.421074 0.351729
0.396896 0.370142
0.41925 0.352582
0.408705 0.360934
0.403459 0.36485
0.405654 0.363116
0.405919 0.362926
0.416727 0.354483
0.412228 0.357976
0.40152 0.366376
0.398857 0.368489
0.399771 0.367771
0.405058 0.363597
0.395037 0.371629
0.397385 0.369692
0.411611 0.35855
0.410979 0.358938
0.395598 0.371191
0.418252 0.353304
0.411313 0.358695
0.400545 0.367176
0.419523 0.352373
0.412956 0.357398
0.410768 0.359119
0.400235 0.367429
0.419851 0.352157
0.426453 0.351717
0.398214 0.369068
0.410258 0.359506
0.41637 0.354755
0.416142 0.354957
0.396399 0.370543
0.409533 0.360102
0.400669 0.367045
0.420375 0.351864
0.4185 0.353117
0.406296 0.36263
0.414837 0.355936
0.400012 0.367581
0.40196 0.366033
0.410494 0.359331
0.395345 0.371392
0.415441 0.355468
0.420051 0.35203
0.394611 0.372073
0.420788 0.351793
