0.554619 0.272579
0.55622 0.271482
0.540478 0.283075
0.55229 0.274193
0.540906 0.282358
0.558629 0.269842
0.559416 0.269328
0.560145 0.268902
0.557188 0.270822
0.547364 0.277628
0.545094 0.279175
0.555267 0.272141
0.551778 0.274537
0.561498 0.268575
0.554069 0.272959
0.549195 0.27635
0.547182 0.277722
0.551416 0.274798
0.550609 0.275355
0.548972 0.276478
0.554885 0.272394
0.547619 0.277447
0.556443 0.271334
0.548299 0.276952
0.542625 0.280939
0.548472 0.276822
0.554257 0.272836
0.558152 0.270182
0.559183 0.269477
0.541291 0.281948
0.553476 0.273366
0.553205 0.273567
0.541115 0.282139
0.547783 0.277303
0.540627 0.282759
0.551621 0.274654
0.555807 0.27176
0.549838 0.275887
0.543003 0.280638
0.546009 0.278549
0.557375 0.270701
0.549656 0.276013
0.541396 0.281853
0.543159 0.280532
0.551249 0.274908
0.550831 0.275193
0.552819 0.273824
0.560466 0.268771
0.54469 0.279496
0.545712 0.278743
0.55604 0.271609
0.544934 0.279314
0.545278 0.279064
0.557859 0.270379
0.558405 0.270011
0.557663 0.270504
0.55037 0.275522
0.553747 0.273187
0.559865 0.269038
0.546372 0.278307
0.554438 0.272704
0.541544 0.281749
0.54553 0.278894
0.552999 0.273694
0.546174 0.278415
0.560791 0.268656
0.549456 0.276156
0.540408 0.283513
0.555074 0.27227
0.552032 0.274373
0.551032 0.275064
0.556994 0.270953
0.55683 0.271069
0.544282 0.279736
0.54666 0.278124
0.548129 0.277079
0.5589 0.269664
0.54036 0.283912
0.550032 0.275748
0.542104 0.281429
0.542508 0.281072
0.540715 0.282672
0.556634 0.271196
0.544506 0.279602
0.543789 0.280116
0.548802 0.276606
0.555438 0.272021
0.55245 0.274075
0.546892 0.277935
0.542782 0.280803
0.555642 0.271878
0.553905 0.273098
0.55965 0.269173
0.543359 0.280427
0.541838 0.281593
0.552661 0.273935
0.543497 0.280291
0.542297 0.281248
0.544103 0.279894
0.575781 0.268566
