0.520852 0.294196
0.517671 0.296408
0.511629 0.300649
0.52221 0.293269
0.518536 0.295821
0.516047 0.297543
0.518786 0.295648
0.519048 0.295453
0.523464 0.292404
0.520252 0.294614
0.504561 0.306056
0.522824 0.292844
0.518345 0.295943
0.521333 0.293864
0.517508 0.29652
0.515482 0.297946
0.526434 0.291156
0.514705 0.298483
0.506325 0.304401
0.519886 0.294868
0.525079 0.291464
0.50517 0.305275
0.51361 0.299253
0.523277 0.292535
0.508066 0.303127
0.513942 0.299008
0.512851 0.299782
0.505385 0.305072
0.504253 0.307701
0.521776 0.293571
0.523022 0.292716
0.513042 0.299641
0.508631 0.30275
0.516898 0.29695
0.582572 0.29111
0.516225 0.297413
0.51039 0.301523
0.51647 0.297247
0.512407 0.300087
0.524011 0.292062
0.521971 0.29344
0.524784 0.29162
0.509556 0.302118
0.520436 0.294494
0.515032 0.298254
0.510152 0.301697
0.507877 0.303282
0.504201 0.348464
0.517935 0.29623
0.519314 0.295264
0.526003 0.29118
0.504318 0.306686
0.521043 0.294077
0.571586 0.29111
0.522641 0.292984
0.506551 0.304253
0.519691 0.295003
0.515661 0.297811
0.515275 0.298083
0.523764 0.29222
0.530307 0.291121
0.517116 0.296795
0.506041 0.304618
0.511399 0.300812
0.514313 0.298747
0.510783 0.301248
0.515832 0.297699
0.524352 0.291899
0.50996 0.301812
0.508953 0.302525
0.513284 0.299488
0.51729 0.296681
0.507657 0.303458
0.520655 0.29434
0.512599 0.299957
0.509315 0.302251
0.521557 0.293723
0.504247 0.310608
0.511835 0.300516
0.542903 0.291113
0.511217 0.300916
0.512157 0.30027
0.52461 0.291736
0.504368 0.306426
0.507429 0.303608
0.522395 0.293141
0.509804 0.301939
0.525271 0.291375
0.504748 0.305726
0.504973 0.305473
0.508422 0.302937
0.504217 0.339995
0.506868 0.304026
0.511035 0.301068
0.507157 0.303768
0.518135 0.296087
0.525598 0.291267
0.510556 0.301389
0.505662 0.304853
0.516652 0.297132
