0.455961 0.335387
0.437116 0.349946
0.459498 0.333746
0.449339 0.3403
0.441928 0.345851
0.452411 0.338007
0.449563 0.340128
0.447688 0.341542
0.44346 0.344699
0.446238 0.342623
0.452033 0.338292
0.442879 0.345189
0.455345 0.335903
0.448686 0.340806
0.451638 0.338577
0.454537 0.336447
0.439881 0.347415
0.448202 0.341145
0.452209 0.338151
0.452906 0.337646
0.45332 0.337337
0.438015 0.348896
0.445262 0.343361
0.450561 0.339387
0.456166 0.335247
0.448926 0.340612
0.449147 0.340443
0.454987 0.336128
0.442662 0.345321
0.445717 0.343016
0.438675 0.348377
0.440473 0.346995
0.450142 0.339695
0.449787 0.339971
0.446531 0.342404
0.438253 0.348773
0.438518 0.348543
0.447949 0.341337
0.444836 0.343683
0.440125 0.347235
0.443185 0.34499
0.448429 0.340978
0.443258 0.344873
0.444603 0.343873
0.441243 0.346384
0.454739 0.336298
0.436887 0.350499
0.438925 0.348141
0.445459 0.343205
0.451149 0.338967
0.459156 0.33375
0.456434 0.335086
0.447294 0.341835
0.453513 0.337205
0.436756 0.350785
0.444014 0.344288
0.436616 0.36339
0.454061 0.336806
0.457399 0.334394
0.444427 0.343977
0.445014 0.343536
0.451384 0.338774
0.450331 0.339563
0.454271 0.336629
0.439667 0.347588
0.447502 0.341671
0.457938 0.334075
0.437437 0.349401
0.43763 0.349232
0.458235 0.333949
0.446032 0.34277
0.458754 0.333793
0.439413 0.347795
0.440922 0.346642
0.455542 0.335718
0.44423 0.344128
0.437318 0.349663
0.447083 0.341992
0.441488 0.346201
0.456949 0.334698
0.45773 0.334217
0.457575 0.334284
0.455753 0.33554
0.436629 0.351301
0.43781 0.349045
0.439176 0.34797
0.440676 0.346808
0.442299 0.345607
0.456708 0.334873
0.45079 0.339216
0.457205 0.334536
0.437347 0.349644
0.453779 0.337017
0.446768 0.342234
0.458431 0.33387
0.441754 0.346011
0.443849 0.34444
0.45268 0.33783
0.442059 0.345769
0.453103 0.337503
