0.514576 0.298707
0.5175 0.296579
0.521704 0.293637
0.517107 0.296857
0.513072 0.299692
0.517289 0.29672
0.520887 0.294194
0.512192 0.300325
0.518189 0.296082
0.526726 0.291454
0.516417 0.297337
0.510992 0.301165
0.504039 0.306184
0.506214 0.304568
0.506468 0.304399
0.521934 0.293462
0.509241 0.30241
0.519755 0.295123
0.52301 0.292706
0.512645 0.299987
0.51886 0.295612
0.505705 0.304969
0.504463 0.30585
0.524929 0.291561
0.503151 0.30723
0.519892 0.294933
0.516872 0.297012
0.508202 0.303242
0.519359 0.295349
0.504238 0.306034
0.510427 0.301568
0.51408 0.298971
0.508333 0.303087
0.509721 0.302073
0.523206 0.292575
0.513492 0.299392
0.510667 0.301403
0.513923 0.299097
0.502921 0.308103
0.522654 0.292973
0.512369 0.300178
0.524346 0.291815
0.506686 0.304271
0.513686 0.29926
0.51193 0.30051
0.524074 0.291995
0.524572 0.291688
0.507604 0.303568
0.509503 0.302229
0.518656 0.295754
0.517735 0.296405
0.523883 0.292111
0.522395 0.293142
0.503042 0.307649
0.516674 0.297151
0.520061 0.294775
0.520253 0.294631
0.506989 0.304065
0.511213 0.301038
0.503714 0.306448
0.509961 0.301903
0.51325 0.299565
0.507381 0.303719
0.508508 0.302932
0.518452 0.295896
0.5117 0.300656
0.503361 0.306833
0.521466 0.293783
0.505157 0.305371
0.517924 0.296272
0.503201 0.307136
0.505496 0.305107
0.520644 0.294359
0.525361 0.291455
0.520517 0.294474
0.523681 0.292256
0.502917 0.309122
0.506 0.304717
0.504649 0.305686
0.50873 0.302781
0.508959 0.302611
0.511535 0.300824
0.521116 0.294038
0.503112 0.3074
0.51908 0.295468
0.512826 0.299876
0.503508 0.306668
0.515449 0.298028
0.515782 0.297775
0.5162 0.297479
0.510137 0.301773
0.51498 0.298423
0.514304 0.298824
0.504822 0.305556
0.503588 0.306582
0.507153 0.303894
0.515178 0.298216
0.507841 0.303472
0.523472 0.292408
0.522215 0.293262
