0.601878 0.224243
0.410329 0.401136
0.606031 0.221539
0.405243 0.406216
0.603312 0.223316
0.600953 0.224847
0.612211 0.217897
0.411273 0.400331
0.412927 0.399044
0.606624 0.221164
0.41098 0.400586
0.414833 0.397557
0.60036 0.225223
0.405449 0.405431
0.597583 0.242375
0.418606 0.394875
0.600061 0.225424
0.407937 0.403001
0.406108 0.404614
0.611495 0.218125
0.412684 0.399235
0.415293 0.397229
0.415623 0.396969
0.607147 0.22084
0.610787 0.218521
0.60769 0.220466
0.607468 0.220618
0.605289 0.222011
0.408233 0.402783
0.417033 0.395871
0.598927 0.226261
0.601508 0.224492
0.412397 0.399483
0.609317 0.219434
0.602757 0.223655
0.406997 0.403722
0.605607 0.221818
0.404847 0.407221
0.405366 0.405699
0.598128 0.226684
0.60898 0.219646
0.602128 0.224075
0.604504 0.222531
0.408589 0.402477
0.418938 0.394733
0.608024 0.22026
0.409705 0.401605
0.59791 0.226902
0.411538 0.400149
0.601195 0.224658
0.609601 0.219269
0.414423 0.397878
0.612762 0.217846
0.412121 0.399695
0.413832 0.398344
0.604985 0.222236
0.604144 0.22275
0.41326 0.398798
0.599831 0.225597
0.405293 0.405819
0.410657 0.40088
0.409251 0.401934
0.610435 0.218738
0.415847 0.396779
0.404801 0.407975
0.419684 0.394593
0.408947 0.402191
0.600622 0.225051
0.416819 0.396061
0.611151 0.218314
0.599457 0.225827
0.608587 0.219917
0.406457 0.404253
0.597713 0.227235
0.4073 0.403489
0.410053 0.40134
0.41189 0.399887
0.609905 0.219091
0.414101 0.398128
0.407735 0.403172
0.606353 0.221326
0.413611 0.398523
0.60371 0.223029
0.417599 0.395481
0.417294 0.395694
0.406783 0.4039
0.599113 0.226053
0.405781 0.404994
0.404886 0.407014
0.41617 0.396523
0.597594 0.227962
0.40566 0.405109
0.416472 0.396331
0.418244 0.395049
0.61182 0.217993
0.417908 0.395249
0.608302 0.220094
0.405002 0.406585
0.40875 0.402373
0.598486 0.226553
