0.414061 0.356561
0.588085 0.274924
0.411169 0.3588
0.410667 0.359201
0.596807 0.269024
0.583235 0.278449
0.58745 0.275412
0.411889 0.358235
0.596061 0.269489
0.409776 0.359888
0.409556 0.360108
0.382694 0.425134
0.597446 0.268556
0.410165 0.359618
0.591929 0.273049
0.413451 0.357023
0.588377 0.274737
0.596319 0.269331
0.585468 0.276751
0.41094 0.358976
0.415272 0.355627
0.594823 0.270369
0.592544 0.272028
0.416765 0.354526
0.583872 0.277836
0.584132 0.277629
0.41242 0.357819
0.58677 0.275853
0.41567 0.35531
0.414365 0.356309
0.585252 0.276968
0.597203 0.268744
0.406232 0.362929
0.586 0.276399
0.599004 0.267666
0.406054 0.363168
0.413246 0.357219
0.408911 0.360568
0.582837 0.279313
0.583586 0.278083
0.586384 0.276143
0.59055 0.273647
0.409168 0.360391
0.593377 0.271355
0.589396 0.274066
0.408455 0.360981
0.584437 0.27746
0.407847 0.361475
0.5857 0.276567
0.598161 0.26811
0.592329 0.272291
0.595761 0.269712
0.412891 0.357495
0.592764 0.271814
0.412154 0.358053
0.583074 0.278707
0.582555 0.281127
0.413791 0.356789
0.593608 0.271161
0.597827 0.268357
0.406674 0.362495
0.593933 0.270944
0.593029 0.271629
0.589029 0.274274
0.599323 0.267532
0.59 0.273742
0.405526 0.364324
0.589658 0.273884
0.592097 0.272644
0.582636 0.280089
0.417113 0.354254
0.594211 0.270775
0.598622 0.267825
0.41756 0.354037
0.582485 0.31066
0.41467 0.356076
0.408658 0.360784
0.588741 0.274485
0.418894 0.353718
0.417953 0.353857
0.584774 0.277267
0.405783 0.36355
0.411461 0.358595
0.4069 0.362247
0.414986 0.355845
0.418535 0.353762
0.599692 0.267441
0.407154 0.361965
0.594554 0.270531
0.595248 0.270111
0.416152 0.354924
0.600493 0.267419
0.408152 0.361245
0.59546 0.26991
0.407456 0.361712
0.587728 0.275186
0.587015 0.27566
0.582522 0.301487
0.406417 0.362727
0.416439 0.354742
