0.520225 0.300605
0.520012 0.300747
0.514489 0.304711
0.520827 0.300166
0.512576 0.306032
0.51939 0.301204
0.523836 0.298039
0.523661 0.298162
0.514249 0.304858
0.511755 0.306689
0.527038 0.295795
0.52897 0.294457
0.509925 0.308708
0.514977 0.304336
0.509877 0.336968
0.523199 0.298488
0.520448 0.300444
0.52244 0.299032
0.513951 0.305055
0.517116 0.302789
0.518901 0.301548
0.519812 0.300878
0.526163 0.296401
0.525483 0.296877
0.524893 0.29729
0.527867 0.295214
0.521904 0.29941
0.524267 0.297732
0.515164 0.304173
0.517847 0.302276
0.527677 0.295346
0.510483 0.307675
0.52284 0.298752
0.51865 0.301711
0.516406 0.303305
0.516042 0.303576
0.526762 0.295986
0.534036 0.293138
0.518469 0.301833
0.51908 0.301402
0.512789 0.305898
0.519597 0.301048
0.510174 0.30813
0.521058 0.300003
0.526538 0.29614
0.513233 0.305627
0.517342 0.302675
0.521499 0.299702
0.517658 0.30243
0.518254 0.301997
0.515361 0.304045
0.53058 0.293438
0.510741 0.307418
0.512066 0.306476
0.524716 0.297412
0.512391 0.306179
0.511186 0.307083
0.52574 0.2967
0.525264 0.297041
0.529252 0.294273
0.530125 0.293733
0.531477 0.293185
0.516897 0.302953
0.515613 0.303892
0.526331 0.296285
0.523424 0.298325
0.529557 0.294056
0.510315 0.307909
0.511428 0.306905
0.521695 0.299558
0.530806 0.293337
0.522629 0.298892
0.513022 0.305744
0.521242 0.299872
0.528328 0.294924
0.527486 0.295487
0.520646 0.300292
0.513752 0.305183
0.509903 0.309373
0.530347 0.293576
0.510097 0.308238
0.514814 0.304503
0.528704 0.294636
0.516204 0.303435
0.518018 0.302165
0.527231 0.29565
0.528495 0.29478
0.513592 0.305351
0.524092 0.297855
0.510991 0.307268
0.515825 0.303748
0.50988 0.32091
0.525925 0.296565
0.524534 0.297557
0.528087 0.295109
0.531252 0.293235
0.529796 0.293906
0.531841 0.293168
0.516603 0.303172
0.522201 0.299192
