1.01023 0.0104295
0.0810519 1.00113
0.192323 0.9736
0.859009 0.272709
0.859009 0.272696
0.921702 0.181453
0.859009 0.272696
0.588327 0.677433
0.588328 0.677433
0.524528 0.735585
0.525727 0.734216
0.921702 0.18664
1.00938 0.0121437
0.342718 0.899383
0.754872 0.475242
0.342743 0.899382
0.752531 0.475242
0.85901 0.272696
0.342718 0.899382
0.34445 0.899381
1.00938 0.0121437
0.0142988 1.01459
0.342718 0.899574
0.823799 0.342166
0.0106127 1.00967
0.4904 0.776127
0.490915 0.775699
0.25715 0.951721
0.0106127 1.00967
0.921702 0.181835
1.00938 0.0121364
0.525767 0.734558
0.254726 0.951241
0.859011 0.272696
0.413762 0.850262
0.342718 0.899613
0.921702 0.188323
0.342718 0.899382
0.415868 0.849723
0.85901 0.272696
0.0813761 1.0029
1.00938 0.0142222
0.342718 0.899382
0.525724 0.734314
1.01023 0.0104266
0.921702 0.181453
0.525727 0.734216
1.01023 0.0104263
0.859009 0.272696
0.921702 0.18451
0.157055 0.98773
0.859011 0.272696
0.859009 0.272696
0.921702 0.187859
1.00938 0.0121364
0.460896 0.831453
0.750925 0.475243
1.01023 0.0104266
0.676184 0.566974
0.921702 0.188323
0.192519 0.973774
0.921702 0.181452
0.0884352 1.00111
0.594496 0.677433
0.594398 0.677433
0.749309 0.475243
0.0106127 1.00967
0.747895 0.475413
0.342719 0.899382
1.00938 0.0140042
0.588328 0.677433
1.00938 0.0140042
0.588373 0.677992
1.00938 0.0127441
0.675973 0.566974
0.342718 0.899382
0.588329 0.677433
0.921702 0.181453
0.254726 0.951241
0.416695 0.849693
0.748349 0.475243
0.525726 0.734216
1.01027 0.0104263
0.921702 0.181453
0.747882 0.479256
0.749333 0.475242
0.859009 0.272698
0.747891 0.478968
0.675973 0.566974
0.41377 0.850695
0.793923 0.429042
0.675973 0.566974
0.921702 0.181453
0.588329 0.677433
0.859009 0.272696
0.749444 0.475242
0.747854 0.479246
0.748171 0.475346
0.157051 0.98773
0.594399 0.677433
