0.496894 0.765862
1.00302 0.00965448
0.332369 0.897997
0.0054789 1.00484
0.163606 0.978405
0.418481 0.846368
0.857534 0.288393
0.856622 0.288395
0.999037 0.0178108
0.856184 0.288404
0.665755 0.568943
0.856118 0.288562
0.856184 0.288404
0.471897 0.802482
0.672402 0.566146
0.831259 0.330738
0.522839 0.739855
0.672402 0.559962
0.00546922 1.00484
0.163606 0.977326
0.917853 0.18299
0.665755 0.569012
0.522838 0.739863
0.919424 0.180234
0.418488 0.846368
0.00546922 1.00484
0.332369 0.897997
0.665755 0.56921
0.751777 0.46991
0.332369 0.897997
0.999044 0.017818
0.332381 0.898005
0.856192 0.288402
0.52283 0.739912
0.856329 0.2884
0.496894 0.765868
0.672402 0.559962
0.751996 0.469889
0.332369 0.89948
0.665755 0.569558
0.665755 0.569405
0.332369 0.897997
0.496894 0.765862
0.418481 0.846368
0.999037 0.0183717
0.751777 0.469741
0.496894 0.765862
0.418488 0.846368
0.418481 0.846368
0.496894 0.765864
0.999037 0.0178108
0.00546922 1.00484
0.00546922 1.00484
0.856188 0.288404
0.163606 0.978428
0.672402 0.559961
0.672402 0.559961
0.805416 0.383635
0.665755 0.569394
0.585975 0.67822
0.856184 0.288404
0.52283 0.739912
0.672402 0.566207
0.856125 0.28841
0.999037 0.0183717
0.856126 0.288409
0.163606 0.978096
0.856125 0.28841
0.163606 0.977407
0.856184 0.288404
0.00547921 1.00484
0.00557407 1.00523
0.00546922 1.00751
0.332431 0.897997
0.332369 0.897997
0.332369 0.900163
0.672402 0.559961
0.672402 0.559991
0.665755 0.569101
0.33241 0.897997
0.496894 0.765862
0.665755 0.569101
0.856119 0.288414
0.856603 0.288396
0.332411 0.897997
0.496894 0.765862
0.85627 0.2884
0.665755 0.568943
0.332369 0.897997
0.332369 0.899514
0.665755 0.57027
0.251096 0.954696
0.856192 0.288402
0.856122 0.288414
0.665755 0.571664
0.856622 0.288395
0.332369 0.897997
0.999037 0.0178108
0.665755 0.568943
0.522839 0.739856
