0.344719 0.907752
0.344719 0.907752
0.344719 0.907752
0.344719 0.907752
0.344719 0.907752
0.344719 0.907752
0.344719 0.907752
0.344719 0.907752
0.344719 0.907752
0.344719 0.907752
0.344719 0.907752
0.344719 0.907752
0.344719 0.907752
0.344719 0.907752
0.344719 0.907752
0.344719 0.907752
0.344719 0.907752
0.344719 0.907752
0.344719 0.907752
0.344719 0.907752
0.344719 0.907752
0.344719 0.907752
0.344719 0.907752
0.344719 0.907752
0.344719 0.907752
0.344719 0.907752
0.344719 0.907752
0.344719 0.907752
0.344719 0.907752
0.344719 0.907752
0.344719 0.907752
0.344719 0.907752
0.344719 0.907752
0.344719 0.907752
0.344719 0.907752
0.344719 0.907752
0.344719 0.907752
0.344719 0.907752
0.344719 0.907752
0.344719 0.907752
0.344719 0.907752
0.344719 0.907752
0.344719 0.907752
1.01087 0.0259369
0.344719 0.907752
0.344719 0.907752
0.344719 0.907752
0.344719 0.907752
0.910934 0.191142
0.344719 0.907752
0.577985 0.687186
0.910935 0.191142
0.344719 0.907752
0.344719 0.907752
0.577724 0.687186
0.0158171 1.01548
1.01087 0.0259369
0.0158171 1.01548
0.344719 0.907752
0.344719 0.907752
0.349214 0.904339
0.0158171 1.01548
0.139457 0.994648
0.344719 0.907752
0.344719 0.907752
0.910934 0.191142
0.344203 0.908174
0.682326 0.571181
0.682328 0.571181
0.0158171 1.01548
0.344202 0.908175
0.805961 0.38553
0.344719 0.907752
1.01575 0.0154899
0.344719 0.907752
0.344203 0.908174
1.01087 0.0259369
0.67804 0.577402
1.01192 0.0236239
0.344202 0.912538
0.913302 0.191142
0.910934 0.191142
0.0158171 1.01548
0.244226 0.961295
0.344202 0.908174
1.01087 0.0259368
0.910934 0.191142
0.349214 0.904339
0.0158171 1.01548
1.01087 0.0259369
0.344719 0.907752
0.910939 0.191142
1.01192 0.023624
1.01192 0.0236239
0.344719 0.907752
1.01087 0.025937
0.0158171 1.01548
0.682324 0.571181
0.577725 0.687186
0.473024 0.800856
