0.48175 0.804489
0.994985 0.01002
0.994985 0.01002
0.740638 0.48281
0.994985 0.01002
0.994985 0.01002
0.994985 0.01002
0.994985 0.01002
0.994985 0.01002
0.994985 0.01002
0.994985 0.01002
0.241433 0.94171
0.341847 0.883141
0.994985 0.01002
0.994985 0.01002
0.994985 0.01002
0.994985 0.01002
0.994985 0.01002
0.994985 0.01002
0.994985 0.01002
0.994985 0.01002
0.241433 0.94171
0.241433 0.94171
0.994985 0.01002
0.994985 0.01002
0.955026 0.108014
0.00773835 0.999954
0.241433 0.94171
0.994985 0.01002
0.994985 0.01002
0.994985 0.01002
0.523131 0.760549
0.994985 0.01002
0.674499 0.545089
0.994985 0.01002
0.241433 0.94171
0.994985 0.01002
0.994985 0.01002
0.994985 0.01002
0.994985 0.01002
0.994985 0.01002
0.994985 0.01002
0.404038 0.860729
0.994985 0.01002
0.994985 0.01002
0.241433 0.94171
0.994985 0.01002
0.908157 0.175254
0.674499 0.545089
0.994985 0.01002
0.482117 0.804489
0.994985 0.01002
0.994985 0.01002
0.908157 0.175254
0.241433 0.94171
0.994985 0.01002
0.856204 0.30805
0.62168 0.63015
0.994985 0.01002
0.994985 0.01002
0.675183 0.544512
0.48175 0.804489
0.994985 0.01002
0.994985 0.01002
0.994985 0.01002
0.574785 0.669624
0.815594 0.378538
0.994985 0.01002
0.288132 0.930147
0.994985 0.01002
0.994985 0.01002
0.994985 0.01002
0.675183 0.544134
0.189811 0.991188
0.994985 0.01002
0.994985 0.01002
0.994985 0.01002
0.189811 0.991188
0.189811 0.991188
0.994985 0.01002
0.994985 0.01002
0.994983 0.0114282
0.189811 0.991188
0.482059 0.804489
0.189811 0.991188
0.955026 0.108017
0.189811 0.991188
0.955026 0.108014
0.481867 0.804489
0.815984 0.378538
0.856204 0.30805
0.955026 0.108014
0.483051 0.804489
0.404038 0.860729
0.675183 0.544134
0.856204 0.308178
0.856204 0.308083
0.955026 0.108918
0.675231 0.544134
0.481917 0.804489
