1.08932 0.115016
1.08932 0.115016
1.08932 0.115016
1.08932 0.115016
1.08932 0.115016
1.08932 0.115016
1.08932 0.115016
1.08932 0.115016
1.08932 0.115016
1.08932 0.115016
1.08932 0.115016
1.08932 0.115016
1.08932 0.115016
1.08932 0.115016
1.08932 0.115016
1.08932 0.115016
1.08932 0.115016
1.08932 0.115016
1.08932 0.115016
1.08932 0.115016
1.08932 0.115016
1.08932 0.115016
1.08932 0.115016
1.08932 0.115016
1.08932 0.115016
1.08932 0.115016
1.08932 0.115016
1.08932 0.115016
1.08932 0.115016
1.08932 0.115016
1.08932 0.115016
1.08932 0.115016
1.08932 0.115016
1.08932 0.115016
1.08932 0.115016
1.08932 0.115016
1.08932 0.115016
1.08932 0.115016
1.08932 0.115016
1.08932 0.115016
1.08932 0.115016
1.08932 0.115016
1.08932 0.115016
1.08932 0.115016
1.08932 0.115016
1.08932 0.115016
1.08932 0.115016
1.08932 0.115016
1.08932 0.115016
1.08932 0.115016
1.08932 0.115016
1.08932 0.115016
1.08932 0.115016
1.08932 0.115016
1.08932 0.115016
1.08932 0.115016
1.08932 0.115016
1.08932 0.115016
1.08932 0.115016
1.08932 0.115016
1.08932 0.115016
1.08932 0.115016
1.08932 0.115016
1.08932 0.115016
1.08932 0.115016
1.08932 0.115016
1.08932 0.115016
1.08932 0.115016
1.08932 0.115016
1.08932 0.115016
1.08932 0.115016
1.08932 0.115016
1.08932 0.115016
1.08932 0.115016
1.08932 0.115016
1.08932 0.115016
1.08932 0.115016
1.08932 0.115016
1.08932 0.115016
1.08932 0.115016
1.08932 0.115016
1.08932 0.115016
1.08932 0.115016
1.08932 0.115016
0.577317 0.82611
1.08932 0.115016
1.08932 0.115016
1.08932 0.115016
0.139321 1.11449
0.139321 1.11449
0.139321 1.11205
0.139321 1.06502
0.139321 1.06502
1.08932 0.115016
1.08932 0.115016
0.139321 1.06502
0.139328 1.06502
0.139321 1.10374
0.139321 1.06502
0.139321 1.1002
