0.589321 0.615017
0.589321 0.615017
0.589321 0.615017
0.589321 0.615017
0.589321 0.615017
0.589321 0.615017
0.169661 0.9
0.589321 0.615017
0.589321 0.615017
0.169661 0.9
0.589321 0.615017
0.169661 0.9
0.589321 0.615017
0.589321 0.615017
0.589321 0.615017
0.589321 0.615017
0.589321 0.615017
0.589321 0.615017
0.589321 0.615017
0.169661 0.9
0.589321 0.615017
0.169661 0.9
0.589321 0.615017
0.589321 0.615017
0.169661 0.9
0.589321 0.615017
0.589321 0.615017
0.589321 0.615017
0.589321 0.615017
0.589321 0.615017
0.589321 0.615017
0.169661 0.9
0.589321 0.615017
0.169661 0.9
0.589321 0.615017
0.589321 0.615017
0.589321 0.615017
0.589321 0.615017
0.589321 0.615017
0.589321 0.615017
0.589321 0.615017
0.169661 0.9
0.589321 0.615017
0.589321 0.615017
0.589321 0.615017
0.589321 0.615017
0.589321 0.615017
0.169661 0.9
0.589321 0.615017
0.589321 0.615017
0.169661 0.9
0.169661 0.9
0.589321 0.615017
0.589321 0.615017
0.589321 0.615017
0.589321 0.615017
0.589321 0.615017
0.589321 0.615017
0.589321 0.615017
0.589321 0.615017
0.589321 0.615017
0.589321 0.615017
0.169661 0.9
0.589321 0.615017
0.589321 0.615017
0.589321 0.615017
0.589321 0.615017
0.589321 0.615017
0.589321 0.615017
0.589321 0.615017
0.961976 0.360446
0.589321 0.615017
0.589321 0.615017
0.589321 0.615017
0.589321 0.615017
0.589321 0.615017
0.169661 0.9
0.589321 0.615017
0.169661 0.9
0.589321 0.615017
0.589321 0.615017
0.169661 0.9
0.169661 0.9
0.589321 0.615017
0.169661 0.9
0.589321 0.615017
0.589321 0.615017
0.169661 0.9
0.589321 0.615017
0.169661 0.9
0.589321 0.615017
0.589321 0.615017
0.589321 0.615017
0.589321 0.615017
0.589321 0.615017
0.589321 0.615017
0.589321 0.615017
0.589321 0.615017
0.589321 0.615017
0.961992 0.36043
