0.911014 0.107519
0.910964 0.107569
0.911027 0.107506
0.910974 0.107559
0.910982 0.10755
0.910975 0.107558
0.91093 0.107606
0.911034 0.107498
0.911017 0.107516
0.910972 0.107561
0.910953 0.10758
0.91105 0.107483
0.910942 0.107591
0.911049 0.107484
0.91101 0.107523
0.910999 0.107533
0.91108 0.10746
0.910926 0.107632
0.910991 0.107542
0.910947 0.107587
0.911006 0.107527
0.911002 0.107531
0.910985 0.107547
0.911067 0.107468
0.911057 0.107477
0.911016 0.107517
0.911003 0.107529
0.911026 0.107507
0.911052 0.107481
0.910968 0.107565
0.910958 0.107575
0.910992 0.10754
0.910931 0.107604
0.91102 0.107513
0.911072 0.107465
0.911064 0.107471
0.91097 0.107562
0.911054 0.10748
0.910928 0.107614
0.911047 0.107486
0.910997 0.107536
0.91103 0.107503
0.911037 0.107496
0.911022 0.107511
0.91098 0.107553
0.910948 0.107586
0.910925 0.107789
0.911087 0.107458
0.910934 0.1076
0.910984 0.107549
0.911045 0.107488
0.911007 0.107526
0.911059 0.107476
0.910989 0.107544
0.910927 0.107618
0.910939 0.107595
0.911038 0.107495
0.910959 0.107573
0.910966 0.107567
0.911077 0.107462
0.910929 0.10761
0.910936 0.107598
0.91104 0.107493
0.910969 0.107564
0.911033 0.1075
0.910932 0.107602
0.910987 0.107546
0.911055 0.107478
0.910949 0.107584
0.911069 0.107467
0.91106 0.107474
0.911018 0.107514
0.91107 0.107466
0.250064 0.749948
0.911079 0.107461
0.910981 0.107552
0.910955 0.107578
0.910994 0.107538
0.910951 0.107582
0.911066 0.107469
0.911073 0.107464
0.910937 0.107596
0.911012 0.107521
0.911024 0.107509
0.91096 0.107572
0.911042 0.107491
0.911075 0.107463
0.910941 0.107592
0.911082 0.107459
0.910944 0.10759
0.910978 0.107555
0.911062 0.107472
0.910956 0.107577
0.910999 0.107535
0.910925 0.108022
0.911094 0.107457
0.910925 0.10783
0.911029 0.107504
0.910962 0.107571
0.910977 0.107556
