0.895893 0.104107
0.895974 0.104027
0.895886 0.104114
0.895994 0.104007
0.895982 0.104018
0.895897 0.104103
0.370374 0.901484
0.895842 0.104159
0.895979 0.104022
0.89587 0.104131
0.895871 0.104129
0.895891 0.104109
0.895996 0.104005
0.895878 0.104122
0.895839 0.104162
0.89598 0.10402
0.895822 0.104183
0.895984 0.104017
0.895876 0.104124
0.896003 0.103998
0.895882 0.104118
0.895838 0.104163
0.895833 0.104169
0.895827 0.104176
0.895928 0.104084
0.896017 0.103985
0.895968 0.104033
0.896008 0.103993
0.89588 0.10412
0.89589 0.10411
0.896007 0.103994
0.895817 0.104219
0.896011 0.10399
0.896031 0.10398
0.89591 0.104091
0.895988 0.104013
0.895922 0.104085
0.895964 0.104041
0.895847 0.104155
0.895998 0.104003
0.895873 0.104127
0.895905 0.104096
0.895857 0.104144
0.896023 0.103981
0.895969 0.104032
0.895861 0.10414
0.895985 0.104015
0.895854 0.104147
0.895817 0.104243
0.895848 0.104153
0.895818 0.104199
0.89584 0.104161
0.895989 0.104011
0.895836 0.104165
0.895976 0.104024
0.899766 0.103979
0.896026 0.103981
0.895901 0.1041
0.895902 0.104098
0.896021 0.103982
0.895991 0.104009
0.895844 0.104157
0.895963 0.104045
0.895999 0.104001
0.895817 0.104288
0.895919 0.104086
0.896034 0.103979
0.895866 0.104134
0.895868 0.104133
0.895899 0.104101
0.895917 0.104087
0.895965 0.104038
0.895972 0.104029
0.895862 0.104139
0.895851 0.104149
0.895824 0.10418
0.896014 0.103987
0.896019 0.103983
0.895859 0.104142
0.895884 0.104116
0.895865 0.104136
0.895907 0.104093
0.895849 0.104151
0.895818 0.104195
0.895829 0.104174
0.895895 0.104105
0.895826 0.104178
0.89582 0.104189
0.896013 0.103988
0.895819 0.104192
0.895888 0.104112
0.896005 0.103996
0.896009 0.103991
0.895912 0.104089
0.89583 0.104172
0.896001 0.103999
0.895821 0.104187
0.895915 0.104088
0.895834 0.104167
0.895966 0.104035
