0.809246 0.227369
0.80927 0.227345
0.809328 0.227288
0.809297 0.227318
0.809281 0.227335
0.809275 0.227341
0.809293 0.227322
0.8093 0.227316
0.80929 0.227326
0.809291 0.227324
0.809286 0.22733
0.809343 0.227273
0.809265 0.227351
0.809301 0.227314
0.809242 0.227373
0.809239 0.227378
0.809288 0.227327
0.809264 0.227352
0.809276 0.227339
0.809315 0.2273
0.809308 0.227307
0.809304 0.227312
0.809261 0.227355
0.809244 0.227372
0.809282 0.227334
0.809329 0.227287
0.809272 0.227344
0.809313 0.227302
0.809325 0.227291
0.80926 0.227356
0.809255 0.227361
0.809302 0.227313
0.809278 0.227337
0.809256 0.22736
0.80924 0.227376
0.809326 0.22729
0.809283 0.227332
0.809245 0.22737
0.809251 0.227365
0.809273 0.227342
0.80934 0.227276
0.809222 0.227456
0.809331 0.227285
0.809357 0.227262
0.809266 0.227349
0.809249 0.227366
0.809223 0.227398
0.809332 0.227283
0.809222 0.227472
0.809248 0.227368
0.809241 0.227374
0.809222 0.227402
0.809258 0.227357
0.809305 0.22731
0.809349 0.227267
0.809325 0.22729
0.809362 0.227261
0.809311 0.227304
0.809342 0.227274
0.809338 0.227277
0.809252 0.227364
0.809257 0.227358
0.809317 0.227299
0.809244 0.227372
0.809268 0.227348
0.809234 0.227381
0.809333 0.227282
0.809306 0.227309
0.809229 0.227388
0.809232 0.227384
0.809225 0.227395
0.809253 0.227362
0.809311 0.227305
0.809223 0.227401
0.809345 0.227271
0.809322 0.227294
0.809226 0.227392
0.809295 0.22732
0.80923 0.227386
0.809228 0.22739
0.809352 0.227264
0.809318 0.227297
0.809233 0.227383
0.809347 0.227269
0.809336 0.227279
0.809263 0.227353
0.80932 0.227295
0.809334 0.227282
0.809298 0.227317
0.809236 0.22738
0.809354 0.227263
0.80935 0.227266
0.809372 0.22726
0.809279 0.227336
0.809368 0.22726
0.809229 0.227388
0.809284 0.227331
0.809323 0.227292
0.809345 0.22727
0.809359 0.227261
