0.320974 0.679027
0.320967 0.679034
0.32095 0.67905
0.320945 0.679055
0.320919 0.679081
0.320978 0.679022
0.320977 0.679023
0.320938 0.679062
0.987966 0.0120341
0.320964 0.679036
0.320952 0.679048
0.32094 0.67906
0.320972 0.679028
0.320966 0.679035
0.320974 0.679026
0.320944 0.679056
0.320909 0.679092
0.321002 0.678999
0.321004 0.678997
0.320968 0.679032
0.320961 0.679039
0.320986 0.679014
0.32098 0.67902
0.320908 0.679094
0.320933 0.679068
0.320936 0.679064
0.320902 0.679101
0.320997 0.679004
0.320985 0.679015
0.320905 0.679096
0.320947 0.679054
0.320959 0.679041
0.320949 0.679051
0.320917 0.679084
0.320988 0.679013
0.98767 0.0123326
0.320923 0.679077
0.320908 0.679093
0.321005 0.678995
0.320939 0.679061
0.320916 0.679085
0.321012 0.67899
0.321016 0.678988
0.320993 0.679007
0.320971 0.679029
0.32096 0.67904
0.320981 0.679019
0.320989 0.679011
0.320934 0.679067
0.320979 0.679021
0.320989 0.679012
0.320992 0.679008
0.320996 0.679004
0.320904 0.679098
0.320976 0.679024
0.32093 0.679071
0.320951 0.679049
0.321007 0.678994
0.320914 0.679087
0.321002 0.678998
0.320958 0.679043
0.320982 0.679018
0.320942 0.679059
0.32099 0.67901
0.320928 0.679073
0.32091 0.679091
0.3209 0.679107
0.320926 0.679074
0.320925 0.679075
0.320955 0.679046
0.32092 0.67908
0.320918 0.679083
0.320953 0.679047
0.320956 0.679044
0.320902 0.6791
0.32097 0.67903
0.320906 0.679095
0.320899 0.67911
0.321009 0.678992
0.321 0.679001
0.320931 0.67907
0.321019 0.678988
0.320984 0.679017
0.320915 0.679086
0.320901 0.679104
0.320998 0.679002
0.320923 0.679078
0.320947 0.679054
0.320963 0.679038
0.320994 0.679006
0.320922 0.679079
0.32101 0.678991
0.987671 0.0123297
0.320913 0.679089
0.321003 0.678998
0.321013 0.678989
0.320935 0.679065
0.320972 0.679029
0.320943 0.679058
0.320948 0.679053
