0.34195 0.658051
0.342006 0.657994
0.341975 0.658025
0.342003 0.657998
0.341995 0.658005
0.341872 0.658135
0.34187 0.658149
0.341971 0.658029
0.341959 0.658041
0.342001 0.657999
0.341956 0.658044
0.341943 0.658057
0.341952 0.658049
0.341991 0.658009
0.341919 0.658081
0.341986 0.658014
0.341904 0.658096
0.341997 0.658003
0.341988 0.658012
0.341966 0.658034
0.341953 0.658047
0.341978 0.658022
0.341906 0.658095
0.34198 0.658021
0.341901 0.6581
0.341964 0.658037
0.34199 0.658011
0.341889 0.658113
0.341926 0.658075
0.342027 0.657974
0.341877 0.658124
0.342008 0.657992
0.341878 0.658123
0.341927 0.658073
0.341882 0.658119
0.34197 0.65803
0.34194 0.65806
0.341874 0.65813
0.342045 0.65796
0.341968 0.658032
0.341973 0.658027
0.342014 0.657986
0.341982 0.658018
0.341872 0.658134
0.34201 0.65799
0.341876 0.658126
0.342029 0.657972
0.341933 0.658068
0.341874 0.658129
0.341916 0.658084
0.342024 0.657976
0.341938 0.658062
0.34196 0.65804
0.341871 0.658142
0.342 0.658001
0.341994 0.658007
0.341892 0.65811
0.341947 0.658053
0.341911 0.658091
0.341908 0.658093
0.341936 0.658064
0.341945 0.658055
0.365014 0.657958
0.341895 0.658106
0.34356 0.657958
0.342035 0.657966
0.342016 0.657985
0.341923 0.658077
0.342021 0.65798
0.341875 0.658127
0.341893 0.658108
0.341935 0.658066
0.341931 0.65807
0.342019 0.657981
0.342049 0.657959
0.342031 0.657969
0.341886 0.658116
0.341897 0.658105
0.341914 0.658086
0.341903 0.658098
0.341869 0.659222
0.341884 0.658118
0.342005 0.657995
0.342017 0.657983
0.341984 0.658016
0.342042 0.657961
0.341899 0.658102
0.342033 0.657968
0.341869 0.675767
0.341887 0.658114
0.34187 0.658152
0.342012 0.657988
0.341921 0.658079
0.342038 0.657964
0.34188 0.658121
0.341913 0.658088
0.342054 0.657958
0.341942 0.658059
0.341871 0.658145
0.341929 0.658071
