0.64115 0.358939
0.667267 0.332761
0.845982 0.154049
0.960385 0.0401112
0.84404 0.156022
0.620197 0.379931
0.958538 0.0414769
0.955104 0.0449107
0.68946 0.313955
0.839342 0.160958
0.687629 0.314045
0.648076 0.352027
0.617938 0.382143
0.674381 0.325664
0.849494 0.150533
0.610267 0.389974
0.633197 0.366927
0.945964 0.0540605
0.859394 0.14062
0.953614 0.0463884
0.952332 0.0476936
0.621927 0.378273
0.668947 0.331086
0.608847 0.391388
0.679569 0.320492
0.618936 0.381096
0.94984 0.0501779
0.643984 0.356057
0.682395 0.317708
0.597048 0.403517
0.653914 0.346128
0.945438 0.054726
0.626953 0.373217
0.84156 0.158513
0.948262 0.0517612
0.857923 0.142079
0.862146 0.137894
0.599717 0.400577
0.652876 0.347169
0.651599 0.348487
0.634666 0.365387
0.663454 0.336569
0.84715 0.152904
0.65649 0.343512
0.662025 0.338003
0.680989 0.319114
0.851963 0.148051
0.638616 0.361397
0.665451 0.334559
0.649621 0.350417
0.611644 0.388752
0.624569 0.375474
0.672492 0.327551
0.594222 0.407075
0.685802 0.31484
0.671434 0.328595
0.951155 0.0488554
0.607603 0.392671
0.615498 0.384628
0.856012 0.143999
0.838944 0.162418
0.637741 0.362389
0.628748 0.37134
0.593217 0.40945
0.601842 0.398614
0.85049 0.149524
0.598255 0.402105
0.675922 0.324125
0.631093 0.368929
0.955908 0.0440934
0.842508 0.157585
0.595722 0.405039
0.630129 0.369971
0.614083 0.386286
0.603419 0.396935
0.684289 0.316081
0.640034 0.360033
0.848314 0.151711
0.853274 0.146761
0.604512 0.395841
0.645088 0.35492
0.623524 0.376699
0.658246 0.341788
0.655493 0.344587
0.957294 0.0427432
0.854387 0.145615
0.865407 0.135213
0.677323 0.322686
0.63616 0.36399
0.863706 0.136369
0.670138 0.329887
0.612985 0.387198
0.605496 0.394809
0.593023 0.413012
0.625556 0.374597
0.65995 0.340064
0.860313 0.139723
0.616609 0.383477
0.642643 0.357388
0.646973 0.353086
