0.174483 0.825518
0.333601 0.66643
0.290258 0.709778
0.242912 0.75709
0.0655326 0.934467
0.187278 0.812723
0.550167 0.450125
0.0246267 0.975373
0.814099 0.185988
0.000455579 0.999544
0.12426 0.87574
0.340201 0.659859
0.485789 0.514358
0.326927 0.673096
0.193521 0.80648
0.278339 0.721725
0.408414 0.591709
0.498547 0.501673
0.142672 0.857329
0.504644 0.495577
0.0305797 0.96942
0.0125692 0.987431
0.266689 0.733322
0.801607 0.19916
0.465856 0.534251
0.0940692 0.905931
0.212322 0.787684
0.284301 0.715787
0.542279 0.458125
0.374837 0.62526
0.35441 0.645649
0.248902 0.751103
0.560439 0.44006
0.236868 0.763136
0.295662 0.704346
0.921911 0.0781996
0.0712871 0.928713
0.199695 0.800307
0.460059 0.540268
0.567001 0.434259
0.522662 0.477405
0.0825328 0.917467
0.439866 0.560301
0.834463 0.169776
0.25486 0.745146
0.536223 0.464082
0.433899 0.566338
0.155285 0.844716
0.00649832 0.993502
0.313883 0.686133
0.347291 0.652756
0.0540438 0.945956
0.13035 0.86965
0.491666 0.508635
0.0597044 0.940296
0.0882604 0.91174
0.307653 0.692353
0.427999 0.572081
0.036538 0.963462
0.136458 0.863542
0.260815 0.739191
0.38149 0.618588
0.361421 0.638645
0.180908 0.819094
0.472738 0.527337
0.446229 0.553882
0.112159 0.887841
0.479543 0.520661
0.596727 0.420251
0.218566 0.781444
1 3.32561e-14
0.320327 0.679724
0.0483854 0.951615
0.0186025 0.981398
0.272912 0.72711
0.804254 0.195775
0.824189 0.176175
0.368135 0.631921
0.105995 0.894005
0.205935 0.794069
0.933349 0.0666816
0.230879 0.769122
0.161687 0.838315
0.394471 0.605583
0.224728 0.775275
0.421557 0.578547
0.513043 0.487194
0.301611 0.698413
0.579131 0.424192
0.387649 0.612445
0.41539 0.58471
0.118225 0.881775
0.452591 0.547592
0.100027 0.899973
0.148933 0.851068
0.0768614 0.923139
0.168067 0.831934
0.0425265 0.957474
0.401759 0.598381
0.5294 0.470628
