0.212282 0.787727
0.102262 0.897738
0.113913 0.886087
0.598179 0.406063
0.574445 0.42566
0.119765 0.880235
0.535773 0.464337
0.0123976 0.987602
0.254868 0.745141
0.297574 0.702444
0.248785 0.751221
0.508445 0.49177
0.443475 0.556697
0.0551323 0.944868
0.493304 0.507031
0.024735 0.975265
0.553844 0.446258
0.273369 0.726641
0.560427 0.43961
0.030852 0.969148
3.96769e-14 1
0.167725 0.832276
1 4.29537e-14
0.355428 0.644623
0.199399 0.800618
0.450442 0.549666
0.808085 0.191949
0.018592 0.981408
0.285647 0.714369
0.0611208 0.938879
0.173827 0.826174
0.819965 0.180874
0.404739 0.595289
0.376543 0.623507
0.260929 0.739079
0.125645 0.874355
0.218679 0.781327
0.516249 0.4839
0.143512 0.856488
0.472334 0.527913
0.58775 0.412459
0.279501 0.720512
0.336547 0.663499
0.458553 0.541599
0.568348 0.431717
0.0729266 0.927073
0.31695 0.683114
0.186201 0.813804
0.0847268 0.915273
0.530265 0.46986
0.0430773 0.956923
0.149552 0.850449
0.131579 0.868421
0.0670595 0.932941
0.2249 0.775103
0.137558 0.862442
0.921962 0.0781446
0.0964458 0.903554
0.580279 0.419773
0.80192 0.198481
0.925266 0.0747524
0.427623 0.572523
0.291628 0.708383
0.180007 0.819996
0.205987 0.794025
0.479374 0.520797
0.349171 0.650861
0.383632 0.616462
0.411652 0.588414
0.155611 0.844389
0.108089 0.891911
0.546133 0.453931
0.192757 0.807253
0.487317 0.512818
0.236855 0.76315
0.522766 0.477333
0.0788527 0.921147
0.609077 0.402852
0.46492 0.535291
0.161734 0.838266
0.267119 0.732893
0.39059 0.609592
0.938074 0.061954
0.435057 0.565127
0.303787 0.696232
0.419409 0.580803
0.323694 0.676373
0.0490998 0.9509
0.330002 0.670028
0.2428 0.757203
0.230991 0.769011
0.362184 0.637901
0.342999 0.657042
0.090591 0.909409
0.397507 0.602562
0.369225 0.63084
0.0370021 0.962998
0.50126 0.498991
0.00617056 0.993829
0.310435 0.689583
