0.949727 0.0504504
0.369048 0.631259
0.183817 0.816185
0.845923 0.15417
0.20996 0.790053
0.48362 0.518791
0.070487 0.929513
0.52723 0.493232
0.329792 0.670344
0.863543 0.136614
0.0202184 0.979782
0.453233 0.54812
0.682888 0.317657
0.133249 0.866751
0.403187 0.597122
0.959583 0.0406602
0.498547 0.505213
0.272407 0.727627
0.467554 0.532864
0.780657 0.219813
0.396447 0.603852
0.658892 0.341134
0.907626 0.092469
0.152109 0.847892
0.0765834 0.923417
0.0521594 0.947841
0.229863 0.770176
0.389371 0.61122
0.336497 0.663603
0.416446 0.584397
0.0583175 0.941683
0.673173 0.32688
0.190502 0.809501
0.145873 0.854128
0.356144 0.64404
0.177307 0.822695
0.506531 0.499821
0.431923 0.568323
0.297258 0.702802
0.170894 0.829109
0.343014 0.657117
0.082756 0.917244
0.813583 0.186792
0.126885 0.873115
0.113995 0.886005
0.802614 0.197429
0.101347 0.898653
0.250849 0.749197
0.107724 0.892276
0.303512 0.69657
0.0459 0.9541
0.922203 0.0778021
0.0136323 0.986368
0.461736 0.539559
0.640967 0.359112
1 3.06086e-09
0.375828 0.624375
0.284811 0.715216
0.164631 0.835372
0.316509 0.683572
0.278569 0.721466
0.222924 0.777109
0.382307 0.618096
0.425255 0.575622
0.490693 0.511119
0.47521 0.526217
0.0888582 0.911142
0.265255 0.734774
0.856162 0.143845
0.0397051 0.960295
0.989738 0.0103197
0.1583 0.841701
0.625072 0.386445
0.0950958 0.904904
0.258388 0.741642
0.00677728 0.993223
0.323087 0.677036
0.630637 0.369455
0.0267993 0.973201
0.203554 0.796453
0.648463 0.351591
0.547622 0.489242
0.0332495 0.966751
0.409615 0.590936
0.236738 0.763286
0.139568 0.860433
0.776392 0.223829
0.196968 0.803036
0.0644124 0.935588
0.309956 0.690099
0.666824 0.333193
0.1204 0.8796
0.446219 0.55484
0.36284 0.63732
0.439116 0.561579
0.290958 0.709077
0.216486 0.783534
0.243471 0.756546
6.51172e-11 1
0.349541 0.65063
