0.980403 0.0196076
0.755622 0.244392
0.761881 0.238147
0.747241 0.252885
0.763135 0.236881
0.759268 0.240741
0.982234 0.0177697
0.75115 0.248859
0.897379 0.102624
0.758133 0.241872
0.748138 0.251911
0.899793 0.100221
0.756222 0.243802
0.758601 0.241404
0.892196 0.107863
0.759651 0.24036
0.899246 0.100759
0.895004 0.105001
0.8953 0.104709
0.897756 0.102251
0.757017 0.242986
0.892378 0.107676
0.983541 0.0164636
0.765047 0.235059
0.757765 0.24224
0.980787 0.0192183
0.982606 0.0173959
0.979365 0.0207032
0.757387 0.242625
0.748519 0.251519
0.755213 0.2448
0.746338 0.253885
0.895637 0.104372
0.897049 0.102956
0.760453 0.239578
0.760794 0.239218
0.750217 0.249808
0.749754 0.250273
0.896167 0.103835
0.760168 0.23984
0.985365 0.0149153
0.984371 0.015637
0.896586 0.103418
0.76677 0.234388
0.981211 0.0187979
0.745328 0.254976
0.75467 0.245338
0.980097 0.0199297
0.76233 0.237679
0.900961 0.0991542
0.984044 0.0159634
0.755925 0.244097
0.750525 0.249484
0.747621 0.25248
0.901734 0.0984038
0.983137 0.0168673
0.985165 0.0149171
0.75086 0.24916
0.764384 0.235657
0.758982 0.241024
0.74521 0.255357
0.981907 0.0180977
0.893723 0.106313
0.753795 0.246257
0.754189 0.245816
0.900117 0.0998887
0.893069 0.106947
0.756562 0.243446
0.765975 0.234478
0.984822 0.0152097
0.894488 0.105521
0.898279 0.101728
0.901323 0.098746
0.764683 0.235393
0.894136 0.105874
0.76118 0.238831
0.761503 0.238504
0.764083 0.235983
0.893254 0.106773
0.75265 0.247394
0.751745 0.248278
0.746615 0.253454
0.981601 0.0184001
0.747972 0.252186
0.752314 0.247692
0.748994 0.251052
0.745512 0.254681
0.979769 0.0202676
0.745803 0.254376
0.752972 0.247047
0.900518 0.0994955
0.898826 0.101182
0.746868 0.253176
0.902091 0.0982953
0.753372 0.246662
0.891658 0.108477
0.763605 0.236424
0.749436 0.250591
0.762665 0.237377
0.765411 0.234698
