0.184624 0.815379
0.400823 0.599385
0.0132512 0.986749
0.532457 0.468223
0.356517 0.643644
0.827021 0.17443
0.310445 0.689588
0.0683316 0.931668
0.098243 0.901757
0.0384414 0.961559
0.407593 0.592476
0.165314 0.834692
0.203375 0.796626
0.246998 0.75301
0.572513 0.441079
0.286213 0.713808
0.462286 0.537905
0.221511 0.778494
0.802103 0.198118
0.813384 0.186797
0.435312 0.565389
0.139836 0.860164
0.197201 0.802803
0.0443821 0.955618
0.906144 0.0944085
0.494805 0.5054
0.363289 0.636802
0.0563449 0.943655
0.414374 0.585751
0.215525 0.78448
0.937669 0.0646339
0.776573 0.223699
0.421101 0.57906
0.371309 0.628896
0.133817 0.866184
0.152322 0.84768
0.0262809 0.973719
0.456688 0.543461
0.209242 0.790759
0.116045 0.883955
0.468832 0.531245
1.0134e-15 1
0.349292 0.650928
0.178448 0.821557
0.427334 0.572735
0.450444 0.549784
0.503239 0.497133
0.273232 0.726782
0.110116 0.889884
0.121964 0.878036
0.158873 0.84113
0.253649 0.746376
0.00668649 0.993314
0.227566 0.772435
0.558678 0.444436
0.316863 0.683161
0.260281 0.739754
0.39372 0.606404
0.0922726 0.907727
0.0324293 0.967571
0.127875 0.872125
0.298102 0.701906
0.0623214 0.937679
0.538308 0.462329
0.266835 0.733195
0.292293 0.707724
0.0743348 0.925665
0.387351 0.612721
0.104174 0.895826
0.380015 0.620258
0.55177 0.449276
0.921999 0.0780674
0.82109 0.179135
0.323081 0.676937
0.988237 0.0117814
0.0803363 0.919664
0.304192 0.695823
0.509616 0.490786
0.524328 0.475926
0.0198928 0.980107
0.14598 0.854021
0.482122 0.518276
0.086323 0.913677
0.475365 0.524754
0.545832 0.455568
0.443377 0.557004
0.335316 0.664707
0.190955 0.809051
0.517109 0.483247
0.240367 0.759639
0.171882 0.828123
0.772669 0.227504
0.489324 0.510999
0.342521 0.657585
1 4.09866e-13
0.93272 0.0674213
0.23392 0.766084
0.279707 0.720313
0.328956 0.671079
0.0503399 0.94966
