0.748897 0.251106
0.977873 0.0221482
0.750168 0.249834
0.735687 0.265481
0.897758 0.102298
0.745159 0.254847
0.747331 0.252686
0.755951 0.244087
0.887647 0.112615
0.734988 0.268802
0.757197 0.24283
0.887201 0.115075
0.743003 0.257016
0.735944 0.264885
0.89241 0.107593
0.753773 0.246239
0.978711 0.021297
0.892779 0.107228
0.743426 0.256612
0.894752 0.105262
0.746282 0.253726
0.888326 0.111716
0.895142 0.104867
0.737071 0.263194
0.89705 0.102963
0.736728 0.263566
0.746963 0.253044
0.738556 0.261489
0.889452 0.110565
0.750899 0.24912
0.758968 0.241047
0.743824 0.256198
0.759948 0.2403
0.898362 0.101652
0.753042 0.246973
0.74851 0.251496
0.888716 0.11132
0.893752 0.106256
0.735461 0.266102
0.755209 0.244807
0.758657 0.241381
0.749751 0.250259
0.750483 0.249521
0.745729 0.254278
0.977469 0.0225431
0.984412 0.0167828
0.980072 0.0199303
0.89566 0.104349
0.752758 0.247261
0.741508 0.258517
0.896486 0.103522
0.894131 0.105876
0.981006 0.019001
0.893279 0.106727
0.982603 0.0174095
0.749397 0.250608
0.754386 0.245624
0.981543 0.0184687
0.978341 0.0216856
0.75165 0.248359
0.748113 0.251893
0.980706 0.0192972
0.887228 0.113594
0.898737 0.101382
0.75476 0.245286
0.896047 0.103963
0.756461 0.243556
0.739111 0.260998
0.976188 0.0238568
0.759413 0.240677
0.976925 0.0231043
0.979341 0.0206638
0.739791 0.260268
0.747796 0.252212
0.744503 0.255515
0.891577 0.108439
0.983327 0.0167944
0.891104 0.108916
0.979653 0.0203522
0.736332 0.264164
0.737405 0.262734
0.758161 0.241977
0.737797 0.262296
0.88791 0.112166
0.88982 0.110213
0.738202 0.261916
0.734958 0.292562
0.760987 0.239841
0.757655 0.242382
0.740246 0.25982
0.741846 0.258196
0.742446 0.257568
0.752294 0.247714
0.751323 0.248696
0.735127 0.267471
0.890504 0.109507
0.975898 0.0243317
0.74087 0.259147
0.739419 0.260625
0.892046 0.107964
