0.475777 0.52442
0.388848 0.611246
0.225018 0.774991
0.815009 0.185004
0.489294 0.51121
0.0548827 0.945117
0.440606 0.559579
0.157289 0.842711
0.249032 0.750972
0.231236 0.768772
0.427701 0.572506
0.121755 0.878245
0.115791 0.884209
0.212277 0.787745
0.0486653 0.951335
0.32168 0.678342
0.363219 0.636825
0.548079 0.452101
0.0673243 0.932676
0.0977887 0.902211
0.369204 0.630839
0.018029 0.981971
0.375725 0.624359
0.512099 0.488108
0.578508 0.431297
0.506493 0.494106
0.401119 0.598904
0.407585 0.59253
0.205874 0.794141
0.310174 0.689837
0.0857339 0.914266
0.151378 0.848622
0.344804 0.655233
0.564083 0.436708
0.255142 0.744864
0.298425 0.701593
0.825728 0.174516
0.0240646 0.975935
0.00597482 0.994025
0.187187 0.812816
0.133693 0.866307
9.40043e-15 1
0.267518 0.732499
0.316017 0.684007
0.557247 0.44382
0.181178 0.818823
0.169145 0.830855
0.0301683 0.969832
0.193347 0.806657
0.145506 0.854494
0.350512 0.64952
0.0735083 0.926492
0.446868 0.553212
0.382677 0.617382
0.292504 0.707514
0.103771 0.896229
0.333128 0.666914
0.570414 0.433353
0.518537 0.482035
0.0796731 0.920327
0.454361 0.545823
0.139598 0.860402
0.461779 0.538545
0.280335 0.719676
0.801273 0.202189
0.199531 0.800478
0.327313 0.672711
0.434136 0.566015
0.273944 0.726075
0.499236 0.501042
0.539771 0.460592
0.218753 0.781263
0.394991 0.605073
0.127719 0.872281
1 3.89905e-14
0.163194 0.836806
0.261215 0.738795
0.829313 0.17204
0.48213 0.517906
0.532896 0.467478
0.468547 0.531566
0.175113 0.824888
0.92179 0.0784827
0.0119751 0.988025
0.525796 0.474309
0.0363057 0.963694
0.243084 0.756921
0.286534 0.713476
0.93553 0.0646504
0.0424552 0.957545
0.0917715 0.908228
0.414297 0.585777
0.237099 0.762906
0.356675 0.643363
0.0610964 0.938904
0.33917 0.660882
0.304173 0.695842
0.109799 0.890201
0.807643 0.192392
0.42061 0.579601
