0.80623 2.62712e-17 0.591602
0.761886 2.48262e-17 0.647712
0.50601 1.64885e-17 0.862528
0.833884 4.95697e-17 0.55194
0.941894 3.06919e-17 0.33591
0.885303 3.0498e-29 0.465015
0.422414 3.0498e-29 0.906403
0.738198 4.38817e-17 0.674584
0.87291 1.90092e-29 0.487881
0.995452 1.90092e-29 0.0952633
0.936693 2.02892e-29 0.350152
0.860205 1.90092e-29 0.509949
0.696313 2.26895e-17 0.717739
0.561144 3.0498e-29 0.827718
0.956714 3.10201e-29 0.29103
0.974469 3.0498e-29 0.224523
0.35682 1.69565e-29 0.934173
0.946963 3.0498e-29 0.321343
0.651269 3.87143e-17 0.758847
0.847209 5.03618e-17 0.53126
0.687582 2.2405e-17 0.726107
0.582232 1.90092e-29 0.813023
0.0619487 1.90092e-29 0.998079
0.982332 3.0498e-29 0.187146
0.920451 3.0498e-29 0.390857
0.79187 3.0498e-29 0.610689
0.813266 3.10201e-29 0.581892
0.141684 1.90092e-29 0.989912
0.669717 2.18229e-17 0.742617
0.891354 2.9045e-17 0.453308
0.970266 3.0498e-29 0.242039
0.632273 1.91315e-29 0.774745
0.550389 2.0002e-29 0.834908
0.602707 1.90092e-29 0.797963
0.777102 2.53221e-17 0.629375
0.866596 5.15143e-17 0.49901
0.909097 1.90092e-29 0.416585
0.730026 3.0498e-29 0.68342
0.482895 1.69565e-29 0.875678
0.660576 2.15251e-17 0.750759
0.931384 3.0498e-29 0.364038
0.31444 2.24745e-29 0.949277
0.447175 3.0498e-29 0.894447
0.539484 3.0498e-29 0.841996
0.434892 1.41711e-17 0.900483
0.78453 1.90092e-29 0.620091
0.978489 3.0498e-29 0.206297
0.409787 1.39761e-29 0.912181
0.879154 1.39761e-29 0.476537
0.328876 1.69565e-29 0.944373
0.622591 1.90092e-29 0.782547
0.704939 2.29706e-17 0.709268
0.612732 1.9966e-17 0.790291
0.799101 3.10201e-29 0.601196
0.840583 4.9968e-17 0.541683
0.299722 2.24745e-29 0.954026
0.992568 3.0498e-29 0.121693
0.236307 1.40471e-17 0.971678
0.746207 3.10201e-29 0.665714
0.182667 1.91315e-29 0.983175
0.219202 1.30303e-17 0.97568
0.284566 1.8018e-29 0.958656
0.51731 1.39761e-29 0.855798
0.592547 2.26182e-29 0.805536
0.494526 2.93968e-17 0.869163
0.201376 1.91315e-29 0.979514
0.925972 3.0173e-17 0.377592
0.914822 1.76309e-29 0.403857
0.82022 2.67271e-17 0.572049
0.571766 1.90092e-29 0.820416
0.678704 2.21158e-17 0.734412
0.396903 2.35937e-17 0.917861
0.471142 1.39761e-29 0.882058
1 3.25853e-17 1.09192e-21
0.965905 3.0498e-29 0.258898
0.118662 1.90092e-29 0.992935
0.253 3.0498e-29 0.967466
0.769547 1.91315e-29 0.63859
0.721798 2.352e-17 0.692104
0.713446 4.24104e-17 0.70071
0.641838 1.90092e-29 0.76684
0.342957 3.0498e-29 0.939351
0.897334 3.0498e-29 0.441352
0.268952 3.0498e-29 0.963154
0.903262 1.90092e-29 0.429089
0.827097 3.10201e-29 0.56206
0.162832 1.90092e-29 0.986654
0.989394 3.10201e-29 0.145255
0.370419 1.20702e-17 0.928865
0.459246 3.10201e-29 0.888309
0.754122 4.48283e-17 0.656735
0.528453 1.91315e-29 0.848963
0.853747 2.78196e-17 0.520689
0.961381 3.10201e-29 0.275221
0.997979 3.0498e-29 0.0635383
0.383767 2.28128e-17 0.92343
6.12328e-17 3.96249e-29 1
0.0928593 1.90092e-29 0.995679
0.985972 3.0498e-29 0.166913
0.951906 3.10181e-17 0.306389
