0.672873 2.59101e-29 0.739758
0.478344 2.5905e-29 0.878173
0.0803487 2.62131e-29 0.996767
0.594846 3.93179e-29 0.80384
0.367647 2.5905e-29 0.929965
6.12341e-17 3.16165e-29 1
0.818781 2.51371e-29 0.574107
0.90554 0.425426 0.000428524
0.122943 0.992398 0.0304013
0.81945 0.573056 0.0194988
0.767246 0.642204 0.00253989
0.512895 1.98672e-29 0.858452
0.293162 0.956224 0.0248497
0.546155 3.24755e-29 0.837684
0.236684 1.99575e-16 0.971587
0.529525 2.61258e-29 0.848294
0.171966 0.985466 0.0194179
0.802913 0.596874 0.00199903
0.000827924 1.00277 0.000349054
0.703183 1.98672e-29 0.711009
0.657489 1.98672e-29 0.753464
0.641877 2.59101e-29 0.766808
0.283894 2.5905e-29 0.958856
0.926776 2.61258e-29 0.375615
0.317729 0.948177 0.0237286
0.442743 2.61258e-29 0.896649
0.467156 0.884203 0.0243435
0.453216 0.896412 7.26822e-05
0.562587 2.55485e-29 0.826738
0.398612 0.917113 0.0236287
0.59277 0.805653 0.013976
0.784793 0.620292 0.00345221
0.989904 2.93268e-29 0.141737
0.260797 2.5905e-29 0.965394
0.934213 0.357553 0.00130987
0.511571 0.859876 0.00173648
0.387065 2.5905e-29 0.922052
0.964802 1.98672e-29 0.262976
0.628268 0.778091 0.00553431
0.832641 2.59101e-29 0.553813
0.64544 0.764297 0.00101133
0.888897 0.458867 0.00254729
0.327252 2.5905e-29 0.944937
0.305991 2.5905e-29 0.952034
0.347688 1.98672e-29 0.93761
0.211198 1.98168e-29 0.977443
0.87358 2.79288e-29 0.48668
0.153988 2.33055e-29 0.988073
0.950926 0.312563 0.00757271
0.578843 2.61258e-29 0.815439
1 2.97003e-29 4.39077e-21
0.79105 3.93179e-29 0.611752
0.983465 0.184084 0.000877623
0.460714 2.5905e-29 0.887549
0.747901 1.98672e-29 0.663811
0.265306 0.964514 0.0127686
0.706964 0.70754 0.00158395
0.726235 0.687843 0.000853946
0.886616 2.79288e-29 0.462506
0.870094 0.49399 0.000924065
0.574538 0.818489 0.0138294
0.970846 0.244144 0.0022434
0.348691 0.93718 0.0230165
0.860108 2.5905e-29 0.510111
0.239309 0.971053 0.017129
0.207167 0.978434 0.0161941
0.612299 0.791966 0.000787293
0.120417 2.5905e-29 0.992723
0.341241 0.944633 0.000150242
0.495802 1.98672e-29 0.868436
0.952857 2.61258e-29 0.303421
0.626167 2.33055e-29 0.779689
4.95755e-05 0.999944 0.0192563
0.837306 0.547935 0.000197027
0.746074 0.666888 0.000201594
0.846423 2.59101e-29 0.532512
0.688167 2.35241e-29 0.725553
0.610515 1.98672e-29 0.792005
0.899975 2.5905e-29 0.435942
0.977241 2.51371e-29 0.21213
0.489003 0.872602 0.00985442
0.423197 0.905956 0.026586
0.762305 1.98672e-29 0.647218
0.718218 2.5905e-29 0.695818
0.534076 0.845674 0.00474647
0.853224 0.52189 0.00300752
0.920551 0.390998 0.000701312
0.663714 0.748597 0.00410421
0.733197 2.35241e-29 0.680016
0.940114 2.59101e-29 0.34086
0.913389 1.98672e-29 0.407088
0.685024 0.728659 0.00916225
0.776736 2.5905e-29 0.629826
0.424564 2.74881e-29 0.905398
0.555516 0.831763 0.0201987
0.373236 0.927689 0.0250145
0.437761 0.899335 0.0245367
0.18389 2.59101e-29 0.982947
0.805095 2.59101e-29 0.593146
0.406031 2.33055e-29 0.91386
