0.993225 1.99334e-29 0.116205
0.246223 2.24799e-29 0.969213
0.472759 1.5266e-29 0.881192
0.898212 2.18967e-29 0.439562
0.941671 1.5266e-29 0.336535
0.507704 3.0965e-17 0.861531
0.728822 2.33565e-29 0.684704
0.263346 1.60615e-17 0.964702
0.946549 5.77304e-17 0.322559
0.976654 2.2457e-29 0.214818
0.551828 1.5266e-29 0.833958
0.736892 2.90813e-17 0.676011
0.812475 2.24799e-29 0.582996
0.96464 5.88337e-17 0.26357
0.190438 1.5266e-29 0.981699
0.147819 1.5266e-29 0.989014
0.410452 2.24799e-29 0.911882
0.955852 7.1611e-30 0.29385
0.228438 2.29449e-29 0.973558
0.632379 2.24799e-29 0.774659
0.209869 1.28e-17 0.977729
0.678069 4.13557e-17 0.734998
0.311513 1.5266e-29 0.950242
0.775728 2.24799e-29 0.631068
0.760479 1.5266e-29 0.649363
0.936691 5.71291e-17 0.350156
0.90979 1.99334e-29 0.415069
0.90408 1.5266e-29 0.427363
0.423383 2.58223e-17 0.905951
0.826622 1.5266e-29 0.562758
0.752721 1.5266e-29 0.658339
0.562443 3.43036e-17 0.826836
0.995861 2.24799e-29 0.0908909
0.783232 7.1611e-30 0.62173
0.369978 1.5266e-29 0.929041
0.833563 2.24799e-29 0.552425
0.926314 1.5266e-29 0.376751
0.768149 4.68497e-17 0.640271
0.541031 3.29977e-17 0.841003
0.980356 1.5266e-29 0.197236
0.383765 2.24799e-29 0.923431
0.436062 1.5266e-29 0.899917
0.998157 7.1611e-30 0.0606837
0.879882 1.5266e-29 0.475192
0.484589 7.1611e-30 0.874742
0.641769 2.1992e-29 0.766898
0.169847 1.77339e-29 0.98547
0.951267 1.5266e-29 0.308369
0.703987 2.24799e-29 0.710213
0.886094 5.40432e-17 0.463506
0.651057 3.97082e-17 0.759029
0.572901 2.24799e-29 0.819625
0.355883 1.40449e-17 0.934531
0.460736 1.5266e-29 0.887537
0.968786 2.24799e-29 0.2479
0.867127 5.28864e-17 0.498087
0.622855 2.12144e-29 0.782337
0.593348 2.33565e-29 0.804946
0.326658 2.49224e-29 0.945143
0.68682 2.24799e-29 0.726827
0.695458 4.24162e-17 0.718567
0.448509 1.5266e-29 0.893778
0.931552 1.5266e-29 0.363607
0.983874 3.88285e-17 0.178863
0.860584 5.24873e-17 0.509309
0.123817 1.5266e-29 0.992305
0.972794 2.24799e-29 0.23167
0.960309 2.18967e-29 0.27894
1 2.49224e-29 1.6682e-21
0.79802 2.24799e-29 0.602631
0.790663 3.12034e-17 0.612252
0.819593 2.24799e-29 0.572947
0.840449 2.24799e-29 0.54189
0.603332 3.56356e-14 0.79749
0.892208 2.24799e-29 0.451624
0.295926 1.5266e-29 0.955211
0.660198 2.24799e-29 0.751092
0.496235 1.95838e-17 0.868188
0.279897 2.24799e-29 0.96003
0.613169 2.33565e-29 0.789952
0.583199 2.33565e-29 0.812329
0.873553 1.5266e-29 0.486729
0.0969235 2.24799e-29 0.995292
0.744869 2.24799e-29 0.667211
0.341434 2.2457e-29 0.939906
0.987209 7.1611e-30 0.159433
0.853962 5.20834e-17 0.520336
0.519001 1.5266e-29 0.854774
0.720658 4.39532e-17 0.69329
0.847252 2.24799e-29 0.531191
6.1233e-17 2.67517e-29 1
0.915426 2.24799e-29 0.402487
0.990334 6.04008e-17 0.138706
0.920934 1.5266e-29 0.389718
0.669179 4.08134e-17 0.743101
0.530104 2.18967e-29 0.847933
0.0645916 2.18967e-29 0.997912
0.805292 2.24799e-29 0.592878
0.397246 2.24799e-29 0.917712
0.712396 2.24799e-29 0.701778
