0.597438 1.9614e-29 0.801915
0.890818 2.56417e-29 0.454361
0.852532 2.68768e-29 0.522675
0.789008 1.9614e-29 0.614383
0.978541 8.64777e-19 0.206054
0.304314 1.9614e-29 0.952572
0.289312 2.21115e-29 0.957235
0.482281 2.60342e-29 0.876016
0.318906 1.9614e-29 0.947786
0.76597 1.83264e-29 0.642876
0.587532 1.9614e-29 0.809201
0.447856 3.95789e-19 0.894106
0.803844 2.54356e-29 0.594841
0.72533 1.9614e-29 0.688401
0.811091 1.9614e-29 0.584921
0.424016 1.9614e-29 0.905655
0.758062 6.6993e-19 0.652183
0.690751 1.9614e-29 0.723092
0.781421 1.9614e-29 0.624004
0.716863 1.9614e-29 0.697214
0.373687 1.9614e-29 0.927555
0.995474 2.54356e-29 0.0950348
0.187011 2.79752e-29 0.982358
0.741923 1.9614e-29 0.670485
0.616894 5.45174e-19 0.787047
0.98601 2.79752e-29 0.166689
0.839084 1.9614e-29 0.544002
0.224018 1.9614e-29 0.974585
0.64528 2.68768e-29 0.763946
0.577546 1.9614e-29 0.816358
0.941853 2.68768e-29 0.336026
0.989432 2.80235e-29 0.144995
0.386632 2.69146e-29 0.922234
0.878407 7.76285e-19 0.477913
0.733686 1.9614e-29 0.679489
0.50438 4.45742e-19 0.863482
0.95192 1.9614e-29 0.306347
0.459514 2.68768e-29 0.888171
0.121858 2.79752e-29 0.992548
0.515209 2.60342e-29 0.857065
6.12327e-17 2.08436e-29 1
0.399317 1.9614e-29 0.916813
0.546885 1.9614e-29 0.837208
0.896886 2.60342e-29 0.442262
0.970302 1.9614e-29 0.241896
0.699567 6.18237e-19 0.714567
0.626466 1.9614e-29 0.779449
0.672851 1.9614e-29 0.739778
0.992601 2.68768e-29 0.121425
0.24122 2.79752e-29 0.970471
0.859124 1.9614e-29 0.511768
0.536492 2.60342e-29 0.843905
0.205991 2.68768e-29 0.978554
0.796488 7.0389e-19 0.604654
1 2.80235e-29 3.79768e-22
0.87206 1.9614e-29 0.489399
0.635924 2.68768e-29 0.771752
0.865648 1.9614e-29 0.500653
0.946964 2.56417e-29 0.321338
0.750043 1.9614e-29 0.66139
0.92021 1.9614e-29 0.391425
0.34695 1.9614e-29 0.937884
0.845851 7.47514e-19 0.533419
0.708272 2.40707e-29 0.705939
0.925794 2.56417e-29 0.378029
0.654567 1.9614e-29 0.756004
0.884652 2.68768e-29 0.466251
0.360467 1.9614e-29 0.932772
0.99799 2.68768e-29 0.0633655
0.908744 1.9614e-29 0.417354
0.470987 4.16231e-19 0.88214
0.931255 1.9614e-29 0.364369
0.982382 8.68172e-19 0.186884
0.90286 1.9614e-29 0.429935
0.25783 1.9614e-29 0.96619
0.557204 1.9614e-29 0.830375
0.27383 7.12053e-18 0.961778
0.773757 6.83801e-19 0.633483
0.14535 2.79752e-29 0.98938
0.956736 8.45507e-19 0.290957
0.493406 4.36044e-19 0.869799
0.974508 8.61213e-19 0.224355
0.832227 1.9614e-29 0.554435
0.3331 1.9614e-29 0.942892
0.436025 1.9614e-29 0.899935
0.914527 2.68768e-29 0.404524
0.825278 1.9614e-29 0.564726
0.0636488 1.9614e-29 0.997972
0.411774 2.74754e-29 0.911286
0.818234 1.9614e-29 0.574886
0.567417 5.0145e-19 0.823431
0.681871 1.9614e-29 0.731472
0.961421 1.9614e-29 0.275082
0.0954308 2.60342e-29 0.995436
0.607224 2.65589e-29 0.794531
0.936612 1.9614e-29 0.350367
0.663762 1.9614e-29 0.747944
0.166908 2.60342e-29 0.985973
0.965938 1.9614e-29 0.258774
0.525913 1.9614e-29 0.850538
