0.0166637 0.710385 0.275623
0.922294 0.00986262 0.0714032
0.646517 0.0119197 0.347019
0.969295 1.75255e-05 0.0319089
2.82328e-05 0.421349 0.579318
0.0193429 0.966926 0.0172962
0.135721 0.00756213 0.858549
0.0074376 0.817296 0.176618
0.884575 0.00999924 0.108459
0.683519 0.0102771 0.311228
0.752735 0.00881066 0.240767
0.767183 0.0126711 0.225998
0.0217014 0.950676 0.0339389
0.00959665 0.536663 0.4555
0.370259 0.000222996 0.63035
0.17504 0.0117363 0.817851
3.72646e-05 1.00009 5.34243e-06
0.0241754 0.89545 0.0926014
0.800221 0.00702888 0.194692
0.018272 0.799781 0.189398
0.0107512 0.475974 0.515979
0.0164064 0.286315 0.699637
0.000140185 0.222299 0.778449
0.0139934 0.238306 0.750363
0.0138103 0.661836 0.325397
0.000352284 0.520686 0.479519
0.0168378 0.923666 0.0621074
0.513392 5.31794e-05 0.48685
0.00735503 0.609571 0.384238
0.450243 0.00646624 0.547557
0.020788 0.72504 0.260337
0.626048 0.00885602 0.367772
4.70779e-05 0.000608851 1.00194
0.0162575 0.843182 0.14369
0.0153649 0.642962 0.345162
0.261142 0.0062529 0.735939
0.000252169 0.313461 0.687388
0.012608 0.556574 0.435562
0.0153328 0.909272 0.0779021
0.00397755 0.332238 0.664605
0.00223775 0.062092 0.936418
0.703031 0.0089546 0.291723
0.468215 0.00458132 0.529885
0.899393 0.000787867 0.100321
0.000165268 0.110016 0.890527
0.907813 0.0119857 0.0859687
0.234791 0.00380248 0.762702
0.00968719 0.593274 0.398849
0.855907 0.0158968 0.137185
0.605237 0.0115723 0.388554
0.0158649 0.739572 0.245786
0.388791 0.00810909 0.609019
0.841122 0.00963681 0.151941
0.0141723 0.828018 0.159427
0.825444 0.0132321 0.167837
0.00489633 0.190274 0.806743
0.0433526 9.73657e-05 0.959013
0.00931882 0.435813 0.557377
0.952838 0.0124702 0.0413766
0.817809 7.49119e-05 0.182788
0.0165912 0.858147 0.129002
1.15675e-05 0.711248 0.29126
0.017283 0.626189 0.363115
0.72258 0.0052198 0.275094
0.0201842 0.937307 0.0478319
0.586379 0.0069216 0.408809
0.0129853 0.783916 0.205761
0.410943 0.00386915 0.58707
0.937905 0.00639792 0.0566948
0.981281 0.00983337 0.0142494
0.0195681 0.75349 0.232026
0.490598 0.00451652 0.508198
0.567482 0.00342576 0.430384
0.0148485 0.263146 0.723285
0.211649 1.71226e-05 0.7904
0.0132041 0.456324 0.536923
0.292321 0.00204748 0.706315
0.783993 0.0103583 0.209706
0.0117853 0.877732 0.113249
0.000241689 0.892209 0.10815
0.0147416 0.149813 0.840165
0.738553 0.0025266 0.260123
0.668179 0.000316139 0.332249
0.0996619 0.000191826 0.900792
0.00719927 0.378077 0.61684
0.549571 0.00432562 0.448413
0.344149 0.00658846 0.650961
0.0186569 0.679495 0.30721
0.530805 0.00191849 0.467731
0.0137422 0.400792 0.591919
0.869544 0.0124621 0.123815
0.317089 0.00464876 0.679771
0.00540415 0.576023 0.419199
0.0137284 0.496481 0.49499
0.431045 0.000814928 0.569025
0.0154624 0.768084 0.218645
0.00396791 0.356191 0.641689
0.0171821 0.69441 0.291845
0.0208568 0.982431 0.00193888
1.0001 9.40334e-05 4.60364e-06
