0.562807 0.120317 0.317983
0.773306 0.167001 0.0661484
0.000403301 0.263525 0.737336
0.00733538 0.753842 0.24188
0.0134836 0.60548 0.392061
0.00669692 0.436261 0.562088
0.714375 0.152033 0.137064
0.756813 0.167495 0.0845109
0.518754 0.110893 0.371261
0.000292679 0.584458 0.415575
0.648784 0.139466 0.213952
0.0106029 0.789562 0.205847
0.287843 0.0659316 0.648438
0.791847 0.123513 0.088436
0.803631 0.171159 0.0289569
0.000230922 0.986099 0.0145373
0.74066 0.159764 0.103985
0.0068881 0.235057 0.76633
0.678445 0.00109254 0.32141
0.00150748 0.628572 0.371113
0.725681 0.160672 0.121028
0.00625046 0.670434 0.327514
0.418498 0.0849478 0.498167
0.584666 5.74859e-05 0.415607
0.00497686 0.288714 0.709887
0.00477174 0.38615 0.61125
0.500523 0.109435 0.394268
0.939885 0.0018023 0.0617143
0.00137865 0.120419 0.882395
0.0106159 0.542672 0.45441
0.587116 0.127986 0.287967
0.701362 0.146728 0.153103
0.460717 0.0983203 0.445041
0.788061 0.166619 0.0487794
0.00716436 0.648888 0.34889
0.00125527 0.999735 3.55771e-05
0.00373521 0.358998 0.639503
8.83118e-05 0.970321 0.0302612
0.00890822 0.838429 0.157017
0.000274321 0.313705 0.687563
0.0021693 0.773393 0.225413
0.399613 0.0810039 0.520311
1.83479e-05 0.691252 0.30983
0.684798 0.153958 0.170674
0.631731 0.134714 0.235287
0.334966 0.000651894 0.665022
0.00458054 0.49769 0.49903
0.315514 0.073964 0.615761
0.00788353 0.915526 0.0793456
0.376495 0.0853954 0.543366
0.722456 9.94754e-05 0.277864
0.818643 0.00194254 0.181867
0.00722735 0.806021 0.188278
0.260142 0.0533761 0.687456
0.439152 0.0907675 0.472154
0.0134063 0.82043 0.173852
0.635314 0.000817457 0.365211
0.0550199 0.0178014 0.927431
0.0102502 0.933574 0.0608016
0.00173105 0.195902 0.806466
0.820301 0.174913 0.0105131
0.000264845 0.722245 0.277781
0.197725 0.0516666 0.754019
0.00603367 0.458017 0.538751
0.00011041 0.477971 0.522455
0.97067 2.90968e-05 0.0302294
0.00536231 0.518866 0.477546
5.75832e-05 0.000298683 1.00084
0.263545 0.000205889 0.737577
0.00600245 0.880918 0.113835
0.523823 0.000723522 0.47805
0.0101945 0.410793 0.586587
0.539522 0.115689 0.346516
0.484352 0.0950276 0.421258
0.861325 0.000623736 0.139181
0.0954229 0.0319182 0.873872
0.0144946 0.95163 0.0428762
0.00655166 0.897592 0.0974702
0.666493 0.142639 0.19239
0.901846 0.000382266 0.0995117
0.00659012 0.865849 0.129231
0.692028 0.108207 0.206973
0.346907 0.0772026 0.578965
0.775667 0.000155198 0.225806
1.00079 0.000247856 2.83407e-05
0.00519196 0.705464 0.292992
0.151491 8.15458e-06 0.851847
0.000191853 0.162186 0.838924
0.396327 0.000366185 0.60735
0.838339 0.162899 0.000352475
0.555083 0.0752413 0.374424
0.861565 0.143513 5.91255e-05
0.00402537 0.852791 0.14383
0.161024 0.043053 0.796643
0.227154 0.0589014 0.717253
0.464766 0.000115322 0.53689
0.00843138 0.73758 0.259199
0.0153621 0.563716 0.434548
0.61321 0.131975 0.258171
0.000698738 0.336012 0.664057
