0.569208 0.131467 0.304631
0.357236 0.0248423 0.647634
0.155498 0.0525795 0.793061
0.0200497 0.00585983 0.97459
0.195944 0.0122465 0.823745
0.794245 0.188872 0.0227194
0.253093 0.0236139 0.737178
0.479367 0.160525 0.361306
0.616968 0.206549 0.179147
0.498992 0.0769609 0.432089
0.211244 0.071281 0.718586
0.745817 0.243428 0.0122144
0.4606 0.0677924 0.496056
0.321354 0.107685 0.57181
0.648333 0.102742 0.301983
0.466855 0.156022 0.378108
0.632559 0.146346 0.231145
0.502002 0.16736 0.331222
0.242267 0.0811156 0.677283
0.107625 0.0382732 0.856977
0.343472 0.114567 0.542433
0.413057 0.138485 0.449585
0.723331 0.240517 0.0402103
0.603768 0.203863 0.196281
0.0663541 0.0229532 0.91172
0.0290195 0.00968578 0.962386
0.456209 0.152512 0.392227
0.26177 0.0873958 0.651311
0.418374 0.0636468 0.529381
0.404545 0.0329376 0.601054
0.353539 0.118954 0.528901
0.118152 0.0400642 0.842726
0.484817 0.0743993 0.449389
0.199759 0.067537 0.733878
0.364537 0.122323 0.514286
0.756697 0.24437 1.62126e-05
0.332351 0.110854 0.557322
0.281468 0.0940237 0.624972
0.0755642 0.0255404 0.899468
0.656352 0.152111 0.200413
0.221214 0.074339 0.705365
0.665626 0.107516 0.290412
0.164349 0.00902026 0.843722
0.719058 0.169187 0.123961
0.301076 0.100697 0.598896
0.0473639 0.0159759 0.937405
0.553551 0.186119 0.262905
0.692627 0.24283 0.079666
0.400862 0.134041 0.465798
0.0116774 0.00203653 0.986883
0.208284 0.0187837 0.790556
0.519872 0.0453525 0.542696
0.527499 0.175865 0.297282
0.613194 0.0945586 0.333914
0.424659 0.141822 0.434257
0.515376 0.17319 0.313225
0.713276 0.236481 0.054533
0.150114 0.00581128 0.878557
0.667975 0.225775 0.110571
0.815917 0.194283 0.00134165
0.592246 0.20009 0.211941
0.56593 0.1909 0.246184
0.278893 0.0267149 0.700815
0.0575883 0.0194788 0.923716
0.232622 0.0784501 0.690211
0.3888 0.131109 0.48217
0.377377 0.0270463 0.628659
0.177475 0.0606998 0.76378
0.695936 0.162953 0.148799
0.0958007 0.0326759 0.872572
0.43548 0.145835 0.419533
0.251704 0.0839459 0.66463
0.629184 0.211954 0.16197
0.779195 0.184608 0.0432557
0.489711 0.163674 0.347414
0.0855848 0.0286342 0.886103
0.735669 0.239656 0.0256502
0.757353 0.178676 0.0725825
8.21454e-06 2.22024e-05 1.00084
0.18842 0.0651007 0.749147
0.143253 0.0494908 0.809459
0.679849 0.22806 0.0948015
0.0378409 0.0131047 0.950086
0.445358 0.148813 0.406494
0.311844 0.104351 0.584492
0.65482 0.222521 0.128035
0.375823 0.126888 0.499101
0.166819 0.0565081 0.777983
0.579682 0.196733 0.22861
0.271949 0.0911658 0.637744
0.129719 0.0436529 0.827366
0.673598 0.157178 0.173262
0.705318 0.272225 0.0665647
0.541071 0.180782 0.279649
0.562377 0.0852824 0.36961
0.472319 0.0357721 0.572377
0.527504 0.0811766 0.400332
0.291 0.0973547 0.612235
0.702577 0.120417 0.273136
0.64337 0.217441 0.143749
