0.00452304 0.948498 0.0481928
9.2271e-05 0.355054 0.645734
0.985335 0.00631255 0.00918949
0.0210174 0.237857 0.742482
0.580203 0.00582393 0.417233
0.350684 0.00340309 0.64688
0.0557777 0.825353 0.120464
0.0394432 0.562901 0.398895
0.730244 0.0103646 0.264266
0.677706 0.0116296 0.313699
0.422752 6.13072e-05 0.577754
0.0419784 0.699836 0.259531
0.00296885 0.0981671 0.900236
0.898755 0.00695216 0.0963963
0.462283 0.00546564 0.533641
0.0402262 0.664085 0.29664
4.18725e-05 0.139775 0.860822
0.0381999 0.624698 0.338267
0.515846 0.00345995 0.481922
0.129609 0.00191805 0.869345
0.789803 6.85266e-05 0.210317
0.694286 0.0103188 0.297226
0.801923 0.00777758 0.193695
0.0435048 0.458477 0.502268
0.0534344 0.781138 0.167976
0.0577779 0.840518 0.104097
0.0631359 0.898308 0.0414269
0.817828 0.00673224 0.177565
0.000525401 0.230339 0.770683
0.885989 0.000649053 0.113596
0.000146276 0.700104 0.300622
0.0375861 0.415419 0.549589
0.867913 0.0127409 0.125649
0.0559 0.765903 0.184642
0.749665 0.00985881 0.244513
0.932985 0.00901757 0.0617548
0.0623184 0.883758 0.0567561
0.442337 0.000659686 0.557778
0.966485 6.98613e-06 0.0351071
0.487803 0.0084274 0.506735
0.0356695 0.391807 0.575113
0.0526089 0.0035153 0.944928
0.851187 0.00913585 0.142107
0.403423 0.00477355 0.595579
0.0558656 0.810354 0.136561
0.00083484 0.000178622 1.00024
0.37892 0.00312359 0.619544
0.0378524 0.520938 0.44207
0.259351 0.000586408 0.741301
0.031434 0.311339 0.661582
0.97309 0.00690909 0.0215232
0.0641033 0.926203 0.0128892
0.638013 0.0150504 0.354897
0.0341468 0.503804 0.462939
0.769835 0.00966759 0.226069
2.17997e-05 0.789834 0.210317
0.0616179 0.911558 0.0281095
0.537044 0.000332767 0.463603
0.620939 0.000261679 0.379596
4.69359e-05 0.0268286 0.975717
0.032736 0.365087 0.604493
0.0426755 0.43944 0.523665
0.0332267 0.340676 0.631794
0.288969 0.00117231 0.711663
0.060407 0.869177 0.072512
0.0623538 0.93896 0.000487193
1.7153e-05 0.608246 0.392621
0.0196999 0.194941 0.786934
0.0416762 0.682788 0.277153
0.197252 0.000283687 0.804064
0.229241 0.0061772 0.768159
2.64463e-06 0.994584 0.00605907
0.05017 0.715122 0.238042
0.0483017 0.47947 0.482085
0.558622 0.00542597 0.438596
0.601081 0.00379369 0.39744
0.916554 0.00620761 0.0781434
4.02712e-05 0.439152 0.561275
0.00034808 0.879954 0.120316
0.162971 0.00337124 0.83626
0.0397477 0.643724 0.318221
0.834319 0.0121741 0.159061
0.0582305 0.7463 0.203997
0.659462 0.0151271 0.33302
0.71325 0.00622917 0.28183
0.949391 0.00983041 0.045343
0.0168235 0.167175 0.817577
0.0409971 0.54189 0.420623
0.999836 0.000511436 1.19196e-05
0.0256297 0.260501 0.715191
0.321879 0.00689337 0.675946
0.0959325 2.39987e-05 0.905247
0.0413019 0.581205 0.379781
0.00206906 0.998776 3.32842e-05
0.0368066 0.603934 0.360777
0.0546181 0.795367 0.152628
0.0515831 0.730706 0.220474
0.0616232 0.856525 0.0858546
0.00014887 0.521628 0.478675
0.0261859 0.288665 0.68717
