0.966002 8.04913e-06 0.034789
0.739837 0.00602369 0.257362
0.0161867 0.327596 0.658343
0.0132621 0.0583961 0.929436
0.591881 0.00361626 0.406712
0.0391501 0.928927 0.0352281
1.00006 0.000393505 9.83095e-06
0.279282 0.0126827 0.718901
0.668659 0.00630211 0.329231
0.0250123 0.97629 0.000229844
0.015917 0.301038 0.685157
0.508233 0.00194165 0.491552
0.0201061 0.404714 0.577235
0.0564513 0.22402 0.736963
0.0464345 0.802496 0.166672
5.29606e-06 0.52003 0.482053
0.808621 0.0195514 0.18411
0.0332017 0.763282 0.207261
0.0279094 0.557265 0.417837
0.0273387 0.638517 0.337626
0.0353454 0.818569 0.149962
1.13526e-05 0.167701 0.832462
0.0246943 0.493408 0.483733
0.933097 0.0098916 0.0621258
0.30517 0.00625128 0.692823
0.029215 0.781624 0.190208
0.0223903 0.426076 0.55543
0.000326259 0.859448 0.142279
0.226885 0.00313843 0.773055
0.649795 0.00144559 0.349567
0.720402 0.00811803 0.275984
0.873124 0.00664156 0.121667
0.855902 0.0153458 0.135908
0.416184 0.0063336 0.579356
0.0371175 0.89964 0.0658851
0.0329239 0.593305 0.381031
0.0347825 0.868183 0.0993208
0.0248973 0.537667 0.43858
0.0361854 0.850817 0.116282
0.457332 0.00886229 0.538583
8.99638e-05 0.376776 0.623394
0.193608 0.00444237 0.805513
0.885502 0.0200378 0.107163
5.39856e-05 0.937392 0.0636385
0.0220968 0.470944 0.508265
0.950888 0.00329837 0.0475715
0.841199 0.0121152 0.150854
0.613589 0.000147146 0.386689
0.329949 0.00159905 0.669126
0.632071 0.00472764 0.366227
0.528418 0.000104664 0.471881
0.000129373 0.613595 0.386682
0.0295873 0.574296 0.399302
0.0204826 0.447835 0.532572
0.0990801 0.00290893 0.904707
0.376831 3.49638e-05 0.623442
0.0279294 0.692452 0.282084
0.0308247 0.726249 0.246454
0.0263251 0.617357 0.360543
0.0233915 0.0998313 0.878015
0.0481538 0.959333 0.00885771
3.13439e-05 0.793815 0.207941
0.039441 0.883405 0.0821154
0.021952 0.349781 0.632914
0.547258 0.00765053 0.451862
0.000256844 6.44769e-05 1.00017
0.253205 0.000227994 0.746832
0.824765 0.0131735 0.16783
0.0294764 0.657881 0.317123
0.436254 0.00620938 0.559822
0.0386203 0.914203 0.0502704
0.0184902 0.381181 0.60212
0.0337138 0.836253 0.131242
0.0415028 0.943489 0.0212011
0.7039 0.00257516 0.294363
0.00140574 0.70528 0.294882
0.798193 0.000428284 0.20217
0.010649 0.271751 0.719095
7.55816e-05 1.00038 6.30888e-06
0.779369 0.00868769 0.217356
0.0241349 0.518617 0.458866
0.0443611 0.188519 0.770472
0.0317286 0.744789 0.226357
0.0380863 0.145706 0.820395
0.396587 0.00126136 0.603219
0.972715 0.00724979 0.0225603
0.167735 2.0787e-05 0.832473
0.568669 0.00328175 0.430556
0.0302963 0.708073 0.264906
0.028621 0.673156 0.301147
0.136332 0.000985294 0.864739
0.986083 0.00859585 0.00884387
0.901678 0.0104186 0.0907639
0.000507466 0.242001 0.758853
0.917868 0.0086632 0.0748431
0.684493 0.00660011 0.312254
0.481416 0.00794527 0.514577
0.00540197 0.0237366 0.972227
0.353265 0.00495892 0.645125
0.760139 0.006339 0.236716
