0.156751 0.775512 0.0792156
0.09819 0.290955 0.612621
0.0528861 0.153909 0.79534
0.0363669 0.10753 0.856858
0.191464 0.670379 0.141313
0.0703873 0.209442 0.721163
0.00124017 0.250923 0.760033
0.200501 0.628924 0.185336
0.188782 0.658623 0.155555
0.0791475 0.446218 0.479967
0.216759 0.753909 0.0342962
0.0149109 0.387819 0.61318
0.0347058 0.711778 0.293671
0.0353367 0.651627 0.343138
0.000136295 0.170054 0.841448
0.0475473 0.948181 0.0322464
0.144399 0.406629 0.467467
0.165765 0.529656 0.311868
0.018246 0.0521329 0.930737
0.0827268 0.242229 0.677526
0.0269017 0.512294 0.467838
0.0100486 0.0295076 0.96109
0.190858 0.615583 0.201509
0.18402 0.602248 0.218373
0.194827 0.681287 0.127045
0.0421359 0.92621 0.0650516
0.00474784 0.518528 0.661558
1.11066e-05 7.94826e-05 1.00028
0.207708 0.796319 7.44836e-05
0.146325 0.47967 0.376341
0.153165 0.492641 0.359864
0.156539 0.505488 0.342779
0.0780537 0.23229 0.690644
0.140338 0.443058 0.421142
0.0210359 0.471007 0.530392
0.148725 0.467978 0.388927
0.219143 0.768006 0.0152691
0.0492434 0.143305 0.8094
0.0138698 0.0403879 0.946488
0.179915 0.589107 0.235225
0.197514 0.69408 0.11147
0.085191 0.254126 0.66168
0.172705 0.565139 0.265301
0.0451464 0.132416 0.824025
0.0275446 0.0824464 0.890521
0.0273156 0.570077 0.425606
0.0656093 0.185132 0.754547
0.0441951 0.816262 0.151472
0.162482 0.542507 0.296596
0.129663 0.619491 0.260633
0.201817 0.63431 0.180595
0.0679377 0.198894 0.735398
0.0122439 0.31535 0.679767
0.00222419 0.507271 0.684279
0.120099 0.339128 0.554068
0.211683 0.741503 0.0499706
0.0522336 1.01943 0.0102472
0.131772 0.418009 0.453389
0.0960795 0.278891 0.629127
0.0586245 0.174759 0.767737
0.142315 0.702514 0.160782
0.112939 0.327685 0.56587
0.203494 0.719939 0.0799706
0.13644 0.429413 0.438581
0.105241 0.567284 0.330277
0.15864 0.517623 0.326466
0.107537 0.315122 0.58066
0.0388271 0.776832 0.189224
0.00287274 0.0086331 0.988807
0.101609 0.302932 0.596753
0.0895261 0.266088 0.646317
0.0327533 0.0951536 0.87367
0.11836 0.370871 0.513109
0.166473 0.55417 0.281779
0.127878 0.381648 0.498507
0.041442 0.882171 0.0986683
0.0167267 0.411937 0.594756
0.212477 0.730016 0.065105
0.112316 0.349118 0.541446
0.000556774 0.213847 0.79892
0.11571 0.358933 0.528263
0.0303691 0.604447 0.387275
0.0416892 0.120115 0.840249
0.226816 0.779636 0.000641362
0.141944 0.456206 0.405092
0.0928035 0.520731 0.390625
0.0384345 0.860491 0.122891
0.0608621 0.975829 0.00643579
0.0559458 0.164507 0.780981
0.178414 0.576793 0.250287
0.0250695 0.0733106 0.902645
0.0480921 0.729335 0.241349
0.215187 0.706273 0.0955231
0.0354372 0.804977 0.207018
0.0740062 0.220817 0.706243
0.0212804 0.0631543 0.916018
0.181413 0.645565 0.173403
0.00694999 0.0200029 0.973664
0.175548 0.832507 0.00473479
0.125738 0.39411 0.483315
