0.618982 0.00132153 0.381261
0.738445 0.246595 0.0157493
0.510119 0.171951 0.320523
0.187376 0.0627396 0.750585
0.613395 0.204655 0.183149
0.629698 0.209326 0.161533
0.338809 0.113187 0.549194
0.486879 9.21996e-05 0.513554
0.655496 0.218728 0.126777
0.228865 6.83299e-05 0.77176
0.712725 0.237876 0.0499491
0.00725904 0.791673 0.20496
0.00955082 0.968822 0.0263342
0.129377 0.0432776 0.827974
0.356349 0.119356 0.525569
0.158922 0.0536073 0.789186
0.0100265 0.947977 0.0479627
0.303162 0.000279022 0.698138
0.00134268 0.302594 0.697646
0.643519 0.21454 0.14265
0.378269 0.127022 0.496352
0.263066 0.0885454 0.649702
0.784498 0.000323818 0.216921
0.00742482 0.90387 0.0929665
0.53177 0.000779056 0.469406
0.811329 0.00488567 0.187481
0.000971314 0.590862 0.409066
0.839028 0.00124195 0.160486
1.0001 0.000264816 2.37002e-06
0.008602 0.924111 0.072139
0.00640923 0.809803 0.187294
0.489728 0.163918 0.347326
0.00402709 0.117534 0.890587
0.0109883 0.546171 0.447716
0.0070584 0.77157 0.224691
0.239358 0.0803121 0.681301
0.724893 0.000114887 0.275312
0.0100779 0.865765 0.131778
0.683781 0.228076 0.0885236
0.928438 0.000746988 0.0720614
0.000180096 0.829739 0.17051
0.00498118 0.427848 0.570738
0.00767047 0.370469 0.62738
0.000130015 0.485326 0.515292
0.895167 0.00315652 0.103281
0.00162164 0.33749 0.662921
0.21596 0.073013 0.71292
0.023147 0.00630995 0.9723
0.00744479 0.504583 0.490815
0.469679 0.156608 0.374067
0.955348 0.000532458 0.045074
0.000104828 1.00026 2.17215e-06
0.444599 0.00333542 0.553927
0.302579 0.100843 0.597282
0.319993 0.107503 0.573971
0.0125247 0.646381 0.349705
0.00254215 0.219444 0.779791
0.0516791 0.018058 0.931425
0.660406 0.000609298 0.340467
0.574185 9.83316e-05 0.427367
8.32086e-05 2.27417e-06 1.00064
0.405752 0.000179168 0.595186
0.69438 0.00452335 0.304624
0.400946 0.133984 0.466076
0.00450656 0.628663 0.368643
0.750661 0.250821 2.59803e-05
0.000381888 0.456261 0.544265
0.00828247 0.845246 0.152122
0.00111057 0.145646 0.85535
0.00580435 0.255773 0.743473
0.00152612 0.88512 0.114634
0.869207 3.49984e-05 0.131273
0.573692 0.191397 0.235471
0.15445 0.000319293 0.846991
0.758125 0.00899081 0.239062
0.358488 0.00489844 0.639455
0.553162 0.184998 0.263449
0.00692147 0.525187 0.469335
0.698549 0.233569 0.0692252
0.0822321 0.0279541 0.890697
0.00894737 0.686566 0.307491
0.45149 0.151022 0.398986
0.0108477 0.754974 0.239678
0.00615389 0.606926 0.389787
0.418385 0.140175 0.44318
0.00402653 0.668365 0.329576
0.00796859 0.737123 0.258691
0.00585688 0.570612 0.426953
0.283329 0.0962059 0.623283
0.593412 0.197712 0.209598
0.00266392 0.399726 0.599183
7.78741e-05 0.724962 0.275295
0.530107 0.178346 0.293957
0.00911414 0.706168 0.287582
0.727297 0.24271 0.0314416
0.983643 1.19625e-05 0.0175916
1.29056e-05 0.989141 0.0116981
0.000169528 0.184212 0.818228
0.434375 0.144997 0.42114
0.670247 0.223775 0.107344
