0.710155 0.0625887 0.252779
0.725263 0.175427 0.10035
0.634085 0.00554594 0.461665
0.670208 0.175029 0.16766
0.0230915 0.00864308 0.969572
0.487944 0.13815 0.389063
0.77219 0.195084 0.0415528
0.146079 0.0488435 0.805802
0.52122 0.140111 0.348902
0.249596 6.4838e-05 0.753914
0.719254 0.0198963 0.43751
0.319428 0.085725 0.596129
0.801875 0.0699546 0.141919
0.249802 0.0754937 0.678664
0.45726 0.116702 0.42877
0.76027 0.189937 0.0554385
0.799742 0.141385 0.0650308
0.0583025 0.0196605 0.92249
0.506664 0.000836273 0.551149
0.422528 0.10748 0.472779
0.236763 0.0717549 0.695091
0.930235 0.0820456 0.0127925
0.270372 0.0827809 0.654215
0.941187 0.0869659 0.00298891
0.684517 0.174844 0.150196
0.59055 0.0476622 0.368362
0.61192 0.0506466 0.345666
0.284408 0.0869112 0.63843
0.772523 0.0681778 0.169666
0.433201 0.0334905 0.543206
0.600186 0.161416 0.251643
0.675907 0.0576038 0.27763
0.662791 0.0557878 0.289582
0.0116514 0.00432756 0.984867
0.750308 0.132712 0.127823
0.21469 0.0639065 0.72394
0.57985 0.147473 0.277111
0.226254 0.0682847 0.708558
0.136447 0.0458122 0.818716
0.545848 0.13825 0.318858
0.659371 0.167702 0.180733
0.568177 0.150265 0.290453
0.0913714 0.0316549 0.878905
0.786688 0.196523 0.0233465
0.168103 0.060535 0.778032
0.738709 0.180599 0.0836932
0.308753 0.0825379 0.610001
0.178889 0.0649436 0.766268
0.705738 0.0117179 0.443051
0.39516 0.107316 0.502202
0.476944 0.135929 0.402589
0.203951 0.0645677 0.737073
0.432302 0.110131 0.45928
0.0357283 0.011888 0.952771
0.0693652 0.0238026 0.90784
0.295666 0.0908098 0.624645
0.711755 0.172397 0.117146
0.597643 0.00270897 0.48258
0.800496 0.217701 0.00846051
0.557783 0.142745 0.304077
0.33082 0.0898445 0.582084
0.367398 0.0963392 0.53884
0.510649 0.127902 0.363327
0.467652 0.121351 0.414574
0.555544 0.0517927 0.403673
0.846446 0.161463 0.000879679
0.261259 0.0795351 0.664163
0.534595 0.133785 0.333341
0.102901 0.0354397 0.863482
0.623052 0.0399516 0.380751
0.156951 0.000436365 0.849802
0.385187 0.103302 0.515323
0.355934 0.107459 0.552023
0.624241 0.1545 0.223864
0.444759 0.115612 0.443528
0.698162 0.169129 0.133908
0.64962 0.159971 0.19339
0.8169 0.190128 6.14661e-05
0.612783 0.152074 0.238045
0.34265 0.096194 0.567433
0.0802265 0.0268359 0.893267
0.408074 0.111613 0.487147
0.124767 0.0416464 0.833991
0.114295 0.0387709 0.84805
0.0472052 0.016007 0.937605
7.30157e-05 5.07769e-06 1.00023
0.376253 0.0994458 0.526695
0.463439 0.0533523 0.487692
0.637738 0.158259 0.208006
0.852425 0.0741182 0.0891658
0.577734 0.00218879 0.50915
0.386394 0.00429439 0.633382
0.589581 0.154703 0.264075
0.748393 0.188926 0.0700518
0.497625 0.144239 0.376496
0.897556 0.0769119 0.0392809
0.627838 0.115161 0.26431
0.191773 0.0608467 0.752549
0.300341 0.00227518 0.703915
0.156925 0.0542528 0.791854
