0.434812 0.715332 1.5461
1.1251 0.0777171 1.62347
1.07164 0.115422 1.36938
0.688607 0.312562 1.71699
0.263723 0.133025 3.68567
0.662597 0.489031 1.28865
0.165064 0.250537 3.71576
0.233927 1.12418 1.80186
0.069826 0.605724 3.90443
0.268059 1.92789 0.488802
0.120191 0.0716462 4.93939
0.858008 0.721844 0.201832
0.154844 2.83938 0.0726908
0.605425 1.11439 0.261668
0.102751 1.04892 2.57656
0.157109 0.87829 2.48834
0.189265 2.31093 0.406916
0.761109 0.201996 2.00486
1.15314 0.509928 0.069608
0.511173 1.19648 0.580062
0.205598 1.32412 1.53732
0.503412 1.56692 0.069652
0.230465 0.0963669 4.09822
1.23186 0.341864 0.14751
1.34857 0.0696068 1.30621
0.100284 0.351355 3.92872
0.43292 0.283339 2.49658
0.460265 1.41888 0.303103
0.199444 0.648129 2.60158
0.339613 1.96909 0.0778154
0.808093 0.639208 0.72855
0.0696025 3.35216 0.844109
0.0696025 3.91605 0.0835992
1.52033 0.108827 0.585873
1.37411 0.158778 0.657845
0.283964 0.912133 2.00349
0.611569 0.083659 2.81732
0.364076 0.779725 1.80641
0.974921 0.634702 0.0972436
0.794206 0.0703293 2.5016
0.9113 0.557456 0.519845
0.702962 1.05055 0.0904538
0.178776 1.56515 1.33331
0.121861 1.6743 1.65772
0.148519 1.41229 1.94295
0.297616 1.6728 0.869825
0.553843 0.51173 1.56568
1.04192 0.481089 0.250963
0.522449 0.658972 1.3274
0.834013 0.241142 1.4305
0.0696025 3.61498 0.359491
0.223243 2.49761 0.0699218
0.0729771 0.160852 4.91475
1.40121 0.26407 0.0771482
0.069826 2.6121 1.31828
0.324159 0.358666 2.67445
1.30548 0.228295 0.407331
0.360853 0.232438 3.04778
1.97865 0.0697495 0.0822251
0.586721 0.387032 1.91692
0.752164 0.832669 0.319278
0.74956 0.358912 1.32194
0.978761 0.191402 1.28769
0.558525 1.30396 0.11733
0.129033 1.89545 1.28933
0.372891 1.53362 0.613605
0.277511 1.24707 1.29649
0.468217 0.161539 2.81654
1.70624 0.0794699 0.372423
0.069826 2.2849 1.80362
0.423413 1.31188 0.856399
0.211308 2.05369 0.758758
0.415256 0.903143 1.29026
0.141201 0.186899 4.24187
0.243006 0.428206 2.98576
0.069826 1.56617 2.4967
0.322945 1.01064 1.43093
1.52938 0.158798 0.140908
0.0936666 0.535293 3.70259
0.651902 0.929697 0.543653
0.12243 0.791801 2.94927
0.16771 0.569462 3.16143
0.326945 1.79129 0.325151
0.820741 0.906055 0.0713351
0.460337 0.560957 1.94432
0.405994 1.66262 0.141334
0.148464 2.63153 0.257004
1.10073 0.372426 0.465555
0.282582 0.527657 2.49125
0.57327 0.138289 2.53136
0.914296 0.135869 1.77439
0.069826 1.2582 3.02463
0.69975 0.760131 0.866794
1.16654 0.27111 0.744009
0.55928 1.01375 0.842574
0.375167 0.069863 3.73488
0.252401 2.17307 0.157798
0.142338 2.43198 0.745744
1.75845 0.112196 0.0699247
0.968772 0.427383 0.829438
