1.92708 0.125857
1.80817 0.341207
1.04339 1.56677
1.12329 1.37921
1.8388 0.271263
1.19426 1.17891
1.13766 1.33908
1.0777 1.49591
1.70396 0.603786
1.63708 0.745016
0.805164 1.69832
1.28758 0.968137
0.830577 1.68042
0.429334 2.47114
0.588184 2.30023
0.152212 3.27294
0.667357 2.02816
0.514316 2.44813
1.73428 0.528373
0.641875 2.11975
1.6883 0.640605
1.00128 1.62776
0.680197 1.98326
1.59623 0.805808
2.0085 0.0747295
0.0794915 3.93833
0.78442 1.72217
0.537932 2.41733
1.32689 0.915544
1.15186 1.29867
1.57141 0.832006
0.693248 1.93941
1.6177 0.776572
1.18004 1.21845
1.10856 1.41904
1.27027 0.998712
0.247866 3.08913
0.236071 3.14388
1.37951 0.87916
2.06121 0.0699188
1.09344 1.458
0.290747 2.85395
1.30625 0.940239
0.615923 2.21133
1.25394 1.03155
1.94946 0.104448
1.22331 1.10255
1.74906 0.490476
1.35055 0.894805
0.0699049 4.0699
0.706538 1.89724
0.76628 1.75076
0.749869 1.78314
0.120886 3.3686
1.71928 0.566226
0.734677 1.81861
0.133562 3.30598
0.972648 1.65241
0.258962 3.03169
1.85467 0.238381
1.02377 1.59892
0.323807 2.68482
1.82329 0.305735
1.23835 1.06626
0.629 2.16579
1.90701 0.150445
0.348862 2.58737
0.363228 2.54603
0.573139 2.34213
0.335885 2.63393
0.379745 2.51133
1.77851 0.414804
0.654633 2.07372
0.556644 2.38162
1.53968 0.854228
1.97547 0.0870122
1.16596 1.25839
1.65511 0.711481
0.30142 2.79564
0.400091 2.48523
1.67207 0.676621
0.602335 2.25649
0.866937 1.67074
0.102058 3.55736
0.280232 2.91313
0.269669 2.97278
1.4208 0.870647
1.8885 0.177702
0.720293 1.85683
1.20864 1.1402
0.222939 3.19457
0.0942039 3.6752
0.110763 3.45393
1.79326 0.377666
1.06113 1.5323
0.206774 3.23903
1.76382 0.452437
0.312408 2.73889
1.87119 0.207052
0.086823 3.80373
