0.867495 1.67021
1.95348 0.100465
1.76352 0.451612
1.7221 0.557618
0.594205 2.28029
0.690273 1.94731
0.346503 2.59422
1.69345 0.627221
1.73609 0.522192
1.12213 1.38074
0.533085 2.42383
0.666606 2.02882
0.755858 1.76927
0.263402 3.00614
1.83304 0.282385
1.97852 0.0847938
1.62976 0.756323
1.13503 1.34481
0.239019 3.12971
1.09538 1.45157
1.31495 0.928076
0.208002 3.23568
0.808443 1.69453
0.619318 2.19771
0.714883 1.87058
1.42258 0.870058
0.995091 1.63333
1.86275 0.221397
1.77721 0.41654
0.727851 1.8346
1.91284 0.141771
1.18557 1.20126
0.378023 2.51373
1.61114 0.785077
1.35641 0.890108
0.654928 2.07062
1.06683 1.51883
1.64691 0.72595
0.678361 1.98762
0.274819 2.94231
1.16036 1.27266
1.59056 0.811554
0.150628 3.27363
0.741434 1.80072
0.566606 2.35711
0.606947 2.23957
0.251582 3.06908
0.308818 2.75564
1.23785 1.06597
1.03475 1.58054
1.22439 1.09832
1.70794 0.592638
1.87855 0.192931
1.66312 0.69406
0.631341 2.15547
0.832716 1.67876
1.10895 1.4164
0.77145 1.74067
1.14779 1.3086
1.29748 0.951588
2.01036 0.0737707
0.361224 2.55037
2.06125 0.0694757
1.17296 1.23677
0.117193 3.39369
1.33423 0.907416
1.0514 1.55052
0.788664 1.71554
0.51032 2.45099
1.67856 0.661105
0.333144 2.64374
1.26616 1.00532
0.130751 3.3152
1.08138 1.48582
1.8048 0.347829
0.286068 2.87869
0.64317 2.11305
0.225103 3.18605
0.320668 2.69792
1.93203 0.119684
1.25172 1.03492
1.56672 0.835245
0.580867 2.31959
1.79093 0.38195
0.428022 2.47111
1.84767 0.251215
0.297362 2.81609
0.702396 1.90826
1.38363 0.877095
1.21124 1.13182
0.96801 1.65453
1.01635 1.60835
1.74987 0.486789
1.28134 0.977441
0.551004 2.3921
1.81879 0.314654
1.89514 0.166322
0.398614 2.48616
1.19835 1.16611
1.53629 0.855264
