0.64217 2.11793
1.13704 1.34019
1.09288 1.45882
0.811054 1.69285
0.395027 2.49016
0.277114 2.93062
1.15123 1.29984
0.732783 1.82281
0.869256 1.67037
1.7237 0.55459
1.77512 0.422856
1.93618 0.116073
0.425526 2.47186
1.34988 0.895005
0.300875 2.79839
1.74952 0.488693
1.04291 1.56716
1.69714 0.619502
1.63896 0.741243
1.65441 0.712387
1.68338 0.651247
1.12269 1.38025
0.74586 1.79146
0.759811 1.7623
1.10798 1.41999
2.01227 0.0737041
1.32631 0.915813
0.585764 2.30668
0.573222 2.34133
0.708421 1.89084
0.355889 2.56572
1.28704 0.968599
1.06064 1.53281
0.1165 3.401
0.208634 3.2349
0.652963 2.07898
0.7917 1.7124
1.53238 0.857484
0.834899 1.6782
1.85491 0.237416
0.527983 2.43184
0.774923 1.73578
1.62249 0.768792
0.685666 1.96391
1.2378 1.067
1.88451 0.183706
0.265308 2.9969
1.22273 1.10342
0.597692 2.27057
1.86936 0.209902
1.81403 0.326708
1.60468 0.794646
1.71054 0.587242
0.663763 2.0402
2.06186 0.0697514
1.90048 0.159158
1.91757 0.136498
0.31324 2.73462
1.0772 1.4965
0.150473 3.27408
0.609178 2.23337
0.559799 2.37409
1.56193 0.839618
1.3057 0.9406
0.674637 2.00179
0.24025 3.12522
1.73666 0.521713
1.80093 0.358185
1.9813 0.0838702
1.82734 0.295994
1.84093 0.266191
1.41949 0.870568
1.58492 0.818406
1.16533 1.25954
0.340383 2.61669
0.620352 2.19537
0.97265 1.65214
0.373505 2.52282
0.720354 1.85604
0.226034 3.1836
0.326398 2.67318
1.788 0.39025
0.253137 3.06228
1.02344 1.599
1.26973 0.999259
0.130289 3.31804
1.66918 0.682274
1.17945 1.21948
0.696902 1.92684
1.37867 0.879256
1.20804 1.14121
0.506065 2.45501
0.545021 2.40451
0.631319 2.15682
0.288863 2.8643
1.76236 0.455606
1.00106 1.62767
1.19367 1.17992
1.95698 0.0983345
1.25339 1.03222
