0.396269 2.48857
0.2544 3.05485
1.33224 0.909842
1.03784 1.57606
0.290606 2.85366
1.26275 1.01289
1.95109 0.102829
0.741467 1.80157
0.727842 1.83563
0.533147 2.42443
1.6326 0.752289
1.27822 0.983669
1.71259 0.582228
0.131266 3.31347
0.690165 1.94886
0.654758 2.07251
1.1274 1.3672
1.72714 0.545905
1.01903 1.60531
1.90942 0.146841
1.75573 0.472686
0.678254 1.98923
1.84255 0.262746
0.755906 1.77001
1.11383 1.40436
1.2065 1.14527
1.42227 0.870372
0.328137 2.6649
0.60696 2.24072
0.58089 2.32058
1.6825 0.653224
1.74153 0.509243
0.566679 2.35789
1.23379 1.07643
1.09999 1.44081
0.151099 3.27339
0.619245 2.1992
1.31251 0.931703
1.89127 0.172917
1.05482 1.54463
1.59282 0.809527
0.788794 1.71601
0.969856 1.65388
1.5377 0.854984
1.14073 1.32974
0.302663 2.78799
1.38264 0.877801
0.771528 1.74128
1.81277 0.329678
0.278693 2.92075
1.167 1.25478
1.85809 0.231169
1.56862 0.834141
1.61375 0.782001
0.551062 2.39282
0.666497 2.03047
1.87427 0.201112
0.426725 2.47143
0.510409 2.45143
1.24799 1.0439
1.3549 0.891538
1.69776 0.618022
1.22001 1.11027
1.18008 1.21769
1.82749 0.295647
0.643035 2.11481
1.9767 0.086123
0.868006 1.67047
0.117779 3.38963
0.26671 2.98822
0.241403 3.11916
0.374878 2.51972
0.0848323 3.83709
1.92912 0.123304
1.08562 1.47663
1.79836 0.364506
0.594234 2.28133
0.808684 1.69484
2.00923 0.0743593
0.0749092 4.01284
1.65016 0.720588
0.0943643 3.66974
1.2947 0.956461
0.34207 2.6099
0.227032 3.1793
0.833051 1.67901
2.06124 0.0697541
1.78407 0.400127
0.209494 3.23247
0.702345 1.90956
1.19318 1.18126
1.07065 1.51134
0.357384 2.56094
1.15394 1.2921
1.66671 0.687462
0.714843 1.87178
0.315103 2.72467
0.997413 1.63153
0.631236 2.15711
1.76989 0.436251
