0.688603 0.888229 0.471131
0.189901 1.57687 1.29033
0.0698795 0.0698795 6.06988
2.01625 0.0705261 0.0698283
0.306792 1.76115 0.559164
0.435829 0.216302 2.67146
0.0698795 1.57429 2.49275
0.469988 1.21862 0.801375
0.24817 0.0955545 3.96012
0.14002 0.824726 2.64729
0.323458 0.818791 1.98857
1.04276 0.365113 0.786242
1.72825 0.0959763 0.12074
0.237719 1.28649 1.39199
0.648417 0.302604 1.99695
0.295321 0.454697 2.55272
0.069741 3.50645 0.550125
0.208583 0.179516 3.7157
0.0865215 0.512019 3.70304
1.54283 0.196389 0.0707461
0.254658 0.372374 3.14208
0.463741 0.796305 1.29585
0.199181 2.19361 0.560161
0.429371 1.42335 0.491622
0.709875 0.356081 1.43286
0.830052 0.67678 0.459065
0.069741 2.6755 1.2878
0.158388 0.625332 3.05814
0.237477 1.90959 0.837222
0.514919 1.33689 0.205847
0.613871 1.23485 0.0839089
0.299078 2.18976 0.0698171
1.35432 0.239904 0.19038
0.36583 0.915852 1.41225
0.387659 0.352418 2.48717
0.412971 0.703762 1.72349
1.07705 0.104634 1.43079
0.794825 0.0701265 2.50818
0.0698795 1.29978 2.91606
1.29573 0.0735033 1.29299
0.108199 0.350434 3.8303
0.726057 0.731698 0.825217
0.597529 0.958863 0.784073
1.42541 0.14981 0.524643
0.831908 0.921923 0.0697473
0.981067 0.188848 1.28956
0.069741 2.18219 2.02191
0.986115 0.490586 0.442821
1.26381 0.204119 0.767154
0.630768 0.0857251 2.69932
0.348105 1.87626 0.108889
0.668654 1.04923 0.158013
0.350877 1.52726 0.81179
0.167944 1.42378 1.67072
1.57475 0.111023 0.352616
0.836494 0.275287 1.32426
0.780863 0.212035 1.83401
0.14075 0.213902 4.06292
0.560359 0.161544 2.49656
1.06549 0.571082 0.0730181
0.264955 2.03581 0.285076
0.648443 0.50849 1.28842
0.47095 0.534701 1.9826
0.069741 3.95372 0.0758539
1.26536 0.352129 0.0868046
0.482462 1.57843 0.0723982
0.578949 0.439775 1.71708
0.163927 2.79844 0.0712478
0.0698795 0.647359 3.80212
0.275807 1.02847 1.71056
0.155778 2.56202 0.293925
0.128447 0.0699889 4.93764
1.17652 0.069743 1.80046
0.876615 0.545296 0.7585
0.484077 0.124217 3.03969
0.936137 0.652384 0.136668
0.342291 0.269751 2.96381
0.130408 1.82597 1.32704
0.202682 0.721791 2.49201
1.79619 0.0698302 0.474396
0.525868 0.608991 1.4074
1.18107 0.299071 0.503731
0.204626 1.16778 1.96924
0.217585 2.36929 0.120165
0.069741 3.70629 0.232193
0.0730765 0.158652 4.92019
0.220371 0.534252 2.76456
0.105461 1.10219 2.50204
0.375877 0.0707278 3.7047
0.122656 1.60106 1.82447
0.782985 0.818382 0.232149
0.0983938 0.897154 3.01639
0.390937 1.64439 0.228808
0.91797 0.138915 1.7304
0.069741 2.41444 1.55082
1.11792 0.422859 0.198792
0.069741 3.29986 0.937193
0.149082 2.36774 0.794185
0.558065 1.12764 0.484798
0.318676 1.14482 1.28718
