0.227166 3.1775
0.970652 1.65295
1.02073 1.60225
0.427059 2.47103
0.649513 2.09016
1.97626 0.0859332
0.686315 1.96051
1.2423 1.05575
1.61316 0.782176
0.66171 2.04627
0.724973 1.84229
1.6819 0.653669
1.8907 0.173107
1.56809 0.834079
1.1315 1.35472
0.209498 3.23154
0.069464 4.06946
0.117213 3.39159
1.25748 1.02276
2.00885 0.0741058
0.106409 3.4964
1.1176 1.39314
1.18586 1.20047
1.1588 1.27714
0.315744 2.71994
2.06094 0.0694771
0.0801306 3.91835
0.291205 2.8485
1.05719 1.53905
1.38036 0.878238
0.254715 3.05147
0.303316 2.7828
1.07333 1.50444
1.81217 0.330173
0.61195 2.22288
1.84196 0.263137
0.637211 2.13449
1.76929 0.436803
0.57032 2.34782
1.17233 1.23854
1.63199 0.752569
1.74089 0.509891
0.831979 1.6791
1.64952 0.721003
1.3288 0.912691
0.624715 2.1789
0.59878 2.26599
0.150692 3.2732
0.711642 1.88008
1.35198 0.893047
1.95059 0.102731
0.130783 3.31399
0.585022 2.30775
1.14525 1.31584
0.512401 2.4491
0.998704 1.62962
1.19957 1.16279
0.0970085 3.62336
1.30859 0.936098
1.22768 1.09024
0.396643 2.48764
0.535702 2.41977
0.787076 1.71759
1.10334 1.43115
0.267114 2.98415
0.807221 1.6956
1.53712 0.854858
1.08866 1.46831
0.357897 2.55847
0.241643 3.11648
1.27342 0.991573
1.87366 0.201419
1.8575 0.231494
1.75513 0.473232
0.867367 1.67022
1.69712 0.618608
0.342643 2.60659
1.72655 0.546426
1.92858 0.123314
0.753578 1.77392
0.375325 2.51806
1.66612 0.687849
1.79773 0.365087
0.769509 1.74393
1.42084 0.870172
1.59229 0.809553
1.82687 0.296135
0.698891 1.91932
0.554204 2.38547
0.088457 3.76584
1.78348 0.400641
1.90885 0.146951
1.03984 1.57185
0.738886 1.80676
1.21348 1.12598
1.29033 0.962559
0.279189 2.9161
0.328768 2.66075
1.71197 0.582778
0.673955 2.00292
