0.214395 2.0786 0.661786
0.632712 0.89319 0.788042
0.435449 0.257022 2.53381
0.122017 1.66687 1.67259
1.07336 0.399957 0.4519
0.495035 0.152752 2.73054
0.235039 1.04541 2.0245
0.351273 1.83512 0.133811
0.254829 0.507879 2.60953
1.77886 0.0764531 0.222696
0.768713 0.0698653 2.54443
0.294768 2.14451 0.0742492
0.79622 0.946272 0.0710113
0.631256 0.444265 1.44147
0.271661 1.13728 1.46155
1.13709 0.288118 0.773416
0.189896 2.28155 0.460836
0.318984 1.71006 0.582897
0.882328 0.591526 0.523776
0.141692 0.816906 2.6464
0.441011 1.35188 0.60816
0.350702 0.409063 2.48568
2.03319 0.0695725 0.0697848
0.129347 1.89114 1.2903
0.687421 0.294198 1.82259
1.21004 0.345071 0.186369
0.30733 0.890473 1.87689
1.0644 0.08086 1.80506
0.201925 1.27162 1.69946
0.929508 0.223858 1.28837
0.451884 1.70931 0.06947
1.46797 0.177377 0.182613
0.311061 0.328841 2.88224
0.173247 1.55035 1.37514
0.946903 0.45723 0.794217
0.360847 1.4798 0.857429
1.01423 0.527487 0.201757
0.152604 2.60943 0.247278
0.335568 0.0694767 3.90407
0.831445 0.755002 0.21067
0.399992 1.5803 0.299275
0.271215 1.99452 0.31414
0.069464 2.28116 1.81041
0.949261 0.674701 0.0902595
1.14803 0.104861 1.29614
0.744136 0.37632 1.30423
0.583003 0.605727 1.28522
0.494064 1.14137 0.86618
0.588365 1.05806 0.508624
0.24121 1.38022 1.2884
0.0698578 0.0698578 6.06986
0.123485 0.0725881 4.90851
0.475177 0.693189 1.40969
0.770265 0.672746 0.801624
0.379049 0.784714 1.67873
0.117998 0.371345 3.71057
0.0826187 0.439512 3.90407
0.069464 3.91775 0.0829738
1.3262 0.0694661 1.33576
0.490363 1.43995 0.140143
0.794797 0.255974 1.50448
0.254571 1.83629 0.847176
1.38154 0.145419 0.751916
0.069464 3.61857 0.353471
1.28353 0.228875 0.492952
0.146068 2.40943 0.738176
0.540793 1.22067 0.32583
0.979377 0.13532 1.50061
0.423085 0.612872 1.99039
0.281409 0.109007 3.70539
0.069464 2.61051 1.3187
0.423274 0.886891 1.2893
1.36643 0.27845 0.0840837
0.573907 0.0832303 3.02531
1.16751 0.490146 0.0695184
0.221052 0.420622 3.21971
0.0726214 0.147598 4.97066
0.630321 0.120107 2.49005
0.377523 0.204348 3.1064
1.57331 0.0988648 0.51087
0.518885 0.523927 1.71565
0.57433 0.38046 2.02003
0.106487 1.10024 2.49895
0.069464 1.13857 3.33904
0.837856 0.167931 1.86659
1.66638 0.134278 0.073155
0.340152 1.02374 1.33936
0.069464 3.35902 0.831047
0.160188 2.84149 0.0699583
0.202827 0.156518 3.82406
0.726281 0.830902 0.453349
0.136586 0.2245 4.04249
0.167091 0.616732 2.98701
0.148319 1.40189 1.96704
0.069464 1.51166 2.53503
0.217578 2.38112 0.11037
0.607896 1.25894 0.0786455
0.206607 0.706187 2.49348
0.0986611 0.880105 3.06496
0.680211 1.01592 0.176216
