1.30903 0.935525
1.0573 1.53882
0.532252 2.42508
0.149334 3.27496
1.61327 0.782023
0.630222 2.15945
1.32919 0.912298
1.7834 0.400855
0.346046 2.59653
1.42102 0.87016
1.07349 1.50408
0.565709 2.3593
0.788141 1.71621
1.66615 0.687779
0.66546 2.03289
0.832579 1.67883
0.726983 1.8369
0.740637 1.80259
0.274347 2.94613
1.1591 1.27628
1.63214 0.752317
0.689231 1.95076
1.18625 1.19938
0.114354 3.4191
0.605969 2.24279
0.360783 2.55215
1.79768 0.365215
0.770786 1.74178
0.653748 2.07488
0.970781 1.65287
1.35232 0.892813
1.21392 1.12486
2.00886 0.074104
1.17266 1.23762
1.82682 0.296264
1.13173 1.35408
0.64202 2.1172
1.08879 1.46799
1.56814 0.83404
1.11777 1.39267
1.74087 0.509935
0.998741 1.62958
0.427826 2.47135
1.1035 1.43074
1.85745 0.231592
1.02076 1.6022
1.24278 1.05465
1.69719 0.61844
0.677253 1.99145
1.75507 0.473387
0.320177 2.70118
0.0750027 4.01331
0.618257 2.20137
1.90888 0.146914
1.8121 0.330348
1.97627 0.0859252
1.89072 0.17307
0.398337 2.48676
0.285574 2.88262
0.808072 1.69486
1.72657 0.546378
1.14551 1.31511
1.22814 1.08912
0.550129 2.39386
1.19998 1.1617
1.76921 0.436993
0.332661 2.64658
1.87365 0.201435
0.701424 1.9113
0.29683 2.8201
0.262964 3.00966
1.03991 1.57171
1.59235 0.809482
1.29078 0.961845
0.509477 2.45173
1.53717 0.854833
1.27387 0.990743
0.207313 3.23774
0.0849397 3.83738
0.593248 2.28323
1.95061 0.102715
0.713973 1.87323
0.755137 1.77073
2.06095 0.069477
1.38064 0.878137
1.25795 1.02179
0.224666 3.18839
0.579908 2.32227
1.64965 0.720766
0.308305 2.75932
1.92862 0.123264
1.68194 0.653565
0.37766 2.51486
0.128596 3.32522
0.238656 3.13229
0.251199 3.0721
1.71198 0.582772
0.8677 1.67019
1.84188 0.263297
0.0944811 3.66986
