1.69567 0.137423 0.0700464
0.163926 2.80013 0.0719355
0.84234 0.606997 0.679037
0.152786 0.212608 3.93573
0.10154 0.90122 2.95569
1.771 0.077954 0.22571
0.0700181 3.37031 0.811611
0.24581 1.3704 1.28726
1.32151 0.0705076 1.312
0.0704119 0.691615 3.73062
0.513695 0.208839 2.48536
0.107025 1.11674 2.49031
0.0700181 3.62321 0.347628
0.950354 0.124842 1.72088
0.667064 0.286177 1.98806
0.196395 2.17098 0.650676
0.355264 0.248475 2.99905
0.0700181 2.68491 1.28516
1.57846 0.100911 0.471592
0.125799 0.350275 3.71023
0.0737902 0.160581 4.91395
0.227707 0.654757 2.4915
0.563586 0.0842402 3.08072
0.337418 1.68403 0.502071
0.726682 0.982228 0.113465
0.210607 0.530972 2.86861
1.38169 0.276711 0.0783109
0.477481 0.542226 1.91209
0.678985 0.881277 0.553741
0.542225 1.21586 0.334978
0.288483 1.11586 1.41323
0.811908 0.0700205 2.50238
1.10392 0.371689 0.459298
0.543444 0.574184 1.42639
0.977589 0.41838 0.834352
0.789893 0.771298 0.333981
0.867559 0.24885 1.32716
0.421324 0.773409 1.464
0.606002 1.31262 0.0706164
0.590063 0.986788 0.740341
0.24655 2.06026 0.386708
0.0704119 1.53347 2.51848
0.124224 1.64122 1.71105
1.0464 0.482025 0.236407
0.177104 1.5301 1.38341
0.365096 0.0706268 3.75248
0.0700181 3.91923 0.0832863
0.451489 1.33575 0.585074
0.390872 1.80254 0.0795123
1.30395 0.223582 0.449361
0.146146 0.835524 2.58477
0.0700181 2.17363 2.04048
1.12284 0.086415 1.48654
1.16761 0.27197 0.738564
0.918198 0.67867 0.132996
0.212335 1.23762 1.6953
0.669523 0.475103 1.29403
0.288019 2.24427 0.0700264
0.845405 0.855279 0.0743531
0.131854 1.86393 1.29841
0.212801 2.3767 0.13438
0.31131 1.93165 0.180474
0.938436 0.543949 0.446194
0.260612 0.361324 3.15105
0.496207 1.13412 0.879436
0.805562 0.194054 1.83753
0.631771 1.08794 0.212547
0.0700181 2.41744 1.54646
0.154839 0.649232 3.02142
0.391547 0.326564 2.51023
0.155433 1.37382 1.95987
0.371783 0.98741 1.3013
0.626167 0.10536 2.54944
0.251085 1.01025 1.99052
0.46026 0.163836 2.84927
0.327633 0.882458 1.74601
1.2299 0.347106 0.141145
0.0704119 0.0704119 6.07041
0.379709 0.688073 2.02222
0.587349 0.421157 1.7552
0.730952 0.712697 0.870986
0.508506 0.726251 1.28797
0.732323 0.33276 1.43472
0.149565 2.38092 0.76695
0.415881 1.5643 0.248075
0.372486 1.46059 0.825972
0.497483 1.44689 0.117606
0.218133 0.0992135 4.18316
0.269822 1.81014 0.776263
1.11171 0.545513 0.0701682
0.156039 2.56989 0.285129
1.02888 0.161175 1.29002
0.0704119 1.26373 3.01201
0.249235 0.143187 3.69463
1.39269 0.142316 0.743639
0.118205 0.0722261 4.95847
1.48449 0.174125 0.165773
2.0069 0.0700488 0.0753459
0.296556 0.436988 2.58608
0.0838102 0.428012 3.94404
