0.585538 0.948323 0.888518
0.200795 2.33699 0.250301
0.186807 1.37553 1.58738
0.542636 0.146022 2.57679
1.65591 0.121163 0.100948
0.209987 1.15669 1.94236
0.270221 1.78616 0.825911
0.783546 0.0700838 2.51185
0.521233 1.40107 0.10615
0.210561 0.586527 2.67821
0.342547 0.316987 2.72737
1.31671 0.270078 0.16971
0.14156 0.235251 3.93139
0.834306 0.83891 0.0872464
0.691602 1.16342 0.0694705
1.18411 0.263222 0.711527
0.0869481 0.347856 4.21028
0.167849 0.832696 2.49203
0.069464 3.50463 0.552757
0.999521 0.405959 0.782458
0.335598 0.0694762 3.90407
0.603507 0.0838269 2.84721
0.893699 0.672682 0.203111
0.120745 1.68846 1.64242
0.456943 1.65181 0.0712426
0.419333 1.52302 0.307446
0.461847 0.617233 1.7104
0.573918 0.530675 1.41748
0.712751 0.241291 1.99889
0.632656 0.368329 1.73899
0.725905 0.933405 0.181552
0.23837 2.03897 0.504946
0.147246 0.695165 2.94073
0.943931 0.531707 0.465299
0.220675 2.52112 0.069553
1.50444 0.214568 0.0709592
0.069464 2.59842 1.3268
1.14352 0.0799551 1.50743
0.069826 1.27788 2.97246
0.468286 1.3087 0.538214
0.0964663 0.883399 3.09763
0.069826 1.57429 2.49267
1.06892 0.47526 0.186052
0.069826 0.069826 6.06983
0.628613 1.02995 0.360818
0.146947 2.59907 0.326636
0.451362 0.26513 2.49273
0.384558 1.41282 0.858261
0.141802 2.43031 0.757409
0.272188 1.00851 1.79892
1.3547 0.0694664 1.30036
0.573146 1.21044 0.200357
0.069464 3.98345 0.0719732
0.828287 0.593761 0.805134
1.21926 0.394191 0.0834704
0.407495 0.187222 3.01779
0.102743 1.07508 2.54233
1.12831 0.350838 0.451109
0.851026 0.184218 1.67619
0.069464 2.2722 1.82948
0.777527 0.742209 0.489642
0.069464 3.71374 0.222821
0.069464 3.28572 0.960119
1.30729 0.193593 0.651143
0.768731 0.303758 1.40836
1.03008 0.630187 0.0699659
0.105632 0.42969 3.69409
0.685424 0.822099 0.723457
1.04439 0.137167 1.32511
0.153408 2.81096 0.0792724
0.329993 0.905111 1.65064
0.126957 1.88606 1.30055
0.517476 0.708604 1.28764
0.370199 0.714769 1.98942
0.916363 0.235684 1.28599
1.44675 0.15733 0.370864
0.0808097 0.160839 4.95778
0.416377 0.81561 1.39102
0.692319 0.441975 1.2969
0.30404 1.90525 0.255673
0.349166 1.05583 1.2909
0.516127 1.13496 0.738366
0.259432 1.23228 1.36507
0.27729 2.16805 0.0867359
0.247971 0.396746 3.08525
0.370933 1.78425 0.123383
0.12194 0.0730576 4.91054
0.950037 0.109214 1.88868
2.03996 0.06959 0.0695454
0.205634 0.15969 3.79213
0.198607 1.54674 1.28641
0.142114 1.45585 1.90726
1.773 0.0755301 0.256888
0.183988 2.15987 0.815282
0.294375 0.485614 2.50872
0.069826 0.605724 3.90443
1.54391 0.0977326 0.647798
0.519801 0.457966 1.99385
0.284714 0.108427 3.70005
0.339163 1.64294 0.589607
