0.0931759 2.79332 3.37662e-15
0.247882 1.13807 1.418
0.0270434 2.22977 1.19296
1.23996 0.0145021 1.20137
0.0719707 0.306265 3.63962
0.754122 0.838662 0.203855
0.441951 0.697846 1.43801
1.03706 0.0748864 1.36624
0.67205 0.0225926 2.48587
1.69953 0.0453999 7.28192e-15
0.526578 1.25603 0.213486
0.227695 0.474263 2.60325
0.623643 1.09783 7.53976e-16
0.14774 2.49037 0.0010009
0.713412 0.930864 0.0177437
1.14691 0.381261 0.00247861
0.20535 0.0708613 3.73995
0.49899 0.116567 2.55321
0.154953 0.695528 2.39045
1.3638e-06 1.65912 2.39042
0.317827 0.317327 2.59664
0.658154 0.999071 0.205428
0.971259 0.569728 6.78741e-16
0.588113 0.0695759 2.3983
0.387769 1.54969e-06 3.58622
0.629952 0.443203 1.2046
0.813007 0.780653 1.99149e-15
0.0823055 0.910947 2.45292
0.528731 0.569766 1.28916
0.494346 0.651979 1.1927
0.669856 0.36601 1.41845
0.0562957 1.0579 2.3918
1.33648 0.210437 0.16907
0.281645 0.411585 2.39346
0.108979 0.20237 3.76933
0.0447106 2.02124 1.34104
0.0281014 1.18058 2.53428
0.122626 1.5756 1.39776
0.496627 1.36192 8.81265e-16
0.900885 0.154092 1.39235
0.291617 1.06681 1.19844
0.115824 2.61493 0.153267
0.283205 0.0245067 3.61219
0.774589 0.256651 1.41023
0.401883 0.793246 1.28463
0.0015173 0.000132733 5.86048
1.98342 0.000137419 6.57594e-16
0.850475 0.696467 0.208111
1.01332 0.494957 0.200855
0.911469 0.629448 0.0711069
0.57235 0.488893 1.44304
0.735999 0.324544 1.19325
0.811322 0.000450655 2.39065
0.0128686 0.539337 3.69758
0.000229113 0.751272 3.58584
0.00979145 1.38697 2.41384
0.982588 0.120964 1.1928
1.13248 0.0420146 1.23494
2.37884e-05 0.202557 4.77567
0.157467 1.4916 1.19276
0.000412456 3.91877 2.15212e-15
0.113205 0.771734 2.59062
0.2397 2.10122 6.397e-16
0.0265515 3.35038 1.54496e-15
0.446816 0.188179 2.39052
0.219173 1.26167 1.2172
1.42121 0.164754 0.047305
0.369421 0.888452 1.19359
0.0417352 0.423947 3.58851
0.00969881 3.57828 0.0613407
1.50818 0.122832 2.10698e-15
0.380939 0.246656 2.4577
0.174529 2.34332 0.0577664
0.0720122 1.88446 1.19874
1.81172 0.0151895 0.0608933
0.266183 1.96251 0.18785
0.337014 1.7355 0.194889
0.846873 0.212017 1.21453
5.64991e-05 2.74721 1.19395
0.0664994 2.93417 0.137418
1.20067 0.313903 0.17402
0.450361 1.43021 0.21155
0.0455158 3.13464 0.0313519
0.41337 1.54285 0.0727573
0.380145 1.65388 1.6694e-15
0.0924267 0.00126249 4.7748
1.38467 8.2573e-06 1.1927
0.17949 1.35356 1.40621
1.58749 0.0775796 0.120496
0.575553 1.17222 0.0751567
0.00868452 2.42233 1.27276
1.28002 0.268176 3.3262e-15
0.203542 2.19651 0.185363
0.320474 0.951253 1.41606
0.30641 1.86443 0.0151911
0.162583 0.145278 3.5859
0.0254114 0.0594841 4.82871
1.08051 0.43557 0.0665434
0.187483 0.583266 2.4639
0.0961691 1.72716 1.25784
