0.101854 0.000106998 4.77233
0.0472401 2.05736 1.19287
0.737559 0.323555 1.19279
0.0964608 1.74335 1.20939
1.55887 0.0898865 0.112668
0.000302676 3.93041 2.80077e-15
1.67476 0.051209 0.0198169
0.00989875 1.35928 2.49349
0.000179444 1.62767 2.3904
0.0377898 3.18303 0.130014
0.757553 0.859361 0.0165299
0.123184 2.56905 0.187273
0.410795 1.56319 0.0178559
0.866665 0.199652 1.19904
0.516477 0.101996 2.56711
0.665711 0.373019 1.3921
0.964989 0.551095 0.19234
1.16326 0.366895 6.68452e-15
0.367029 1.64799 0.203488
0.220161 0.530796 2.39419
0.490331 1.37634 4.9472e-15
0.0355269 0.410475 3.73878
1.14373e-06 0.776212 3.58579
0.157515 1.48817 1.19429
0.338118 0.95085 1.2031
0.461445 0.166324 2.40764
1.215 0.0166313 1.26907
0.619649 0.457543 1.20233
0.202933 2.19642 0.203356
0.925762 0.138692 1.36389
0.862642 0.709761 1.11226e-15
0.181789 2.33374 1.28591e-15
0.0434347 0.0249109 4.88338
1.37864 0.184461 0.138808
0.255548 0.437146 2.47339
0.237251 2.08581 0.0712262
1.47546 0.140023 1.81011e-15
0.443139 1.44851 0.205458
0.521683 1.2677 0.203488
0.355225 0.299508 2.39037
1.03319 0.497481 0.00237389
0.218645 1.22528 1.40924
0.0311262 1.20563 2.39381
0.105892 0.210036 3.75428
0.0728945 0.321099 3.58899
4.94474e-05 0.20418 4.77218
0.298472 1.85405 0.196516
0.602302 0.0632706 2.39193
0.813796 0.000361048 2.39039
0.572055 1.19195 0.01766
0.185649 1.35638 1.26792
0.152271 2.44474 0.0636423
0.609181 1.08964 0.203747
0.67868 0.0201518 2.49222
0.471131 0.691142 1.19305
0.663318 1.02458 3.04193e-15
1.38199 1.26388e-05 1.1939
0.271608 1.98474 0.00393909
1.01732 0.0926628 1.2395
0.000638374 0.00128406 5.85768
1.80624 0.0188154 3.83576e-15
0.00860855 2.44719 1.2121
0.388268 1.43782e-06 3.58582
0.174395 0.592374 2.61886
0.557769 0.512144 1.41525
0.140582 0.706296 2.47016
0.022804 3.39768 5.49011e-15
1.28414e-05 2.76239 1.19316
0.059227 3.02877 0.00665448
1.30715 0.245734 0.00773771
0.392306 0.218374 2.59539
0.0242353 2.20648 1.31768
0.297955 0.345955 2.61892
0.368952 0.842601 1.42053
0.113526 0.823552 2.39041
0.0122697 0.5664 3.6119
0.699821 0.927314 0.200214
0.0146633 0.094435 4.79303
0.420147 0.758911 1.27681
0.509853 0.601662 1.27503
1.22202 0.297141 0.157627
1.08611 0.4203 0.170256
0.911127 0.630598 0.06591
0.0662378 1.87103 1.36051
1.98127 0.00017532 5.22822e-15
0.800906 0.768206 0.196521
0.289016 1.02984 1.40275
1.11594 0.0536587 1.19297
0.0779021 2.84814 0.159231
0.00815582 3.60851 0.0689334
0.339619 1.77008 4.65887e-15
0.0494871 1.03945 2.57672
0.0802014 0.91849 2.45733
0.161539 0.146478 3.58617
0.283123 0.024595 3.61175
0.121215 1.58398 1.38363
0.785612 0.248693 1.37786
0.261453 1.1542 1.19277
0.20497 0.0713646 3.73804
0.104268 2.72532 3.19159e-15
