0.354187 1.72468 0.00416464
0.317065 1.00627 1.19507
0.678768 0.963799 0.195466
0.178477 1.41413 1.19276
0.64186 1.06371 2.61939e-15
0.429772 1.52259 2.49943e-15
0.314924 0.319648 2.61855
0.169361 0.656752 2.39033
1.46504 0.145749 4.12206e-15
1.01078 0.0893455 1.34087
0.135274 2.54658 0.0116509
0.0872657 1.746 1.39142
0.200701 1.2817 1.41072
0.551088 1.24042 0.00419866
0.673933 0.363062 1.39642
0.469334 0.651505 1.41799
1.55058 0.0937132 0.108553
6.00839e-05 0.764188 3.58589
0.237362 0.471314 2.47931
0.000329759 3.92441 0.00318717
0.0424711 3.17723 0.00337452
0.3139 1.80366 0.209988
0.00826654 2.45218 1.21414
0.19142 0.550018 2.631
0.117929 1.646 1.20095
0.102747 0.845657 2.41195
1.21653 0.0161764 1.27272
0.0859331 2.84009 3.6983e-15
1.13724 0.370657 0.171078
1.07457 0.44293 0.0563787
0.00941422 1.41255 2.39045
1.37959 4.87834e-05 1.1928
0.823809 1.14308e-06 2.39919
0.893051 0.65456 0.0628551
0.191872 2.29041 2.52383e-15
0.373318 0.264532 2.41375
0.0297249 0.0507904 4.82921
1.1152 0.0520829 1.19946
1.80233 0.0195849 2.29283e-15
0.945486 0.144068 1.19356
0.000656462 0.184608 4.77456
1.2944 0.257205 4.92931e-15
0.745197 0.315461 1.19282
0.141335 1.4974 1.39686
0.0497526 1.09085 2.39314
1.21571 0.315806 0.0197524
0.105967 2.66902 0.16631
0.0641873 1.90776 1.25382
0.0691351 0.94052 2.59327
0.271475 1.0735 1.41785
0.50516 1.32177 0.0742432
0.0447051 2.07572 1.19314
0.52653 0.586669 1.21797
0.212013 0.0834045 3.58857
0.567994 0.49757 1.41433
0.282186 1.92784 0.0708479
0.375454 0.000466646 3.58589
0.706297 0.0185713 2.39105
0.630596 0.445205 1.19798
0.0129411 0.560641 3.61364
0.128404 0.719972 2.61399
0.788417 0.245113 1.39173
0.158753 2.39178 0.181113
0.439342 0.749563 1.19273
0.485261 0.150812 2.39035
0.948604 0.571227 0.186477
0.391305 0.815016 1.28174
0.0241758 1.20926 2.54092
0.253625 2.05046 1.36439e-15
0.612298 0.0509076 2.43801
0.0229343 3.35828 0.10079
0.216487 2.14506 0.18507
0.10743 0.222431 3.64176
0.458342 1.41103 0.211278
1.45474e-05 0.00341483 5.86223
0.0229475 2.21851 1.32494
0.342869 0.898247 1.42994
0.587077 1.1334 0.195409
0.780807 0.798851 0.189912
0.26964 0.0257263 3.69807
0.529402 0.0918334 2.57877
0.101119 4.89285e-05 4.776
0.00941035 3.61243 4.9956e-15
0.2416 1.1939 1.21807
0.736458 0.893448 0.0155823
0.416581 0.190282 2.6051
0.0606778 2.97831 0.140838
0.150185 0.133879 3.76652
1.01782 0.515561 3.99884e-15
0.865836 0.190725 1.2563
0.0732271 0.323069 3.5862
0.284084 0.40832 2.39229
1.6682 0.0534463 0.0186561
0.0361296 0.407389 3.74269
4.62693e-05 2.75314 1.19277
0.384342 1.60109 0.197081
1.36569 0.193142 0.132492
1.98063 0.000187511 4.53687e-15
0.84341 0.736689 3.11188e-15
9.60668e-07 1.64731 2.39889
