0.773899 1.90455
0.0579427 3.65812
0.824259 1.6003
0.752313 2.15376
0.832901 1.59329
0.0631281 3.57669
1.33506 1.05159
0.803219 1.67443
0.335136 2.74223
1.2958 1.51568
0.0443937 3.858
0.0605311 3.61736
0.787575 1.77998
1.20788e-05 3.99625
1.3681 0.835533
0.305721 3.13903
0.314306 3.01546
0.326002 2.85591
0.77068 1.93789
1.32832 1.11678
1.33858 1.02029
0.0922426 3.23031
0.0736909 3.42129
0.0526939 3.73975
0.311436 3.05634
0.0886718 3.25658
0.784018 1.80961
1.3499 0.932466
0.371796 2.43414
0.38294 2.39803
0.320109 2.93468
0.758278 2.0792
0.764399 2.00701
0.0853761 3.28557
0.100911 3.18959
0.323043 2.895
0.351627 2.57055
1.30412 1.40175
0.332037 2.7795
1.33165 1.08371
1.30696 1.36455
1.31577 1.25522
0.0822707 3.31686
0.743561 2.26984
0.362975 2.48292
0.737833 2.34951
0.367205 2.45734
1.35839 0.880334
0.0553353 3.69899
0.767519 1.97202
0.317193 2.97493
0.047255 3.81951
1.35403 0.905615
0.795036 1.72449
1.32508 1.15044
0.328993 2.81745
0.78057 1.84023
1.29854 1.47733
1.36304 0.856849
0.107317 3.18053
1.31881 1.21975
0.0500186 3.77987
0.359 2.51052
0.799019 1.69868
0.749378 2.19186
0.0657205 3.53672
0.807698 1.65197
0.812536 1.63173
1.34597 0.960623
0.740686 2.3095
0.00408084 3.89517
0.33828 2.70588
0.00116934 3.92297
1.38041 0.802326
0.0793045 3.35015
0.34148 2.67054
1.30131 1.43933
0.308569 3.09764
0.34477 2.63604
0.755283 2.11615
1.31278 1.29119
0.761319 2.04276
1.30985 1.32762
0.0683408 3.4973
0.74647 2.23044
1.3422 0.989946
1.37375 0.816988
0.791231 1.75164
0.0764582 3.38498
0.817929 1.61415
0.376912 2.41398
1.2931 1.55432
1.38948 0.794957
0.391143 2.38998
0.777199 1.87191
0.355227 2.53984
1.32191 1.18485
0.348146 2.60269
0.0962266 3.2075
0.070996 3.45873
