1.98201 0.000161869 4.25382e-16
0.124553 2.60502 0.00799099
1.38652 1.60646e-06 1.19272
0.115182 0.225211 3.58595
0.52786 0.594047 1.1953
0.776208 0.275319 1.21617
0.428636 1.4862 0.191258
0.959064 0.117145 1.36967
0.150214 2.43589 0.158741
1.16391e-06 1.65966 2.39034
1.47837 0.127406 0.13056
0.0511674 1.08154 2.39455
1.3223 0.229044 0.0491395
0.891175 0.665547 0.0165143
0.937403 0.584124 0.196053
0.559066 1.21871 0.0174081
0.0463602 3.10499 0.111636
0.394022 0.216634 2.59213
0.132038 0.710357 2.60289
0.360515 0.909685 1.19271
0.212541 2.1631 0.16792
0.612068 0.435946 1.43388
0.826587 0.210914 1.40189
0.108959 0.839398 2.39041
0.00151837 0.000133556 5.86042
0.122776 1.62412 1.20122
1.11943 0.0420647 1.32809
0.790946 0.813662 4.48156e-15
0.594079 0.060814 2.4367
0.239092 1.16315 1.41836
0.00889124 2.45034 1.20062
0.320616 1.82021 0.014491
0.177933 1.35709 1.41987
0.0701065 1.90446 1.19284
1.40469 0.181304 3.03258e-15
0.0249468 2.22421 1.23038
0.0900567 1.73398 1.37551
0.386348 0.805563 1.42934
0.0728831 0.925932 2.58062
0.477033 1.40726 1.21515e-15
0.289931 0.360158 2.60633
0.0440145 2.02449 1.35157
0.000446903 3.91544 1.08826e-15
0.0697353 0.292995 3.76375
2.38201e-05 0.202506 4.77573
0.0253827 1.19909 2.54457
0.000203608 0.741085 3.59674
0.215969 0.0775905 3.59358
0.737562 0.879945 0.074457
1.58202 0.0883302 1.17773e-15
0.708073 0.323315 1.41645
0.258323 0.456571 2.39111
0.349239 0.297657 2.41145
0.510311 0.106372 2.57209
1.18703 0.345367 2.94839e-16
0.464091 0.170715 2.3905
1.24063 0.280956 0.17433
0.00880249 1.39877 2.41631
0.683019 0.954654 0.213659
1.80934 0.0175606 0.00889353
0.565648 0.515123 1.28546
0.0390613 0.416597 3.63156
0.251358 2.05861 4.34044e-15
0.352333 1.69115 0.191912
0.814084 0.000347615 2.39041
0.437003 0.739068 1.22102
1.0501 0.0832825 1.19298
0.313123 0.967765 1.42411
0.0254243 0.0594546 4.82873
0.279076 1.91926 0.183999
0.282181 1.08147 1.21914
0.0939911 2.74578 0.141214
0.472772 0.644452 1.42969
1.67603 0.0471371 0.0924527
0.508922 1.29579 0.20205
0.649463 1.04971 1.10128e-15
0.0276855 3.33675 1.0236e-15
0.829661 0.726119 0.20205
1.23498 0.0146569 1.21373
0.0101484 3.56995 0.059272
1.11407 0.391391 0.189053
0.902819 0.172546 1.1968
0.0152035 0.561204 3.58659
0.596167 1.11473 0.203665
0.185213 2.31887 6.79554e-16
0.386849 1.10769e-05 3.58589
0.207388 0.51646 2.60913
0.175102 0.627219 2.41276
0.151326 0.133298 3.75475
0.21578 1.28807 1.19325
1.00351 0.531859 1.3038e-15
5.0626e-05 2.75204 1.19278
0.688659 0.0224322 2.40063
0.149044 1.48972 1.27132
1.0556 0.461758 0.0644747
0.672826 0.396851 1.19273
0.0718957 2.93715 4.51409e-16
0.396776 1.60862 2.47462e-15
0.0924629 0.00127168 4.77462
0.276913 0.0222131 3.69234
