0.212796 0.0825296 3.58874
0.000751677 0.00151458 5.85192
0.0284618 2.20676 1.19905
0.461684 0.146777 2.58304
1.11578 0.0538076 1.19285
0.711782 0.905144 0.223042
0.313414 0.361894 2.39038
0.000346259 3.92557 1.54455e-15
0.107912 2.65831 0.162615
0.188044 2.25885 0.198571
0.0787407 0.924861 2.45629
0.101026 5.23591e-05 4.77604
0.0485952 1.99378 1.33404
1.68882 0.043128 0.0956025
6.54074e-05 2.74839 1.19287
0.00948238 1.39061 2.41455
0.0276887 0.0556853 4.82224
0.0545839 1.06917 2.3906
0.765939 0.852244 7.96839e-15
1.49382 0.119343 0.133664
0.91522 0.639493 1.40384e-15
0.578742 1.14847 0.209099
0.320079 1.82092 0.0169271
0.80039 0.76714 0.216947
0.794054 0.239451 1.39937
0.00911693 2.41581 1.26929
1.27157e-06 1.6594 2.39037
0.490397 0.658512 1.19276
0.15108 0.132472 3.76803
0.752295 0.307855 1.19298
2.61875e-05 0.202685 4.77524
0.163551 1.41363 1.38549
0.100165 1.68437 1.36705
0.13541 1.56457 1.21013
0.0138108 0.553756 3.615
1.36386 0.000354257 1.19404
0.386473 0.806361 1.41967
0.270206 0.0253933 3.69856
1.42154 0.17096 1.29811e-15
0.254936 2.04577 5.81261e-15
0.960471 0.568055 0.0744737
1.20795 0.0179123 1.27863
0.392372 1.62048 1.45956e-15
0.412009 0.21819 2.40995
0.357401 0.913101 1.19488
0.681742 0.353827 1.3997
0.498656 1.31751 0.212331
0.0430234 3.17479 2.47543e-15
0.630562 1.08206 0.00542494
0.000214955 0.752181 3.58581
1.01366 0.0875523 1.34635
0.0863812 2.83149 0.00797806
0.222211 0.517522 2.41285
0.636816 0.434963 1.203
0.830143 1.32785e-06 2.39035
0.257634 0.415927 2.60855
0.438438 0.724448 1.277
0.204445 1.32557 1.1928
1.19325 0.32004 0.176996
0.0610257 2.97569 0.140169
0.947009 0.140767 1.19895
1.99182 3.34427e-05 2.45632e-15
0.349658 1.69733 0.204043
0.108482 0.220165 3.6425
0.596388 0.0525837 2.54109
1.14169 0.387073 1.58522e-15
1.33434 0.212364 0.160886
0.174546 0.593771 2.60408
0.28036 1.9131 0.197839
0.229782 1.19275 1.40097
0.347676 0.274243 2.60177
1.59651 0.0822488 3.05454e-15
0.221521 2.1459 0.0691211
0.307798 0.982564 1.40778
0.077811 1.8581 1.1932
0.575129 0.486885 1.42135
0.0233687 3.35247 0.101569
0.163914 2.40084 0.0263446
1.01226 0.495505 0.209235
0.46566 1.42586 0.0189929
0.0744515 0.319765 3.58614
0.274688 1.10275 1.21517
0.54679 1.25178 1.24483e-15
0.538676 0.105667 2.39106
0.108087 0.787866 2.59905
0.137832 2.54078 1.52829e-15
0.00933518 3.60552 0.0114387
0.697363 0.0182915 2.41517
0.375794 0.000447123 3.58585
1.82015 0.0155784 0.00903229
0.147859 0.713257 2.39185
0.869764 0.187228 1.26012
0.420357 1.50497 0.209471
0.0272727 1.18607 2.5376
1.27161 0.27201 0.0108677
0.669242 0.994495 0.0803585
0.528047 0.572413 1.2784
0.858248 0.699693 0.0753372
1.07776 0.443493 0.0299238
0.0371946 0.402622 3.74545
