0.0916079 0.254124 3.65491
1.48838 0.133092 2.64623e-15
1.81154 0.0177976 4.90979e-15
0.0291831 1.21512 2.39858
0.218616 0.511045 2.47316
0.782451 0.250897 1.38774
1.98238 0.000155222 3.45064e-15
0.00856099 1.37851 2.48673
0.0618305 2.99352 0.0400495
0.0638504 0.350626 3.586
0.987197 0.525581 0.186835
0.5502 1.23703 0.0179268
1.05696 0.472578 2.06103e-15
0.420084 0.785155 1.19328
0.0856921 2.84168 2.10576e-15
0.283946 1.04207 1.40859
0.163261 2.4171 2.28063e-15
0.350524 0.284738 2.47029
0.38863 1.13953e-06 3.58562
1.25312 0.28938 5.9647e-15
0.937731 0.605982 0.0148754
0.214023 1.24084 1.39992
0.549107 0.524859 1.41449
0.186502 1.37595 1.20194
0.924083 0.140516 1.35231
1.11332 0.403611 0.0592864
0.265372 0.444592 2.39037
0.146458 0.711154 2.39923
0.000342679 3.92596 3.65926e-15
2.37695e-05 0.202385 4.77589
1.30389e-06 1.65931 2.39039
0.248471 2.02416 0.19283
0.586884 1.13277 0.204945
0.639686 1.06773 9.16239e-16
0.0468206 2.05439 1.19624
0.217228 0.0586265 3.76135
1.32047 0.230505 0.0475915
0.127102 0.166866 3.79825
0.293786 0.352619 2.61928
1.01959 0.0991903 1.19313
0.831525 0.753669 2.06672e-15
0.469848 1.42424 8.42224e-16
0.721687 0.323348 1.26307
0.00878278 3.59597 0.0654946
0.860366 0.204605 1.19947
0.186508 2.26751 0.183937
0.0973257 1.75408 1.19293
0.024168 2.20646 1.32095
0.35671 1.71739 0.00417507
0.00878099 2.44357 1.21309
1.3835 1.28324e-05 1.19285
0.0243296 3.37798 2.10454e-15
0.0315043 0.424084 3.76419
0.455743 0.152436 2.58154
0.121052 1.60808 1.26388
5.33158e-05 2.75126 1.19281
0.5889 0.056406 2.5448
0.00152055 0.000132153 5.86043
0.0498894 1.0398 2.56175
1.6827 0.0485845 0.0210487
0.331794 0.95971 1.21691
0.0253949 0.0594855 4.82896
0.0824225 0.939987 2.39059
1.56925 0.0852489 0.116942
0.314468 1.80394 0.194094
0.678363 0.978957 0.0771709
0.287144 1.93493 2.93579e-15
0.873145 0.666852 0.193976
0.221573 2.16201 0.0142995
0.814527 0.000334041 2.39035
0.777728 0.824005 0.0327647
0.178928 0.122067 3.58708
1.09778 0.0508395 1.31198
1.17549 0.335456 0.177797
0.149391 1.46444 1.40437
0.610866 0.454546 1.27153
0.133825 2.53843 0.0566813
0.532793 0.110381 2.39077
0.367199 0.84749 1.41012
0.687859 0.021076 2.41765
0.427119 1.50716 0.0752733
0.172912 0.596205 2.6178
0.0398362 3.16287 0.129103
1.22115 0.0178563 1.21084
0.722257 0.888491 0.216657
0.0923205 0.00124915 4.77521
0.00016141 0.756169 3.58562
0.453105 0.681142 1.40567
0.105049 2.67366 0.170833
0.0668441 1.86749 1.35948
0.105622 0.797808 2.58892
0.0116495 0.56831 3.61961
0.257783 1.16449 1.19276
1.39528 0.173467 0.149759
0.29079 0.0202465 3.61732
0.67263 0.396961 1.19279
0.511685 0.615558 1.20278
0.408707 0.22549 2.39863
0.500639 1.31387 0.20512
0.383916 1.60033 0.212867
