0.832923 1.5933
0.773875 1.90497
0.787543 1.78038
0.329309 2.81367
0.36324 2.48131
0.743536 2.27041
0.0499574 3.78102
0.780534 1.84072
2.80088e-05 3.99631
0.00118632 3.92296
0.824269 1.60032
0.746434 2.23115
0.0735362 3.42362
1.30987 1.32755
0.0655912 3.53895
0.770641 1.93849
0.076306 3.38713
0.0443818 3.85838
0.749337 2.19262
0.812525 1.63185
0.0921748 3.23088
1.3188 1.22006
0.0852716 3.28673
0.383062 2.39784
0.799003 1.6989
0.323311 2.89165
0.783989 1.81002
1.35395 0.906244
0.341791 2.66739
1.29583 1.51556
0.758234 2.07994
0.335442 2.73882
0.0630057 3.57886
0.76127 2.04353
0.777158 1.87248
0.0526376 3.74087
1.38948 0.794973
0.752278 2.15443
1.38038 0.80241
1.30133 1.43936
0.0604264 3.61927
0.332365 2.77571
0.372017 2.43323
1.34213 0.990679
1.32504 1.15109
0.35554 2.53744
0.767471 1.97273
0.807686 1.65212
0.31447 3.0134
0.367453 2.45607
0.75523 2.11702
0.348466 2.5998
1.34591 0.961251
1.33498 1.0525
1.3128 1.29121
0.7912 1.75201
0.0552453 3.70066
1.34984 0.933045
0.0681971 3.49969
0.305779 3.13843
0.107332 3.18055
0.737828 2.34982
1.29856 1.47731
0.817931 1.61421
1.30698 1.36451
0.317395 2.97235
1.31577 1.25543
0.082155 3.31829
0.338585 2.70265
0.345073 2.63315
1.29312 1.55415
0.0578418 3.65998
0.76434 2.00787
0.803199 1.67464
0.0885899 3.2574
0.351944 2.56789
0.320339 2.93177
1.33158 1.08463
0.391163 2.39
1.3385 1.02108
0.0708435 3.46114
0.0791793 3.35183
0.359291 2.50852
0.377095 2.41344
1.35831 0.880837
0.740674 2.3099
1.36297 0.857262
0.00409305 3.89519
1.32189 1.1852
1.30413 1.40175
0.795013 1.72477
0.100894 3.18969
0.311566 3.05472
1.37371 0.817179
0.326284 2.85246
0.308674 3.09637
0.0961694 3.20788
0.0472287 3.82012
1.32827 1.11751
1.36803 0.835878
