0.311423 3.05638
0.0879001 3.26288
0.807361 1.65348
0.737779 2.35013
0.00407129 3.89516
0.344774 2.63589
0.0444945 3.85656
0.323033 2.89499
0.746292 2.2327
0.0667386 3.52111
0.0781552 3.36375
1.31855 1.22254
1.3156 1.2571
1.33091 1.09087
1.30132 1.4391
0.832889 1.59328
0.776808 1.87559
0.802862 1.67631
0.362993 2.48273
1.36917 0.831563
0.320099 2.93467
0.794653 1.72704
0.0751899 3.4012
0.367225 2.45717
0.0503368 3.77502
1.33748 1.02976
0.755019 2.11932
0.1073 3.18052
0.757996 2.08251
0.359027 2.51025
0.376924 2.41389
0.348154 2.6025
1.31268 1.29234
1.32462 1.15527
0.773527 1.90821
1.33416 1.05985
0.317186 2.97488
1.29581 1.51539
1.30694 1.36463
0.100631 3.19035
1.30979 1.3282
0.0916143 3.23446
0.351643 2.57031
1.35181 0.91961
0.391137 2.38997
1.34089 1.00059
1.35576 0.895144
1.32774 1.12264
0.790835 1.75452
0.798648 1.70091
1.29856 1.47702
0.335136 2.74209
0.824132 1.60048
0.77032 1.94159
0.355256 2.53951
0.780164 1.84385
1.2931 1.55415
0.305715 3.13896
0.787162 1.78323
1.34804 0.945421
0.743431 2.27146
1.38086 0.801592
1.37454 0.814812
0.0723137 3.44004
0.058593 3.64771
0.329002 2.8172
0.0844693 3.29421
1.3444 0.972469
0.783612 1.81303
0.308565 3.09755
0.34149 2.67032
0.764066 2.01068
0.0812407 3.32794
0.095752 3.2098
0.332045 2.77928
0.0695013 3.4801
0.81225 1.63276
0.0558788 3.69035
0.0640092 3.56286
1.38947 0.794947
1.35992 0.872121
0.0531325 3.73289
0.00116047 3.92293
0.338279 2.70578
0.382936 2.39801
1.30412 1.40161
1.36436 0.850821
0.817707 1.61473
0.0612997 3.60512
0.371811 2.43402
0.749171 2.19444
0.76101 2.04629
1.32156 1.18853
0.0474712 3.81634
0.740594 2.31062
0.314293 3.0155
2.17196e-06 3.99625
0.325999 2.8558
0.767168 1.97576
0.752078 2.15664
