2.49073 1.25464 0.745363
0.0600752 0.12015 5.63955
2.27892 1.23346 1.25053
1.62913 1.39631 1.35677
0.414647 0.829293 3.51212
0.572323 1.14465 2.56606
0.285816 0.571632 4.2851
0.234528 0.469056 4.59283
0.664903 1.32981 2.01058
0.133647 0.267294 5.19812
1.30626 1.58224 0.964498
0.337309 0.674619 3.97614
2.21746 1.09268 2.24208
0.730779 1.46156 1.61533
0.964435 1.92887 0.213388
0.158592 0.317183 5.04845
0.933881 1.86776 0.396715
1.71473 1.64264 0.357364
1.41691 1.48263 1.21666
0.32444 0.648879 4.05336
1.81756 1.59122 0.408779
1.72042 1.2566 1.88482
0.272966 0.545932 4.3622
0.0119426 0.0238853 5.92834
0.0722265 0.144453 5.56664
0.260132 0.520265 4.43921
1.63843 1.53223 0.83051
2.47657 1.05835 1.98292
0.171121 0.342241 4.97328
1.60872 1.69564 0.304362
1.35646 1.66552 0.655027
0.0239313 0.0478626 5.85641
0.453329 0.906658 3.28003
0.492193 0.984386 3.04684
1.40728 1.79636 0.203638
1.50638 1.74681 0.253189
0.209019 0.418039 4.74588
0.0479699 0.0959398 5.71218
0.827436 1.65487 1.03538
0.108908 0.217817 5.34655
0.221753 0.443506 4.66948
0.0359366 0.0718733 5.78438
1.20469 1.89766 0.102344
0.52306 1.04612 2.86164
2.39974 1.14457 1.53505
0.121257 0.242515 5.27246
0.625206 1.25041 2.24877
0.388842 0.777685 3.66695
1.96975 1.16593 2.10665
0.183708 0.367416 4.89775
0.64493 1.28986 2.13042
2.73856 1.13072 0.86928
1.83265 1.43748 0.968271
2.87483 1.06259 0.937415
1.92408 1.53796 0.462038
2.61045 1.19477 0.805226
0.247319 0.494638 4.51609
2.56365 1.00006 2.30842
0.298692 0.597383 4.20785
0.375965 0.75193 3.74421
2.14984 1.42508 0.574919
1 2 2.11471e-16
0.196327 0.392654 4.82204
2.0351 1.48245 0.517551
0.87936 1.75872 0.723839
2.63274 1.08866 1.38555
0.686588 1.37318 1.88047
2.11899 1.19784 1.70878
0.538868 1.07774 2.76679
0.479204 0.958408 3.12478
1.10068 1.94966 0.0503385
0.401692 0.803383 3.58985
0.753837 1.50767 1.47698
0.507596 1.01519 2.95443
2.99979 1.0001 0.999921
0.44044 0.880879 3.35736
0.350222 0.700445 3.89867
0.777283 1.55457 1.3363
0.708523 1.41705 1.74886
0.589828 1.17966 2.46103
0.85338 1.70676 0.879717
0.0966576 0.193315 5.42005
0.802086 1.60417 1.18748
1.5041 1.34696 1.66575
0.311561 0.623122 4.13063
2.78246 1.00008 1.65195
0.46625 0.932501 3.2025
2.05102 1.33885 1.09766
0.0844214 0.168843 5.49347
0.607458 1.21492 2.35525
0.146081 0.292162 5.12351
1.30739 1.84631 0.153694
0.363103 0.726206 3.82138
1.92036 1.29308 1.48769
0.555553 1.11111 2.66668
0.906053 1.81211 0.563685
2.37679 1.3116 0.688395
2.26081 1.36959 0.630407
1.31763e-16 1.31763e-16 6
0.427501 0.855002 3.43499
