1.68848 1.27118 1.84459
0.046881 0.093762 5.71871
0.0586376 0.117275 5.64817
0.0821021 0.164204 5.50739
0.259304 0.518609 4.44417
2.43305 1.28348 0.716523
0.688336 1.37667 1.86999
0.878534 1.75707 0.728798
0.343589 0.687178 3.93847
0.0116954 0.0233908 5.92983
1.56257 1.71872 0.281283
0.963698 1.9274 0.217814
0.753862 1.50772 1.47683
0.46758 0.935159 3.19452
2.16833 1.41584 0.584164
2.86354 1.06823 0.931768
2.16334 1.09831 2.29115
1.35738 1.52597 1.11251
0.777678 1.55536 1.33393
0.331429 0.662858 4.01143
1.97841 1.37437 1.04242
0.211774 0.423548 4.72936
0.27124 0.54248 4.37256
0.480212 0.960423 3.11873
1.32289 1.68008 0.638663
2.25298e-16 2.25298e-16 6
0.82676 1.65352 1.03944
0.368033 0.736067 3.7918
1.33552 1.83224 0.16776
0.188131 0.376263 4.87121
2.41944 1.17919 1.28842
2.99971 1.00015 0.999853
0.355794 0.711588 3.86524
0.508157 1.01631 2.95106
2.2113 1.27069 1.17424
0.492868 0.985735 3.04279
0.646669 1.29334 2.11999
0.905398 1.8108 0.567609
0.454984 0.909967 3.2701
0.539344 1.07869 2.76394
0.235479 0.470959 4.58712
2.60195 1.08962 1.45287
0.555943 1.11189 2.66434
0.62665 1.2533 2.2401
2.04007 1.47996 0.520036
1.44807 1.77597 0.224034
0.152758 0.305517 5.08345
0.105665 0.21133 5.36601
0.732165 1.46433 1.60701
0.0351365 0.0702731 5.78918
0.932936 1.86587 0.402383
2.57245 1.21378 0.786223
0.295202 0.590403 4.22879
2.45236 1.05823 2.04064
2.07859 1.22703 1.60733
1.49468 1.58146 0.803492
0.0234096 0.0468193 5.85954
0.607989 1.21598 2.35207
0.52352 1.04704 2.85888
0.223607 0.447215 4.65836
0.176323 0.352646 4.94206
0.0703605 0.140721 5.57784
1.53805 1.42928 1.3115
1.91775 1.54113 0.458874
1.22239 1.8888 0.111196
0.405038 0.810076 3.56977
0.417461 0.834922 3.49524
1.10924 1.94538 0.054619
0.247386 0.494773 4.51568
0.140953 0.281906 5.15428
0.442429 0.884858 3.34543
0.12918 0.25836 5.22492
0.39265 0.785299 3.6441
2.30151 1.34924 0.650757
1.76109 1.47005 0.925663
2.28528 1.13987 1.78422
2.56344 1.00008 2.30874
0.199941 0.399882 4.80035
0.589503 1.17901 2.46298
0.852334 1.70467 0.885995
2.78095 1.00011 1.65616
1.79739 1.60131 0.398694
1.4788 1.36031 1.63072
0.283203 0.566406 4.30078
0.16458 0.329161 5.01252
0.801974 1.60395 1.18816
0.666905 1.33381 1.99857
0.093878 0.187756 5.43673
0.380308 0.760615 3.71815
1 2 1.91137e-16
0.710091 1.42018 1.73945
0.307239 0.614478 4.15656
2.71829 1.14086 0.859143
1.68179 1.6591 0.340897
1.85866 1.32149 1.43085
0.572664 1.14533 2.56402
0.319315 0.638631 4.08411
1.91289 1.18607 2.05595
0.117432 0.234863 5.29541
0.429932 0.859864 3.42041
