0.15095 3.6981
0.405631 3.18874
0.0216194 3.95676
0.384711 3.23058
1.69686 0.606286
0.735454 2.52909
1.28619 1.42762
1.65705 0.685897
0.0648117 3.87038
1.24763 1.50473
0.172455 3.65509
1.38287 1.23427
1.63728 0.725433
1.57806 0.843887
0.129468 3.74106
0.755726 2.48855
0.935644 2.12871
0.27923 3.44154
1.03413 1.93175
1.44114 1.11773
1.07327 1.85347
0.509805 2.98039
0.551312 2.89738
1.53875 0.922511
1.01451 1.97098
0.592487 2.81503
0.613016 2.77397
1.67692 0.646153
0.95545 2.0891
1.8375 0.325004
0.876093 2.24782
1.17039 1.65922
0.257966 3.48407
1.15105 1.6979
0.215296 3.56941
1.40229 1.19542
0.633551 2.7329
1.8173 0.365405
1.20904 1.58192
0.994849 2.0103
0.654027 2.69195
1.61756 0.764888
1.46063 1.07875
1.11224 1.77552
0.856179 2.28764
1.59775 0.804494
0.236612 3.52678
1.73686 0.526281
1.42171 1.15658
0.489093 3.02182
1.51914 0.961722
1.79711 0.405777
0.67446 2.65108
0.468259 3.06348
1.91857 0.162866
1.71684 0.566314
0.0863863 3.82723
2 4.94491e-07
1.09276 1.81449
1.77699 0.446025
1.87797 0.244057
0.300412 3.39918
0.836226 2.32755
1.55832 0.883367
4.96291e-07 4
1.18973 1.62055
1.30547 1.38906
1.05371 1.89257
1.95925 0.0814933
1.26691 1.46619
1.97963 0.0407439
0.107932 3.78414
1.13166 1.73669
0.975166 2.04967
0.895985 2.20803
1.34413 1.31174
0.571899 2.8562
0.447437 3.10513
1.49958 1.00083
0.426559 3.14688
0.53052 2.93896
0.69482 2.61036
1.7569 0.486209
0.0432209 3.91356
1.93892 0.122171
1.89827 0.203452
1.85772 0.284569
0.363721 3.27256
1.3635 1.273
0.915816 2.16837
1.48012 1.03976
1.22832 1.54335
0.796035 2.40793
0.71516 2.56968
0.321596 3.35681
0.193909 3.61218
0.775891 2.44822
0.816171 2.36766
0.342661 3.31468
1.32477 1.35045
