0.713381 2.57326
0.961577 2.07686
0.508952 2.98211
1.20792 1.58419
1.52718 0.945658
0.0615877 3.87684
0.529287 2.94144
1.86079 0.27843
1.003 1.99401
1.60547 0.789087
0.857995 2.28403
0.12314 3.75374
1.10621 1.7876
1.06507 1.86988
1.9202 0.159607
0.102567 3.79488
1.12662 1.74677
1.70326 0.593506
1.58589 0.828234
0.428049 3.14392
0.143587 3.71284
1.26873 1.46256
0.754539 2.49094
0.899482 2.20105
0.164027 3.67196
0.387541 3.22494
1.80145 0.397108
0.878738 2.24254
1.72288 0.554262
0.920164 2.15969
1.56638 0.867254
1.32909 1.34184
1.44845 1.10311
0.286068 3.42788
1.22816 1.54369
0.837256 2.32551
0.265742 3.46853
0.775185 2.44965
1.48803 1.02396
5.89274e-06 4.00001
1.18775 1.62451
1.30899 1.38203
1.08569 1.82864
1.94014 0.119744
0.672293 2.65543
1.841 0.318022
0.407834 3.18435
0.982191 2.03564
1.64455 0.710913
1.66409 0.671844
1.46822 1.06357
1.90038 0.199263
0.610829 2.77836
0.733947 2.53212
1.5077 0.984614
1.62499 0.750037
0.204846 3.59033
0.0820784 3.83586
0.816531 2.36696
0.651714 2.69659
1.40872 1.18257
0.225175 3.54967
0.56999 2.86004
1.02375 1.95252
0.0205441 3.95893
0.488724 3.02257
1.96012 0.0797811
0.795803 2.40841
1.34915 1.30172
1.82125 0.35752
1.24841 1.5032
0.245539 3.50894
2.00001 6.23202e-06
1.3889 1.22223
1.98011 0.0398032
1.78178 0.436459
0.0410748 3.91787
1.04438 1.91125
1.54684 0.90633
1.14699 1.70604
0.367175 3.26567
0.468437 3.06314
1.42859 1.14284
0.590509 2.819
0.692869 2.61428
0.346925 3.30617
0.448211 3.1036
0.184443 3.63113
1.369 1.26202
0.306353 3.38731
0.549649 2.90072
1.88055 0.238908
0.326676 3.34667
0.631262 2.73749
1.16746 1.6651
1.28893 1.42216
1.68367 0.632681
1.7621 0.47582
0.9408 2.11842
1.74243 0.515149
