0.293284 0.586568 4.2403
0.435748 0.871497 3.38551
0.963913 1.92783 0.216519
0.233852 0.467703 4.59689
0.139396 0.278792 5.16362
1.87219 1.4164 1.00464
0.0345758 0.0691517 5.79254
1.73404 1.63298 0.367018
1.59486 1.31063 1.74702
2.63499 1.04116 1.72704
0.51054 1.02108 2.93676
0.745482 1.49096 1.52711
0.471403 0.942806 3.17158
2.06814 1.12678 2.22946
0.222009 0.444017 4.66795
0.557615 1.11523 2.65431
0.835064 1.67013 0.989615
2.99989 1.00004 1.00001
0.305132 0.610263 4.16921
1.65555 1.37468 1.41941
2.09206 1.31912 1.12798
0.684526 1.36905 1.89284
1.66644 1.52414 0.829585
0.0925806 0.185161 5.44452
0.388215 0.776429 3.67071
2.2181 1.16459 1.74625
1.23403 1.88298 0.117016
0.0577207 0.115441 5.65368
0.704254 1.40851 1.77448
1.1148 1.9426 0.0573977
0.789379 1.57876 1.26372
0.609796 1.21959 2.34123
0.328838 0.657676 4.02697
0.0809364 0.161873 5.51438
0.645663 1.29133 2.12602
1.60245 1.69877 0.301227
2.52701 1.12058 1.41984
0.933633 1.86727 0.398203
1.84865 1.21216 1.9827
0.0115041 0.0230082 5.93098
1.86267 1.56866 0.431337
0.0693212 0.138642 5.58407
0.411947 0.823894 3.52832
0.858627 1.71725 0.848238
2.54418 1.22791 0.772088
0.174722 0.349444 4.95167
0.574786 1.14957 2.55128
0.376311 0.752623 3.74213
0.269501 0.539002 4.383
2.33177 1.21288 1.26647
0.127657 0.255313 5.23406
0.340692 0.681385 3.95585
0.0461318 0.0922635 5.72321
1.45454 1.46732 1.2411
0.45952 0.91904 3.24288
0.88257 1.76514 0.704579
2.1278 1.4361 0.563898
0.664962 1.32992 2.01023
0.447628 0.895256 3.31423
0.210165 0.420331 4.73901
0.104257 0.208513 5.37446
1.47648 1.76176 0.238239
0.4833 0.9666 3.1002
0.54177 1.08354 2.74938
0.627652 1.2553 2.23409
2.37456 1.07354 2.08775
2.54509 1.00002 2.36446
1.99763 1.50118 0.498815
0.151162 0.302324 5.09303
0.364435 0.728869 3.81339
0.281385 0.562771 4.31169
0.115943 0.231885 5.30434
0.767086 1.53417 1.39748
0.0230278 0.0460556 5.86183
1.98542 1.26433 1.54397
2.81488 1.00004 1.55507
2.4059 1.29705 0.702948
0.400074 0.800149 3.59955
1.35464 1.82268 0.177319
0.495203 0.990406 3.02878
0.198323 0.396646 4.81006
0.525978 1.05196 2.84413
0.907024 1.81405 0.557857
1 2 2.32211e-16
0.316975 0.63395 4.09815
2.26483 1.36758 0.632416
0.812037 1.62407 1.12778
0.25761 0.515221 4.45434
1.37407 1.66146 0.652209
1.34767 1.56996 0.972031
0.592067 1.18413 2.4476
0.724138 1.44828 1.65517
0.42384 0.84768 3.45696
1.94391e-16 1.94391e-16 6
0.352571 0.705142 3.88457
2.69142 1.15429 0.845712
2.84449 1.07776 0.922243
0.186505 0.37301 4.88097
0.245723 0.491446 4.52566
0.162946 0.325893 5.02232
