0.247975 3.50405
0.82018 2.35964
0.606171 2.78766
0.207168 3.58566
0.664685 2.67063
1.27448 1.45105
0.0626369 3.87473
0.567018 2.86596
1.91485 0.170303
1.70428 0.591447
1.41604 1.16791
0.34925 3.3015
0.145442 3.70912
0.527751 2.9445
1.76711 0.465771
0.429122 3.14176
1.49763 1.00474
0.409245 3.18151
1.03557 1.92887
0.020895 3.95821
0.996222 2.00756
1.47717 1.04565
0.186597 3.62681
1.13455 1.7309
1.7252 0.549602
1.25435 1.49131
1.87246 0.255085
1.39566 1.20869
1.95743 0.0851411
0.839644 2.32071
0.93735 2.1253
1.17438 1.65124
0.268349 3.4633
0.389293 3.22141
1.55914 0.881728
0.859166 2.28167
0.166007 3.66799
0.703582 2.59284
1.97872 0.0425688
0.742423 2.51515
0.956949 2.0861
1.21427 1.57146
0.761866 2.47627
0.976562 2.04688
1.33494 1.33012
0.104177 3.79165
1.93614 0.127718
1.07505 1.8499
0.0417734 3.91645
1.64184 0.716323
0.50803 2.98394
1.2343 1.53141
0.684132 2.63174
1.45673 1.08654
0.781293 2.43741
1.89365 0.212705
1.0553 1.8894
1.01587 1.96826
1.51808 0.96384
1.57976 0.840474
1.19432 1.61136
0.898212 2.20358
1.74615 0.507695
0.878666 2.24267
0.645219 2.70956
1.62114 0.757723
0.448887 3.10223
0.625715 2.74857
0.468619 3.06276
1.53858 0.922832
6.95735e-13 4
1.11464 1.77072
0.22755 3.5449
1.6835 0.633004
0.488325 3.02335
0.308915 3.38217
1.80915 0.381698
0.586611 2.82678
1.85129 0.297416
1.83022 0.339558
0.124829 3.75034
0.800731 2.39854
1.66261 0.674777
1.43638 1.12724
0.0834176 3.83316
1.60044 0.799121
0.288569 3.42286
1.09484 1.81033
1.15445 1.69111
1.35513 1.28974
0.917751 2.1645
1.78808 0.423843
1.29458 1.41084
1.37539 1.24923
0.36932 3.26136
0.72301 2.55398
1.31473 1.37054
0.547387 2.90523
0.329032 3.34194
2 6.76362e-13
