0.498923 3.00215
1.75274 0.494523
0.837083 2.32583
0.397141 3.20572
0.5393 2.9214
1.38841 1.22318
1.54893 0.902144
1.0524 1.89521
0.738705 2.52259
1.48853 1.02293
2 6.02299e-12
1.42836 1.14328
0.211117 3.57777
1.32866 1.34268
0.356117 3.28777
1.30879 1.38242
1.26916 1.46168
1.73222 0.535559
0.0212691 3.95746
0.718908 2.56218
1.15062 1.69877
0.679195 2.64161
1.93815 0.123705
0.314966 3.37007
1.56916 0.861683
0.934995 2.13001
0.273652 3.4527
1.17032 1.65936
0.478685 3.04263
0.169189 3.66162
0.417635 3.16473
0.252882 3.49424
1.67082 0.658355
1.44841 1.10317
0.519134 2.96173
0.127118 3.74576
1.97938 0.0412325
0.294331 3.41134
1.34855 1.3029
0.458395 3.08321
0.599491 2.80102
1.03281 1.93439
1.8144 0.371202
1.8969 0.206201
0.190168 3.61966
1.2296 1.54079
1.19004 1.61991
1.91752 0.164951
0.0848969 3.83021
1.85564 0.288718
0.974096 2.05181
1.28895 1.42209
0.376631 3.24674
0.438045 3.12391
0.232045 3.53591
1.07201 1.85598
0.778158 2.44368
0.993653 2.01269
1.13094 1.73811
1.7938 0.4124
1.24934 1.50131
1.77326 0.453472
1.69125 0.617503
0.559433 2.88113
0.0425118 3.91498
1.36847 1.26306
0.33552 3.32896
1.87627 0.247459
1.60971 0.78059
0.915451 2.1691
0.0637479 3.8725
0.659259 2.68148
1.01321 1.97358
0.817467 2.36507
1.46845 1.0631
1.15699e-15 4
0.758421 2.48316
0.856692 2.28662
0.148189 3.70362
1.52878 0.942432
0.95454 2.09092
1.65041 0.699177
1.09163 1.81674
1.11127 1.77747
1.83501 0.329981
1.63006 0.739882
0.639417 2.72117
0.579472 2.84106
1.40836 1.18327
0.79784 2.40432
0.699061 2.60188
1.71174 0.576515
0.876278 2.24744
1.50864 0.982726
0.895856 2.20829
1.58938 0.821231
1.20981 1.58037
0.106025 3.78795
0.61946 2.76108
1.95877 0.0824681
