1.68892 0.622226
0.86568 2.2687
0.748239 2.50358
1.54768 0.904702
0.322543 3.35498
1.48816 1.02374
0.649215 2.70163
1.72973 0.540601
0.669219 2.66162
1.5278 0.944455
0.3852 3.22966
1.42893 1.14219
0.0218543 3.95635
1.06005 1.87995
1.81205 0.37596
1.4486 1.10286
0.767936 2.46419
0.508416 2.98323
1.2729 1.45426
1.60774 0.784583
0.130633 3.7388
1.83268 0.334693
1.66857 0.662913
0.259276 3.48151
1.07943 1.8412
0.629409 2.74124
1.13751 1.72505
1.85343 0.293208
0.78751 2.42504
1.70926 0.581533
1.62803 0.743999
1.17616 1.64775
1.15683 1.6864
1.97896 0.042146
0.589347 2.82137
1.95793 0.0842122
1.29231 1.41543
1.56772 0.864629
1.93696 0.126133
0.826625 2.34681
0.280437 3.43919
0.488039 3.02399
2.09041e-05 4.00002
0.467583 3.0649
0.405874 3.18831
1.21482 1.57042
1.87424 0.251581
1.58765 0.82477
0.195287 3.60949
0.152207 3.69565
1.79141 0.417235
0.943583 2.1129
1.31172 1.37663
0.807078 2.38591
1.91603 0.168004
0.96302 2.07402
1.11816 1.76373
0.237971 3.52412
0.885178 2.22971
0.689023 2.62202
1.75019 0.499681
1.77078 0.458499
1.50798 0.984099
1.64827 0.703514
0.04364 3.91278
0.426562 3.14694
1.46838 1.0633
0.0872264 3.82561
1.2535 1.49306
0.17376 3.65254
0.708782 2.5825
1.40933 1.18139
0.609399 2.78126
0.301504 3.39705
2.00002 2.09039e-05
1.33115 1.33777
1.38974 1.22057
0.108957 3.78215
1.00185 1.99636
0.447101 3.10586
1.19549 1.60909
0.343527 3.31301
0.549002 2.90206
0.56922 2.86162
0.0654525 3.86916
0.92413 2.1518
1.02125 1.95755
1.04066 1.91874
1.37019 1.25968
0.364431 3.2712
0.982434 2.0352
0.846149 2.30776
0.728502 2.54306
0.904659 2.19074
1.35061 1.29884
0.528773 2.94252
1.23415 1.53177
1.89514 0.209783
0.216683 3.5667
1.09879 1.80248
