0.284096 0.568193 4.29542
1.95486 1.37954 1.052
0.0455566 0.0911131 5.72666
2.08184 1.45908 0.540919
1.87356 1.31785 1.42962
1.73655 1.48295 0.904564
2.72731 1.13634 0.863658
0.781586 1.56317 1.31049
2.99982 1.00008 0.999963
2.20054 1.27507 1.17012
0.357757 0.715513 3.85346
1.31936 1.68528 0.625535
2.40819 1.17064 1.36031
0.333259 0.666519 4.00044
0.637111 1.27422 2.17733
1.58228 1.70886 0.291139
0.0570298 0.11406 5.65782
0.115195 0.23039 5.30883
2.63202 1.00005 2.1034
0.222947 0.445894 4.66232
0.198669 0.397337 4.80799
1.70722 1.64639 0.35361
0.235153 0.470307 4.58908
0.394431 0.788862 3.63341
1.47322 1.59453 0.779667
0.536302 1.0726 2.78219
0.655673 1.31135 2.06596
0.736585 1.47317 1.58049
1.61043e-16 1.61043e-16 6
2.37428 1.04902 2.30064
2.24664 1.12311 1.96655
0.369999 0.739997 3.78001
0.150637 0.301274 5.09618
0.296358 0.592715 4.22185
1 2 2.00491e-16
0.186581 0.373162 4.88051
2.20623 1.39688 0.603117
0.805396 1.61079 1.16762
0.715261 1.43052 1.70844
0.82973 1.65946 1.02162
0.854694 1.70939 0.871836
0.506574 1.01315 2.96055
2.09762 1.21693 1.63412
0.443423 0.886846 3.33946
0.758217 1.51643 1.4507
1.34506 1.82747 0.172532
0.345511 0.691022 3.92693
0.694691 1.38938 1.83185
0.520906 1.04181 2.87456
0.933443 1.86689 0.399345
1.83268 1.58366 0.416338
0.406659 0.813318 3.56005
0.96387 1.92774 0.216778
0.126918 0.253836 5.23849
0.0227073 0.0454146 5.86376
2.59596 1.20202 0.797978
0.0113382 0.0226765 5.93197
0.467809 0.935617 3.19315
2.47143 1.26429 0.735713
0.308677 0.617355 4.14794
0.138753 0.277506 5.16748
0.16258 0.32516 5.02452
1.22841 1.88579 0.114207
0.431159 0.862317 3.41305
1.46203 1.76899 0.231014
0.880246 1.76049 0.718524
2.7879 1.0165 1.50168
0.90649 1.81298 0.561061
0.618723 1.23745 2.28766
1.48964 1.44145 1.30731
0.320963 0.641926 4.07422
2.85929 1.07036 0.929645
2.54914 1.08389 1.61747
0.0685568 0.137114 5.58866
0.382241 0.764482 3.70655
0.271826 0.543652 4.36904
1.72022 1.26306 1.85369
0.0801219 0.160244 5.51927
0.247391 0.494783 4.51565
0.480054 0.960109 3.11967
0.60098 1.20196 2.39412
0.674385 1.34877 1.95369
0.418907 0.837815 3.48656
1.53807 1.36128 1.58012
0.259587 0.519174 4.44248
0.103449 0.206898 5.37931
0.567512 1.13502 2.59493
1.11215 1.94392 0.0560775
0.17455 0.349099 4.9527
2.33698 1.33151 0.668488
1.34584 1.53556 1.08889
1.92421 1.17538 2.10537
0.492301 0.984602 3.04619
0.210791 0.421582 4.73525
0.551735 1.10347 2.68959
0.0917757 0.183551 5.44935
0.455609 0.911219 3.26634
1.95452 1.52274 0.477259
0.0341159 0.0682319 5.7953
0.583366 1.16673 2.4998
