5.27604e-31 2.0799 5.12509
1.43192 2.48307 1.91673
1.36644 2.26113 2.77343
0.697047 3.47955 2.09424
0.631617 2.56022 4.20255
6.51481e-31 3.25489 3.48751
0.640703 7.84635e-17 5.68379
1.64833 1.84041 1.9814
1.60777 2.37914 3.67394e-16
0.609631 3.80965 3.67394e-16
7.77281e-31 2.96754 4.02316
1.95049 0.884527 3.67394e-16
1.37022 1.42133 3.81537
1.45802 2.73802 3.67394e-16
1.25261 1.53401e-16 4.67746
1.53211 2.5711 3.67394e-16
1.56164 2.23485 1.67745
0.878555 1.74807 4.70934
2.97217e-25 3.83659 1.69746
0.591726 1.17092 5.45563
1.75804 1.56023 1.64508
1.28859 1.99392 3.48
2 2.44929e-16 3.67394e-16
0.93175 3.32976 1.80006
1.08893 3.35514 3.67394e-16
0.8142 2.74488 3.61682
1.96309 2.40409e-16 1.1474
1.90573 1.2136 3.67394e-16
1.91648 2.34702e-16 1.71575
0.980028 1.15636 4.9343
0.834071 3.20418 2.57656
1.28162 1.15796 4.26617
1.62711 1.0958 3.07747
0.593794 3.33477 2.79378
1.16033 1.421e-16 4.88699
1.4377 1.79946 3.17988
1.2133 2.43402 3.06937
5.81238e-31 1.86608 5.30707
0.565043 3.65677 1.74344
1.74278 2.13429e-16 2.94355
0.748725 3.70913 3.67394e-16
1.18618 3.22055 3.67394e-16
4.77666e-31 3.50591 2.88867
1.37959 2.89602 3.67394e-16
1.86235 2.28072e-16 2.18746
0.899526 2.39333 3.97864
1.6723 2.04797e-16 3.29101
5.99918e-31 1.38646 5.62805
1.73791 1.97958 3.67394e-16
0.784545 1.25069 5.19046
1.19514 1.73716 4.04412
1.13035 2.7874 2.64939
1.50627 2.05508 2.46531
7.38054e-31 3.61906 2.55548
1.02868 2.5934 3.36801
1.50011 1.25891 3.49015
4.46718e-31 4 3.67394e-16
2.31436e-18 2.80186 4.28213
0.663127 3.07229 3.28705
4.71551e-31 3.92776 1.13516
1.35083 1.65429e-16 4.42462
1.82525 1.08505 1.83496
1.44262 1.76671e-16 4.15566
5.17656e-31 1.10526 5.7664
4.76047e-31 2.46543 4.7248
5.41837e-31 0.738507 5.89685
0.872934 3.59888 3.67394e-16
3.17365e-31 1.63739 5.47427
0.984994 3.48126 3.67394e-16
1.30241 2.66022 2.19335
1.04622 1.28125e-16 5.11358
1.57747 1.61298 2.78398
0.922258 1.12944e-16 5.324
5.28993e-31 2.27894 4.93097
1.85787 1.48099 3.67394e-16
0.720901 2.23164 4.48523
1.52194 1.86383e-16 3.89274
1.05803 3.0949 2.09136
0.563901 2.8616 3.8358
1.0125e-05 5.07004e-20 6
1.59641 1.95504e-16 3.6143
1.10795 1.3854 4.54241
1.8021 2.20693e-16 2.60231
1.22232 2.94671 1.7368
5.16192e-31 3.38455 3.1978
1.71055 1.28113 2.44405
1.11135 2.20662 3.73208
0.930465 2.93266 2.97607
0.645636 1.66825 5.0977
0.995001 1.97266 4.28184
1.80045 1.74172 3.67394e-16
0.789232 9.6653e-17 5.51308
2.99082e-31 2.63865 4.50937
0.44334 3.90049 3.67394e-16
1.67881 2.17401 3.67394e-16
0.46118 5.64783e-17 5.83831
1.28604 3.0634 3.67394e-16
5.93412e-31 3.12355 3.74802
0.599411 2.03011 4.84699
3.65231e-31 3.73352 2.15335
