1.76264 1.89006
1.61304 2.36483
0.123774 3.99233
1.33873 2.97174
1.82323 1.64417
1.47423 2.70306
1.79959 1.74526
1.13194 3.2977
0.76679 3.69434
1.6838 2.15853
1.65606 2.24275
1.99037 0.391966
1.84606 1.53893
1.00607 3.45707
1.87871 1.3718
1.86804 1.42889
1.24795 3.12577
0.473086 3.88648
1.58344 2.44352
1.59834 2.40442
1.26651 3.09577
0.599523 3.81606
0.983937 3.48245
1.81151 1.69521
0.185691 3.98272
0.961426 3.50751
0.685908 3.75741
1.02784 3.43135
1.89933 1.25306
1.303 3.0346
0.506179 3.86977
0.938585 3.53217
1.42479 2.80711
1.99572 0.261403
1.72403 2.02752
1.04931 3.40526
0.32574 3.94659
1.71081 2.07183
1.45793 2.73821
0.74038 3.71582
0.915317 3.55651
1.97036 0.686129
0.628986 3.79704
2 9.6748e-13
1.09119 3.35219
0.657721 3.77751
0.365317 3.93271
1.0704 3.3789
0.000728695 4
1.40796 2.84088
1.78745 1.79445
1.5221 2.59477
1.32095 3.00339
1.73708 1.98249
1.44143 2.77292
1.62757 2.32467
1.37373 2.90713
1.19101 3.21341
0.89167 3.58046
1.15189 3.26995
1.55316 2.52008
1.11173 3.32508
1.77515 1.84266
0.818151 3.65
1.39098 2.87415
1.64191 2.28398
1.74996 1.93665
1.5684 2.48204
1.17158 3.24185
1.9462 0.92156
1.21022 3.18457
0.792714 3.67239
1.28486 3.06538
1.85716 1.48454
1.91894 1.12724
0.538188 3.85246
0.867653 3.60399
1.93742 0.992819
1.97757 0.597398
1.50631 2.63136
1.49037 2.66744
1.6974 2.11551
1.96269 0.768982
0.40292 3.91799
1.90927 1.1911
0.438778 3.90255
1.88915 1.31319
1.83476 1.59207
1.35633 2.93964
0.843125 3.6272
1.92833 1.06121
1.53771 2.55769
1.98427 0.500654
0.56927 3.83454
0.237284 3.97175
1.67002 2.20094
1.95462 0.847231
0.283422 3.95963
0.713406 3.73687
1.2292 3.15536
