0.686843 3.75673
1.74564 1.95215
1.27024 3.08966
1.89265 1.29288
1.04888 3.40579
0.600677 3.81533
0.792822 3.67229
1.82934 1.61681
1.37969 2.89584
2 2.49558e-16
1.36196 2.9292
1.97808 0.590604
1.94766 0.909136
1.49868 2.64875
1.44882 2.75747
1.57773 2.45826
1.66554 2.21447
1.1121 3.3246
0.891056 3.58107
1.78281 1.81282
1.62261 2.33848
1.91204 1.17323
0.86714 3.60448
1.85131 1.51349
1.98461 0.495296
0.570376 3.83389
1.15301 3.26837
1.19299 3.21047
0.365683 3.93257
1.9558 0.836262
1.86196 1.46029
1.43181 2.79279
1.99056 0.388246
1.69311 2.12921
1.77064 1.85992
1.93039 1.04609
1.30751 3.02683
1.53092 2.57393
1.71981 2.04183
1.48226 2.68544
1.90245 1.23401
1.92135 1.11067
1.23203 3.15094
0.539238 3.85187
1.9636 0.759704
1.59291 2.41879
1.34403 2.96216
1.73282 1.99734
0.325947 3.94652
1.88263 1.35009
1.0702 3.37915
1.21261 3.18093
0.767134 3.69405
1.32585 2.99474
0.983152 3.48334
0.439179 3.90237
1.41461 2.82763
0.914612 3.55724
0.123561 3.99236
1.93915 0.979153
0.283329 3.95966
1.65143 2.25635
1.63713 2.29765
1.99581 0.258898
1.46564 2.72169
1.0913 3.35206
0.658846 3.77673
1.60787 2.37888
0.740943 3.71538
0.818037 3.6501
1.13265 3.29673
0.937802 3.533
1.70657 2.08579
1.79476 1.76505
0.00221655 4
0.960651 3.50836
0.403207 3.91787
1.5149 2.61156
1.75825 1.90638
0.63014 3.79627
1.25125 3.1205
1.80649 1.71649
1.84044 1.56562
1.28898 3.05845
1.39722 2.86201
1.81802 1.66708
1.00537 3.45788
1.56234 2.49727
1.8724 1.40586
0.237104 3.97179
1.54673 2.53584
1.02728 3.43202
1.97105 0.678171
0.507022 3.86933
1.67942 2.17214
0.84279 3.62751
0.473656 3.88621
0.714193 3.73627
0.185534 3.98275
1.17311 3.23964
