0.609985 3.80942
0.995492 3.46929
0.926908 3.54448
0.547982 3.84693
1.87108 1.41289
1.97399 0.643016
1.85001 1.5198
2 2.42887e-14
1.57112 2.47515
1.70289 2.09776
1.40659 2.84358
1.01765 3.44348
1.06096 3.39079
0.829679 3.63958
0.879178 3.5928
1.67509 2.18547
1.71644 2.05313
1.63175 2.3129
1.8812 1.35804
1.95263 0.86539
1.82784 1.62359
1.14417 3.28078
1.96723 0.721143
1.66084 2.22856
1.93661 0.999072
1.38916 2.87767
1.64641 2.27099
1.9916 0.366197
1.68908 2.14197
0.972986 3.49474
1.33563 2.9773
0.77832 3.68468
1.99627 0.244116
0.579409 3.82846
0.724737 3.72814
1.52366 2.5911
1.89114 1.30168
1.86069 1.46672
0.372685 3.92994
1.45796 2.73814
1.96009 0.795065
1.98035 0.559265
1.26154 3.10388
1.35367 2.94455
1.12375 3.30889
1.58657 2.43541
1.60182 2.39514
0.189718 3.98196
1.299 3.04144
1.24257 3.13434
1.31742 3.00958
1.76827 1.86892
1.91023 1.18492
1.94478 0.933442
5.2801e-06 4
1.55549 2.51431
0.854659 3.61638
1.22338 3.16438
1.53968 2.55296
1.49113 2.66573
0.410814 3.91471
1.78066 1.82125
1.7428 1.96228
0.332407 3.94437
1.91937 1.12433
0.126455 3.992
1.18427 3.22336
1.10307 3.33661
0.903235 3.56885
1.42395 2.80881
1.37153 2.9113
1.79282 1.77291
1.80472 1.72392
1.92816 1.06244
1.03947 3.41731
0.804261 3.66233
1.50748 2.62868
0.697055 3.74919
1.72977 2.00787
0.66874 3.76977
1.47465 2.70214
1.90087 1.24369
0.447189 3.89873
1.28036 3.0729
1.8164 1.67414
1.98624 0.468327
0.242478 3.97049
1.16432 3.25229
0.289357 3.95791
0.751812 3.70663
1.08214 3.36391
1.83907 1.57205
1.44106 2.7737
0.482017 3.88209
0.95013 3.5198
1.75569 1.91579
0.515519 3.86484
1.61688 2.3543
0.639734 3.78985
1.20396 3.19405
