1.2277 2.95442 1.67198
1.63294 2.30955 3.67394e-16
3.22345e-29 2.63787 4.5104
0.460485 5.63932e-17 5.8388
0.54682 1.92684 4.99553
0.807532 9.88942e-17 5.48917
1.60107 1.96074e-16 3.59573
4.78373e-29 0.812187 5.87501
0.929378 1.20175 4.99769
1.16529 1.76548 4.0946
2.33054e-29 3.14338 3.71054
1.27413 2.04091 3.46661
1.20636 3.19042 3.67394e-16
1.02854 2.74687 3.08254
1.03851e-28 2.03863 5.16227
2 2.44929e-16 3.67394e-16
1.38768 2.26666 2.6663
0.958924 1.93026 4.39783
0.555779 3.67091 1.7029
1.46385 2.43843 1.82642
4.69855e-29 2.81824 4.25787
0.702631 2.6663 3.94477
1.10846 3.32945 3.67394e-16
0.530993 1.01548 5.58052
1.65582 1.87583 1.84581
4.62223e-29 2.2661 4.94426
1.30605 3.02935 3.67394e-16
1.33061 2.66962 2.00746
1.7737 1.84823 3.67394e-16
1.16402 1.42551e-16 4.8791
1.62988 1.11789 3.04627
0.926539 3.05414 2.69929
1.8286 1.08426 1.80578
4.80976e-07 9.13288e-22 6
3.82194e-29 2.98609 3.99216
1.44345 1.76771e-16 4.15309
1.7457 2.13787e-16 2.92793
1.39263 1.11039 3.97128
1.261 1.54428e-16 4.65713
0.446483 3.89905 3.67394e-16
1.94537 0.92849 3.67394e-16
1.89382 1.286 3.67394e-16
1.16068 2.38897 3.32177
1.23682 1.24978 4.32645
1.06925 2.1818 3.87297
0.646701 3.19819 3.03678
0.942726 2.56834 3.62762
1.55994 2.50327 3.67394e-16
3.69075e-29 3.52244 2.84306
5.94609e-29 3.7476 2.09757
3.96871e-29 3.2737 3.44768
1.07099 1.3812 4.62433
0.56528 2.5021 4.36325
1.8367 1.58308 3.67394e-16
3.53212e-29 1.53472 5.5408
9.41465e-28 2.4464 4.747
0.648765 7.94508e-17 5.67556
1.7052 2.09025 3.67394e-16
1.05051 3.17097 1.8558
1.35204 1.65577e-16 4.42131
1.34062 1.6168 3.73403
1.44387 1.8615 3.07255
1.59031e-26 1.7916 5.3645
2.29536e-29 4 3.67394e-16
1.00357 3.45996 3.67394e-16
0.888642 3.58347 3.67394e-16
1.50152 1.32582 3.4284
0.766403 2.9481 3.3404
1.48228 2.68541 3.67394e-16
1.96391 2.4051e-16 1.13469
1.13861 2.86056 2.43326
2.67252e-29 3.93161 1.10476
1.67598 2.05249e-16 3.27411
1.80481 2.21025e-16 2.58535
0.831611 1.71784 4.81
1.53869 2.1065 2.16976
5.3275e-29 3.39679 3.16844
0.854578 3.31094 2.18221
1.24225 2.52342 2.79
0.61747 3.80459 3.67394e-16
1.87045e-28 3.639 2.49092
1.05652 1.29387e-16 5.09449
1.39933 2.85788 3.67394e-16
3.35696e-29 1.21383 5.71707
0.673043 2.16367 4.62492
1.7571 1.5484 1.67896
0.58125 3.42053 2.57572
1.58251 1.65528 2.70112
2.72394e-29 3.84532 1.65238
1.91818 2.34909e-16 1.69866
0.61683 1.56778 5.20051
1.86454 2.28341e-16 2.17056
0.848604 2.33116 4.15832
0.740426 3.51074 1.82594
0.760653 3.69941 3.67394e-16
0.940672 1.15199e-16 5.29493
0.575611 2.88842 3.77443
1.52905 1.87255e-16 3.86755
1.71213 1.2846 2.4299
0.725744 1.13506 5.32549
