0.342458 3.94092
1.15878 3.2602
1.17868 3.23154
0.495474 3.87531
0.895029 3.57711
1.49849 2.64917
1.48242 2.68509
1.98121 0.546951
1.54566 2.53846
1.70422 2.09344
1.80425 1.72592
1.63507 2.30353
1.66333 2.2211
0.52964 3.85719
0.845657 3.62484
2.23327e-06 4
1.98717 0.452377
1.4162 2.82445
1.46615 2.72059
0.820194 3.64817
1.96048 0.791282
1.56102 2.50058
0.45999 3.89277
0.988673 3.47708
1.57619 2.46222
1.44969 2.75566
0.298159 3.9553
0.195642 3.98082
0.42286 3.90957
1.83826 1.5758
0.625233 3.79952
1.23687 3.14335
0.767683 3.6936
0.655191 3.77927
0.794188 3.67111
1.64929 2.26259
0.919068 3.55264
1.07627 3.37144
1.89051 1.30531
1.85987 1.4709
1.99257 0.344444
1.9448 0.933245
1.74328 1.96058
1.05486 3.39839
1.1386 3.28853
1.75589 1.91504
1.34695 2.95685
1.8158 1.67676
1.25577 3.11322
1.31114 3.02054
0.684382 3.75852
1.92786 1.06462
1.96782 0.714704
1.90024 1.24756
0.594357 3.81929
1.97474 0.633727
0.942682 3.5278
1.67716 2.1791
1.59119 2.42332
2.00073 0.0008269
1.95283 0.863653
1.01112 3.45117
0.965867 3.50263
1.39918 2.85819
1.32916 2.98887
1.87032 1.41689
1.09733 3.34416
1.84917 1.52389
1.21772 3.17311
1.79246 1.77435
1.88054 1.36173
1.2929 3.05182
1.91892 1.12736
1.60601 2.3839
1.03317 3.42494
1.76828 1.86887
0.383812 3.92565
1.71745 2.04975
1.90971 1.18828
1.53012 2.57583
1.43304 2.79027
1.93649 1.00002
0.130483 3.99148
1.78047 1.822
1.1181 3.31654
1.62064 2.34395
1.99721 0.211186
1.27446 3.0827
1.82714 1.62672
1.73047 2.00547
0.71288 3.73727
0.870565 3.60118
1.38196 2.89149
1.5144 2.61273
1.36455 2.92438
0.249875 3.96866
0.562516 3.83853
1.19833 3.20251
1.6908 2.13654
0.740567 3.71568
