1.33966 2.97005
1.53653 2.56054
1.5517 2.52366
1.08847 3.35573
0.643022 3.78762
1.37454 2.90561
1.15055 3.27184
1.85404 1.50003
1.22928 3.15524
0.374924 3.92909
0.518424 3.86328
1.58154 2.44844
1.91503 1.15355
1.62505 2.3317
1.72095 2.03798
1.21002 3.18488
0.978496 3.48858
0.908145 3.56386
1.69439 2.12514
1.10947 3.32811
1.74683 1.94791
1.90552 1.21487
1.47408 2.7034
1.52119 2.59691
1.77206 1.85453
0.728338 3.72533
0.550999 3.8452
0.700518 3.74661
0.755539 3.7036
0.833991 3.63563
0.955433 3.51406
1.98545 0.481545
1.19046 3.21422
1.87545 1.38952
1.17063 3.24322
1.13015 3.30016
1.80842 1.70834
1.84298 1.55361
1.88574 1.33266
1.39167 2.87281
1.40857 2.83966
0.931997 3.53914
0.582533 3.82657
1.44172 2.77231
1.73398 1.99331
1.458 2.73805
1.9417 0.958761
1.93315 1.02556
0.883886 3.58817
1.82016 1.65774
1.66712 2.20972
1.95786 0.816768
1.94995 0.889273
1.86487 1.44535
1.56669 2.48634
1.9911 0.376976
1.42525 2.80618
1.0012 3.46271
1.24833 3.12517
1.28559 3.06415
0.484758 3.88073
1.50566 2.63285
1.83168 1.60618
1.35721 2.93802
0.449796 3.89753
0.613167 3.80738
1.78438 1.80664
0.243915 3.97014
1.89578 1.27438
1.97925 0.574705
0.190971 3.98172
1.65328 2.25093
1.70776 2.08187
1.63926 2.29158
1.92425 1.09042
1.97257 0.660206
1.04551 3.40993
0.672119 3.76736
0.808343 3.65873
0.127369 3.99188
1.26709 3.09482
1.30385 3.03313
2 7.17319e-12
0.291145 3.95739
1.61073 2.37113
1.96543 0.740483
0.33441 3.94369
1.06714 3.38302
1.75954 1.9016
1.02354 3.4365
1.79648 1.758
1.99605 0.251344
2.4627e-06 4
0.859165 3.61211
1.48996 2.66834
0.413263 3.91368
0.782207 3.68139
1.32187 3.00177
1.68083 2.16777
1.59622 2.41006
