0.05 3.34179 3.45871
1.86447 1.13234 1.98223
1.35034 1.89126 3.67685
0.97493 3.14898 2.63694
1.32989 2.5586 2.71414
0.05 2.89199 4.2722
1.34822 0.05 4.61416
1.18043 1.14675 4.71826
1.69683 0.05 3.45465
0.653733 3.68005 1.80235
0.640877 1.39942 5.4129
0.967879 2.17038 4.32802
0.05 3.46314 3.17866
0.05 2.35443 4.95425
0.05 3.70414 2.49056
0.05 4.05 0.05
1.95239 0.05 1.90157
0.05 2.55065 4.73297
1.61475 0.05 3.78685
1.99893 0.05 1.39727
1.76673 0.05 3.12824
1.19722 1.97252 4.02979
1.51514 2.77277 0.05
1.16789 3.36682 0.05
1.64587 1.40823 3.03796
1.26258 2.87135 2.2538
0.05 3.80389 2.12212
1.44028 0.05 4.36324
1.57183 1.95377 2.69606
0.800716 2.54731 4.16043
0.679228 3.84688 0.05
1.75347 1.27168 2.60453
0.890994 1.12808 5.24803
1.35223 3.08591 0.05
0.986104 0.05 5.3522
1.23715 0.05 4.87868
0.05 0.207369 6.04535
0.128685 0.05 6.04535
0.623926 3.09902 3.53114
1.09909 1.71266 4.50811
1.04645 3.30985 1.82595
0.05 1.34375 5.7275
1.09336 2.33118 3.8571
0.88108 1.91406 4.73675
1.42336 1.32376 3.971
0.05 0.972131 5.88839
0.474104 0.05 5.91355
1.63378 2.16959 1.87107
0.862667 3.44898 2.06536
0.999016 1.38674 4.93609
1.91599 1.48958 0.05
2.01269 0.819025 0.05
0.05 1.65759 5.54411
1.11724 0.05 5.12435
1.96555 1.2001 0.05
1.41891 2.18218 3.03426
0.05 3.58817 2.84876
0.05 3.19698 3.75368
0.05 1.91834 5.35527
0.676555 0.05 5.74797
0.613617 3.51771 2.51673
0.558809 1.07994 5.64315
2.05 0.05 0.05
1.49993 1.70413 3.355
0.82323 3.73897 0.05
1.66079 2.42096 0.05
1.436 2.93375 0.05
1.70632 1.79608 2.15941
0.05 3.98115 1.15843
1.83173 0.05 2.77558
1.26492 3.2274 0.05
1.72751 2.22803 0.05
1.81096 1.59338 1.70281
0.987932 2.66703 3.60987
1.56323 1.15945 3.60269
0.05 3.89428 1.70784
1.89517 0.05 2.36478
1.06404 3.49774 0.05
0.05 3.04297 4.03055
1.79006 2.022 0.05
1.5899 2.60241 0.05
0.724427 1.70619 5.12294
1.41246 2.70928 1.88895
1.12194 2.79658 2.99707
0.717871 3.28923 2.94434
0.952037 3.62006 0.05
0.69774 2.82553 3.90887
1.50556 2.39498 2.18531
1.85584 1.76922 0.05
0.885161 2.9773 3.28142
0.674701 2.37 4.56413
1.5268 0.05 4.09617
0.05 2.73246 4.50083
0.504103 3.94553 0.05
0.05 2.14442 5.16177
1.28768 1.42029 4.29127
1.2327 2.40899 3.35002
0.841196 0.05 5.56054
1.18256 3.07584 2.01351
0.628319 2.087 4.91352
