0.652752 3.86402
1.87949 1.66615
1.82195 1.90492
1.01958 3.54852
0.850366 3.71574
1.6204 2.52697
1.21039 3.30792
1.9943 0.987438
1.55993 2.67305
1.06428 3.49745
1.04211 3.52317
1.12879 3.41822
1.10761 3.44498
1.93154 1.40617
0.355002 4.00321
1.46386 2.87913
1.30621 3.16252
1.89036 1.61597
1.95075 1.29443
2.05 0.0500329
1.43033 2.94461
1.64959 2.45109
1.26863 3.22171
1.77229 2.08344
1.6781 2.37318
1.49661 2.8121
1.73304 2.21091
1.90098 1.56508
0.400177 3.98821
0.248938 4.03016
1.51272 2.77797
1.39596 3.00864
1.17016 3.36375
1.83388 1.85862
2.04147 0.418937
1.52864 2.74342
2.03012 0.612523
1.85711 1.7639
0.713041 3.82379
1.79753 1.9954
1.19041 3.33601
0.900971 3.66986
1.71957 2.2523
0.797526 3.7601
0.925546 3.64634
1.48033 2.84582
1.36074 3.07123
0.442075 3.97239
1.4472 2.91206
0.973338 3.59821
0.996648 3.57355
2.00213 0.919893
1.92159 1.46016
1.78501 2.03971
1.70593 2.29313
1.9114 1.51314
0.554157 3.92083
2.04621 0.295981
1.54437 2.70847
1.74632 2.16898
2.00967 0.849249
1.60554 2.56419
1.94126 1.35096
1.59051 2.60094
1.66393 2.41241
0.481272 3.9559
1.969 1.17681
1.24947 3.25079
1.23005 3.27953
1.28756 3.19225
1.80986 1.95042
0.518508 3.9387
1.32462 3.13243
1.63508 2.48927
0.824208 3.73814
1.6921 2.33342
1.14963 3.39115
0.683487 3.84405
1.98615 1.05266
1.08614 3.47135
0.588199 3.90245
1.41325 2.97681
2.01687 0.775018
1.37847 3.04009
0.770162 3.78168
2.03607 0.521341
0.621083 3.88347
0.305348 4.01726
1.8684 1.71542
2.02369 0.696623
0.949647 3.62247
0.875897 3.69302
1.96001 1.23633
0.742159 3.80282
1.8456 1.81159
1.57532 2.6372
1.7594 2.12649
1.3428 3.10199
0.180759 4.04144
1.97771 1.11568
