0.662957 2.76853 4.04877
0.05 1.51409 5.63363
0.616311 3.8863 0.05
0.948783 3.44065 1.74192
1.43021 2.94483 0.05
0.601519 1.90926 5.09822
1.52733 2.49826 1.74442
0.428654 3.97766 0.05
2.05 0.05 0.0500022
1.02961 3.53733 0.05
1.91726 0.05 2.19946
0.05 3.84753 1.93474
0.661671 3.19224 3.27752
1.44189 2.37805 2.57375
1.2373 3.26889 0.05
1.89269 1.605 0.05
1.70838 1.95055 1.8166
0.493334 0.05 5.90073
0.05 2.47559 4.82097
0.763585 2.94585 3.59244
1.67702 2.3762 0.05
0.05 2.83589 4.35551
1.59567 2.1808 2.11942
0.0505504 0.05 6.05
0.05 1.79191 5.4512
1.80338 0.05 2.93635
1.08865 1.40877 4.75497
0.905973 3.66514 0.05
1.36775 1.40804 4.07769
1.04919 2.22797 4.09248
0.05 3.7389 2.36991
0.05 3.4737 3.1526
0.796259 0.05 5.61668
1.17087 1.7544 4.31107
1.26851 2.58522 2.90929
0.05 3.94511 1.41501
1.75317 2.14688 0.05
0.05 2.27788 5.0332
1.26548 1.19625 4.49379
1.82601 1.88933 0.05
0.770282 3.78159 0.05
1.65115 1.7216 2.6268
0.05 2.66101 4.59543
1.94727 1.31547 0.05
1.66144 0.05 3.60378
0.05 2.04528 5.25023
1.51761 1.18406 3.75424
0.05 3.61936 2.75818
1.99698 0.96493 0.05
1.51778 1.97018 2.93353
1.16526 2.40817 3.55622
0.728414 1.44697 5.29088
0.05 3.31601 3.51404
1.4253 0.05 4.40626
0.860364 1.73603 4.91762
1.58401 0.05 3.89984
0.05 1.19802 5.79758
1.23963 0.05 4.87317
0.608939 1.21787 5.53812
1.08671 3.19605 2.06429
1.73485 0.05 3.28288
0.631271 3.70799 1.73881
0.934026 2.60202 3.83321
1.50998 2.78383 0.05
1.58689 1.42762 3.28596
0.954152 1.99691 4.53486
1.14961 0.05 5.06175
1.8783 1.15488 1.83025
1.80406 1.65551 1.63422
1.26488 1.97787 3.83868
0.05 3.15607 3.83058
1.50129 0.05 4.17841
1.33546 0.05 4.64655
0.676413 2.21966 4.72726
1.05095 2.76344 3.2775
1.96908 0.05 1.73946
1.14339 3.39932 0.05
2.01425 0.05 1.1793
1.77182 1.34395 2.40604
1.17339 2.89924 2.5751
0.05 3.00073 4.10089
1.43626 1.74577 3.54776
1.6979 1.15841 3.01572
0.764335 2.44921 4.34605
0.958596 1.18203 5.11821
1.35394 2.20038 3.25834
0.657805 0.05 5.76622
1.59627 2.58696 0.05
0.582712 3.40849 2.89029
0.952765 3.05687 2.93484
1.37346 2.73221 2.06225
1.85962 0.05 2.6049
0.05 4.05 0.05
1.03948 0.05 5.26425
0.05 0.815172 5.9392
0.920051 0.05 5.45251
0.71114 3.54495 2.1908
1.33685 3.11204 0.05
1.26715 3.01464 1.75039
0.855341 3.30558 2.56308
