2.03216 0.0321602 0.0321602
1.35794 2.21384 3.10971
0.59704 2.9827 3.71189
0.0321602 1.67649 5.50175
0.91086 1.1369 5.16099
0.0321602 0.0321602 6.03216
1.64789 1.74069 2.4687
1.30535 1.29212 4.2558
0.747771 0.0321602 5.63494
1.32678 0.0321602 4.60553
0.876616 0.0321602 5.4711
1.00506 0.0321602 5.27441
0.599263 3.40514 2.7721
1.17861 1.18376 4.63508
0.713912 3.15469 3.17525
0.0321602 3.75878 2.21224
1.45681 2.41416 2.26082
0.0321602 3.09004 3.90012
1.98202 0.922205 0.0321602
0.945273 2.56966 3.77496
1.49253 0.0321602 4.13167
0.0321602 3.64029 2.62218
1.36851 2.71399 1.96735
1.59217 1.41465 3.16218
1.72056 0.0321602 3.24832
0.0321602 2.59766 4.63552
0.920567 1.95271 4.5706
0.727135 3.51797 2.10909
1.69562 2.25289 0.0321602
0.0321602 3.95844 1.17879
0.0321602 2.92623 4.174
0.878977 3.23255 2.58176
0.0321602 0.972868 5.86388
1.25448 2.98704 1.73745
1.22324 3.24547 0.0321602
0.551044 1.14954 5.57902
1.48425 2.78275 0.0321602
1.93607 1.25712 0.0321602
0.656183 2.22676 4.68605
1.12992 1.74632 4.33832
0.774055 2.40438 4.31989
1.88502 1.53802 0.0321602
1.43909 1.774 3.40237
1.27251 2.57489 2.79013
1.13425 3.37006 0.0321602
0.594679 3.68912 1.78202
0.764873 1.68381 5.03519
0.674233 2.70509 4.05888
0.0321602 2.76659 4.41127
1.40716 2.93691 0.0321602
1.25361 1.98951 3.76745
1.51774 1.1807 3.66113
1.86225 1.1556 1.7692
1.65354 0.0321602 3.54501
0.0321602 3.86538 1.74665
0.0321602 3.37264 3.33256
0.0321602 3.51151 2.99219
1.51777 1.99077 2.77172
1.07707 3.15546 2.08757
0.413517 0.0321602 5.92208
0.867328 2.89539 3.39026
1.89902 0.0321602 2.18471
0.0321602 2.40239 4.86532
1.16529 2.39926 3.47267
0.0321602 2.17725 5.09643
1.84156 0.0321602 2.58846
1.04035 2.19641 4.07108
1.55722 2.61996 0.0321602
1.12286 0.0321602 5.06141
1.02438 3.5052 0.0321602
1.57562 0.0321602 3.84788
1.71256 1.89292 1.70426
1.78324 0.0321602 2.93106
0.905287 3.63085 0.0321602
1.62849 2.44192 0.0321602
1.01169 1.43019 4.82456
1.99619 0.0321602 1.165
0.0321602 4.03216 0.0321602
0.780716 3.74143 0.0321602
0.0321602 1.35469 5.69472
1.37294 1.49005 3.9101
1.41217 0.0321602 4.37498
1.95074 0.0321602 1.72672
0.581453 2.02557 4.9661
1.14615 2.89832 2.55165
0.654027 1.41547 5.34385
1.06312 2.76288 3.13962
0.0321602 3.24408 3.6082
1.70743 1.22216 2.78079
1.7647 2.03047 0.0321602
1.82885 1.78933 0.0321602
0.476027 3.93241 0.0321602
0.0321602 1.93346 5.31102
1.77721 1.42761 2.08442
1.22831 0.0321602 4.8408
0.602453 0.0321602 5.78306
0.641502 3.84199 0.0321602
1.31807 3.09577 0.0321602
0.947765 3.40132 1.73943
1.58833 2.20644 1.92115
