1.26097 3.19713
1.94006 1.25775
1.93041 1.31633
0.466092 3.94196
0.339615 3.98923
2.00744 0.705607
1.77274 2.01827
1.73402 2.14817
1.72078 2.19017
0.917193 3.6262
1.22267 3.25504
0.670731 3.82869
1.56419 2.61536
1.54899 2.65096
1.80985 1.88212
1.20308 3.28357
1.98449 0.934966
1.53365 2.68605
2.0316 0.291202
0.168748 4.02682
1.97616 1.00434
0.639566 3.84899
1.57922 2.5793
0.503647 3.92465
1.85662 1.68999
1.05704 3.47478
1.68007 2.31253
1.7471 2.10552
1.03479 3.50082
1.86781 1.63984
1.88955 1.53661
0.965547 3.57707
1.29823 3.13794
1.3698 3.0157
1.5941 2.54275
1.76 2.06223
1.47044 2.82242
0.759028 3.76491
1.70739 2.23151
1.84524 1.73924
1.27971 3.16771
1.95864 1.13522
1.079 3.4483
0.941621 3.60179
1.43774 2.88822
1.65204 2.39143
1.3345 3.07744
0.786929 3.74278
1.38712 2.98434
2.00016 0.786303
1.51809 2.72081
1.78529 1.97359
1.92053 1.37336
1.45419 2.85551
2.01429 0.619165
1.10053 3.4216
0.892277 3.65024
0.3845 3.97438
1.96754 1.07093
0.607461 3.86874
1.83364 1.78768
0.700922 3.80793
2.03569 0.0356853
1.35226 3.04675
1.6938 2.27233
0.2905 4.00309
1.91042 1.42903
1.16301 3.33971
2.0265 0.418667
1.87878 1.58873
1.99248 0.862593
1.24197 3.22621
1.42107 2.92061
0.840765 3.6973
1.1217 3.3946
2.02068 0.524799
1.31648 3.10787
1.18317 3.31183
1.60882 2.5057
1.01213 3.52656
0.730339 3.78666
1.4042 2.95266
1.63781 2.43001
1.66614 2.35225
0.989024 3.55202
0.426465 3.95859
0.814207 3.7202
1.48651 2.78895
1.82184 1.83528
0.0361471 4.03569
1.94948 1.19739
0.235287 4.01572
1.50239 2.75508
1.14253 3.36729
0.866777 3.67397
0.574123 3.888
1.79767 1.92821
1.90009 1.48342
0.539556 3.90666
1.6234 2.46809
