1.08827 1.20214 4.84245
0.0397655 2.41254 4.87012
0.0397655 3.64736 2.63144
0.0397655 3.09105 3.91943
0.617765 2.64199 4.2537
0.0397655 3.52606 2.98137
1.06572 0.0397655 5.19018
0.0397655 1.23437 5.76594
1.72156 0.0397655 3.28695
1.6079 2.52246 0.0397655
1.46119 1.46805 3.67651
1.98891 0.936048 0.0397655
0.0397655 4.03977 0.0397655
0.0397655 3.76673 2.21849
2.00246 0.0397655 1.19324
1.12722 2.82232 2.85689
0.791483 3.74647 0.0397655
0.0397655 0.0397655 6.03977
0.0397655 0.838866 5.91882
1.67581 1.36848 2.8572
1.53331 2.34456 2.03269
1.11102 3.20776 1.79773
1.65404 2.13537 1.67257
0.486787 3.93857 0.0397655
1.00355 2.65826 3.53445
1.94268 1.27091 0.0397655
0.0397655 2.945 4.16397
0.61197 3.1272 3.44648
0.893717 1.38488 5.07622
1.73852 1.71247 1.97176
2.03977 0.0397655 0.0397655
0.0397655 1.55114 5.59498
1.77833 1.19545 2.44632
0.654707 3.846 0.0397655
0.6759 0.0397655 5.72817
0.0397655 3.87402 1.74906
0.0397655 2.7729 4.42069
0.959897 0.0397655 5.36707
1.3749 0.0397655 4.50706
0.720219 2.84143 3.80431
1.95535 0.0397655 1.76456
1.84935 0.0397655 2.59487
1.15651 1.53514 4.48325
1.25243 3.2206 0.0397655
1.36671 1.99259 3.4416
0.0397655 3.24837 3.62249
0.925049 3.62656 0.0397655
1.17631 0.0397655 4.97681
1.47634 2.16281 2.73881
1.88693 1.57335 0.0397655
1.30325 1.28741 4.29771
0.713163 1.23041 5.39972
1.0465 3.49605 0.0397655
0.921577 3.3606 2.08641
1.76358 2.06803 0.0397655
0.94802 1.79913 4.68854
1.56054 0.0397655 3.93658
0.832229 0.0397655 5.54867
0.0397655 2.58991 4.66228
0.0397655 3.39566 3.30479
0.89096 2.97133 3.22451
0.0397655 2.2242 5.06605
1.53407 1.72016 3.13009
1.64387 0.0397655 3.62331
0.716986 1.99174 4.86671
0.583194 3.69144 1.86706
1.3493 2.38208 2.90708
0.0397655 3.96651 1.18281
0.741957 3.2611 2.90579
1.82528 1.84193 0.0397655
1.41766 1.13974 4.06346
0.0397655 2.01738 5.25516
0.555055 1.02903 5.64408
1.59595 1.15433 3.41755
1.31248 2.71597 2.34348
1.43283 2.90986 0.0397655
1.47082 0.0397655 4.23128
1.52321 2.7226 0.0397655
1.61334 1.9011 2.47279
1.34568 3.06934 0.0397655
1.27929 0.0397655 4.7485
1.21054 2.48397 3.2369
1.153 3.36284 0.0397655
0.490442 0.0397655 5.88545
1.25244 1.83404 3.97945
1.68853 2.30389 0.0397655
0.0397655 1.79443 5.43167
1.45206 2.61769 1.79934
1.02462 2.07139 4.28047
1.24298 2.97363 1.93805
1.01151 3.10146 2.57155
0.697372 2.32473 4.55204
0.817024 3.55824 1.68556
0.629581 1.70719 5.19858
0.645942 3.47334 2.52306
1.78787 0.0397655 2.95477
1.14327 2.26326 3.77028
1.90576 0.0397655 2.19906
0.898465 2.46722 4.05293
1.85165 1.30967 1.72055
