1.9532 1.18851 0.0377499
1.43811 0.0377499 4.32153
0.0377499 0.0377499 6.03775
0.0377499 2.96351 4.12919
0.677362 3.82768 0.0377499
0.69269 3.55891 2.09752
0.921644 3.42433 1.81635
1.46926 1.16887 3.86899
1.15141 3.36025 0.0377499
1.40666 1.70019 3.6317
1.81102 0.0377499 2.81257
0.587935 3.73521 1.62377
1.01242 2.1287 4.23454
1.88261 1.07963 1.74833
0.688832 3.1465 3.26887
1.58227 2.15341 2.14943
2.00037 0.807447 0.0377499
1.33471 2.14319 3.33731
1.31622 1.36975 4.19679
0.0377499 3.53866 2.94001
1.76702 1.3115 2.36928
1.25918 0.0377499 4.78884
0.0377499 4.03775 0.0377499
0.496333 3.93118 0.0377499
0.938849 0.0377499 5.39426
0.0377499 3.65868 2.58724
1.14756 2.32861 3.65809
0.856481 3.27779 2.55705
0.905659 1.84716 4.7126
0.0377499 2.25023 5.03636
0.945986 3.60152 0.0377499
1.19601 1.15424 4.63352
1.17211 2.85569 2.59751
0.0377499 3.96384 1.18582
0.0377499 2.61731 4.6234
1.56675 1.36997 3.34928
0.664042 0.0377499 5.73598
0.0377499 1.78951 5.43178
1.69711 1.89882 1.88862
1.98305 0.0377499 1.43142
2.03775 0.0377499 0.0377499
1.2601 2.98485 1.77286
0.654731 2.00812 4.92024
1.35644 0.0377499 4.5488
0.830764 3.70988 0.0377499
0.0377499 3.4095 3.26582
1.5109 2.48449 1.76945
1.26319 2.52609 2.96231
0.856564 2.82537 3.57067
1.0825 3.16888 2.06693
0.9238 2.49827 3.95085
1.05114 0.0377499 5.21051
0.619107 2.93833 3.78317
0.0377499 3.27142 3.56941
1.63611 1.68464 2.66542
1.92942 0.0377499 1.98561
1.60351 0.0377499 3.77079
0.0377499 1.21305 5.77291
1.11883 1.67657 4.44667
1.50074 1.92061 2.99753
0.0377499 3.77012 2.19559
1.41986 2.92895 0.0377499
1.65133 2.4011 0.0377499
1.80686 1.57016 1.63414
1.23894 3.23596 0.0377499
1.36336 2.69982 2.09687
1.06949 2.68082 3.30909
0.493666 0.0377499 5.87978
0.580197 1.66121 5.27432
0.0377499 1.5115 5.61567
0.0377499 2.04114 5.23096
1.57523 2.596 0.0377499
1.49437 2.77874 0.0377499
1.05227 3.48492 0.0377499
1.78094 1.99867 0.0377499
1.69342 1.14124 2.96843
1.90302 1.48104 0.0377499
1.84463 1.75262 0.0377499
1.33212 3.08708 0.0377499
1.01755 1.28845 4.9204
1.23052 1.91085 3.94948
1.43007 2.33351 2.62509
1.86835 0.0377499 2.45435
0.0377499 3.1222 3.85795
0.733695 2.31505 4.50678
0.0377499 2.79483 4.38478
0.809326 0.0377499 5.57327
0.643488 1.18259 5.49199
0.0377499 3.87058 1.75421
0.619306 3.38898 2.81029
1.71821 2.20666 0.0377499
1.52337 0.0377499 4.05476
0.0377499 2.44564 4.82885
0.0377499 0.824146 5.92065
0.965018 3.01053 2.93212
1.67128 0.0377499 3.49956
0.655225 2.65563 4.17884
0.830915 1.40893 5.14732
1.74372 0.0377499 3.16937
1.1552 0.0377499 5.01387
