1.67457 2.35291
1.20382 3.29807
2.02637 0.542554
1.70237 2.27228
0.560485 3.90538
1.87807 1.62846
1.76906 2.05957
0.377797 3.98533
1.91098 1.46646
0.234252 4.02358
0.966703 3.58896
1.72955 2.18914
0.767193 3.76993
0.527109 3.92268
1.26271 3.21072
1.22371 3.26932
1.44319 2.89648
1.39148 2.99445
1.95177 1.23055
0.0538229 4.04201
1.97972 1.03316
1.16325 3.35447
1.75607 2.1034
1.66042 2.3924
1.88925 1.57566
1.61695 2.50768
1.96137 1.16696
1.54092 2.69048
1.63162 2.46974
0.845501 3.70515
1.31935 3.12013
2.03246 0.43398
1.86669 1.68015
1.47658 2.82936
1.10041 3.43617
1.78188 2.01501
2.01968 0.639045
1.0789 3.46261
0.654025 3.85025
1.33773 3.08924
1.45999 2.86311
2.01249 0.727589
0.334489 3.9991
0.793851 3.74875
1.64609 2.43135
1.55649 2.6548
1.5871 2.58211
1.98844 0.962294
1.71603 2.23105
1.52515 2.72576
0.683408 3.83086
1.60211 2.54512
1.8193 1.87677
0.492468 3.93934
0.623863 3.86911
1.80698 1.92371
1.92152 1.40989
0.943256 3.61301
1.74288 2.14665
1.37379 3.02642
0.739912 3.7907
0.418145 3.97074
0.170613 4.03381
1.42619 2.92946
1.28184 3.18088
2.03781 0.303481
2.00485 0.810319
1.18366 3.32647
0.712024 3.811
1.14256 3.38211
0.870588 3.68273
1.90022 1.52169
1.35588 3.05801
1.03498 3.51435
0.592661 3.88753
1.99683 0.888184
1.49297 2.7952
1.97069 1.10125
0.919435 3.63666
1.05711 3.48866
1.01256 3.53961
1.94193 1.29202
1.85511 1.7308
1.24334 3.24019
0.456221 3.95539
0.28729 4.01191
0.895217 3.65991
1.79452 1.96973
1.68855 2.3129
1.40895 2.96213
1.84335 1.7804
1.57188 2.61868
1.83141 1.82903
1.50916 2.76068
1.12163 3.40933
0.9898 3.56449
0.81993 3.72716
2.04208 0.0420829
1.93184 1.35178
1.30072 3.15067
