1.10978 2.95721 2.53559
1.46978 2.06753 2.86849
0.0313433 2.06296 5.19982
1.9458 0.0313433 1.76739
0.952524 1.80425 4.64552
0.555566 3.55405 2.3989
0.0313433 1.57082 5.56917
0.0313433 2.47581 4.78058
0.607592 0.0313433 5.7769
1.99355 0.0313433 1.19231
0.0313433 4.03134 0.0313433
1.11642 2.44482 3.53812
1.30283 2.24149 3.2654
0.753243 0.0313433 5.62685
0.0313433 2.83783 4.30665
0.439219 3.94728 0.0313433
0.601029 2.86008 3.91402
0.0313433 1.27901 5.732
1.46085 2.5876 1.73608
1.63351 0.0313433 3.62265
1.21262 2.63494 2.89301
1.307 2.80218 2.05119
0.0313433 3.7989 2.04689
0.662788 2.0325 4.86881
0.868713 2.68512 3.75205
1.11871 0.0313433 5.06709
0.0313433 0.936947 5.87555
1.53719 1.62408 3.17524
1.19347 3.08434 1.72643
0.0313433 3.50784 2.99892
0.0313433 3.91999 1.43719
1.7922 1.08645 2.39561
1.75122 1.6114 1.97063
0.0313433 3.18726 3.71787
0.71686 3.01173 3.4642
1.68544 1.99312 1.67951
1.81183 1.8533 0.0313433
1.01598 0.0313433 5.25383
0.891185 0.0313433 5.44854
1.97831 0.946375 0.0313433
1.06224 2.02302 4.21584
0.0313433 1.83146 5.38943
1.59003 1.11996 3.4178
0.0313433 0.0313433 6.03134
0.635426 1.6922 5.18006
2.03134 0.0313433 0.0313433
0.888849 3.11787 2.85042
1.30493 0.0313433 4.65755
1.00847 3.25586 2.03451
1.32803 1.32773 4.16487
1.76961 0.0313433 2.99881
0.0313433 2.66215 4.55101
0.681201 3.6212 1.82111
1.55434 0.0313433 3.92035
1.08327 1.25001 4.79575
0.89081 1.43717 5.02184
0.802814 3.72178 0.0313433
0.640993 3.84098 0.0313433
1.61746 1.82806 2.50005
1.55416 2.25632 2.029
0.588138 3.25907 3.15685
1.39246 0.0313433 4.42751
1.2604 3.18693 0.0313433
0.416733 0.0313433 5.9189
1.47582 0.0313433 4.1812
0.0313433 3.65992 2.55625
0.740374 3.36685 2.56963
1.38702 2.44445 2.55269
1.45861 1.26521 3.80502
1.87334 1.58959 0.0313433
1.60006 2.51258 0.0313433
0.938658 3.59605 0.0313433
0.961945 2.35862 4.03377
1.85693 1.22803 1.69959
0.0313433 3.35346 3.3732
1.83523 0.0313433 2.62245
0.883336 3.47982 1.67753
1.92912 1.2938 0.0313433
1.15907 3.33481 0.0313433
1.74284 2.10093 0.0313433
1.06215 3.45913 0.0313433
1.43522 2.88028 0.0313433
1.68112 1.31687 2.82166
0.772882 2.24226 4.50937
0.801354 1.11292 5.32584
0.520414 3.76766 1.59249
1.70752 0.0313433 3.30456
1.21473 0.0313433 4.86832
1.18024 1.49922 4.42138
0.65969 2.55983 4.28127
0.99815 2.8165 3.21476
0.0313433 2.27696 4.99659
1.39097 1.78972 3.55355
1.35527 3.02948 0.0313433
1.89532 0.0313433 2.20626
1.23466 1.9359 3.8793
0.583815 1.22953 5.51065
1.66842 2.32914 0.0313433
1.52017 2.70222 0.0313433
0.0313433 3.01835 4.02196
