1.79501 1.90451
1.84135 1.71845
2.02859 0.0285924
0.987307 3.53907
1.07704 3.43492
0.0367851 4.02856
1.57695 2.56046
1.39419 2.95103
1.90515 1.41213
2.01376 0.514817
1.52992 2.67134
0.369134 3.97018
1.94351 1.18289
0.916577 3.61272
1.81857 1.81293
1.09868 3.40789
1.54586 2.63466
1.7326 2.12273
0.842243 3.68262
1.7062 2.20634
1.28226 3.14521
1.37612 2.98438
0.44882 3.9393
0.790206 3.72721
1.46397 2.81405
2.01951 0.409377
1.8069 1.85904
1.65097 2.36772
0.67883 3.81129
1.67902 2.28789
1.01022 3.51365
1.66508 2.32808
1.92475 1.30074
1.96981 0.991218
1.99348 0.774844
0.763339 3.74889
0.964091 3.56404
2.02456 0.28253
1.77065 1.99354
1.91506 1.35712
1.2628 3.17612
1.03282 3.48779
1.12008 3.3804
0.554538 3.88781
1.78292 1.94934
1.48083 2.77888
1.86338 1.62049
1.60725 2.48449
1.42959 2.88321
1.1827 3.29542
1.59224 2.52258
1.51378 2.70756
1.98595 0.850227
0.940525 3.58858
1.74548 2.08022
2.00067 0.694657
0.277258 3.99755
1.44696 2.84868
0.520724 3.9056
1.85247 1.66992
1.62203 2.44599
0.618602 3.85058
1.4974 2.74345
0.867479 3.65972
1.05509 3.46155
1.96131 1.05735
1.24314 3.20656
0.735854 3.77013
1.93424 1.24267
1.412 2.91731
1.71952 2.16472
1.56153 2.59773
1.33927 3.04993
0.892225 3.63644
0.649133 3.83119
0.485606 3.92276
0.325219 3.98435
1.88465 1.51863
1.3205 3.0821
1.63665 2.40696
1.89501 1.46593
1.83006 1.76607
0.223388 4.00957
1.20309 3.26621
1.22322 3.23662
1.75817 2.03713
1.35782 3.01734
1.87412 1.57005
0.816508 3.70511
0.707697 3.79094
1.30149 3.11387
0.410117 3.95514
1.95252 1.12127
0.158691 4.02012
0.587092 3.86947
2.00746 0.608569
1.14122 3.35249
1.6927 2.24738
1.97804 0.92224
1.16208 3.32417
