1.76177 2.07373
1.68001 2.32813
1.37533 3.01691
0.295545 4.00679
1.59093 2.5644
0.43114 3.96229
1.99986 0.833752
0.389283 3.97808
0.869574 3.67904
1.82401 1.84644
1.0818 3.45373
0.059308 4.03947
1.57543 2.60203
0.817049 3.72514
0.968213 3.58243
1.96813 1.09988
1.95059 1.22012
1.74866 2.11747
1.79979 1.93908
1.51162 2.7477
1.14564 3.37242
1.49523 2.78291
1.54387 2.67584
1.03758 3.50617
2.02005 0.598504
0.543724 3.91054
1.98462 0.971695
1.32109 3.11079
1.88076 1.60217
1.9319 1.33498
2.02591 0.507998
1.94141 1.27802
1.72181 2.20335
1.46189 2.85199
0.843574 3.70231
0.240511 4.01945
1.33938 3.0799
0.674229 3.83299
1.55973 2.6392
1.91217 1.445
2.01372 0.681897
0.470437 3.94578
1.65112 2.4088
0.578041 3.89202
0.762124 3.76957
0.944238 3.60716
0.344482 3.99294
0.919885 3.63144
1.42782 2.91926
1.63637 2.44842
1.89144 1.55086
1.26493 3.20113
1.70808 2.24548
1.41052 2.95223
1.86987 1.65255
2.03967 0.0396658
1.97654 1.03673
0.894949 3.65546
1.85878 1.70198
0.507922 3.92849
0.704291 3.81234
1.99239 0.9042
2.00698 0.759896
0.611287 3.87281
1.95952 1.16068
1.77466 2.02945
1.35745 3.04862
1.83582 1.79901
0.733673 3.79112
1.39304 2.98476
1.24573 3.23053
1.52781 2.71205
1.62141 2.48759
1.60626 2.52625
1.30259 3.14129
1.78734 1.98455
1.812 1.89311
1.18652 3.31669
2.03592 0.284208
0.991796 3.55731
1.73532 2.16075
0.174671 4.03054
1.22627 3.25958
1.01493 3.53186
1.20656 3.28827
0.643263 3.85315
1.28388 3.17139
1.0599 3.48009
1.10338 3.42701
1.16623 3.34472
1.69414 2.28708
2.03125 0.406321
1.92216 1.39056
1.84739 1.75095
1.90192 1.49845
1.66569 2.36866
1.12468 3.39987
0.789952 3.74753
1.44494 2.88585
1.47864 2.81769
