0.0406136 2.68713 4.5396
0.0406136 0.94615 5.88484
0.0406136 3.01684 4.04932
1.35525 1.89461 3.60595
0.0406136 3.1646 3.78783
2.04061 0.0406136 0.0406136
0.745916 3.10291 3.26912
1.09888 0.0406136 5.13185
0.0406136 3.84841 1.87815
1.80717 0.0406136 2.85372
1.43286 2.91229 0.0406136
0.0406136 1.84188 5.39783
1.51343 1.67746 3.27309
0.85757 3.69169 0.0406136
0.85441 3.43024 2.08709
1.91485 0.0406136 2.13468
0.646177 1.22486 5.47607
1.81616 1.88173 0.0406136
0.68499 2.90525 3.75534
0.502305 3.93258 0.0406136
1.38543 0.0406136 4.4817
0.41364 0.0406136 5.93533
0.942172 2.80248 3.43502
0.933637 3.19069 2.58931
1.53897 0.0406136 4.01483
1.60335 2.53689 0.0406136
1.52083 2.73056 0.0406136
1.2217 1.17828 4.57196
0.0406136 3.30442 3.50934
0.866196 0.0406136 5.50557
2.00549 0.0406136 1.16017
0.993922 3.55698 0.0406136
1.75015 2.11666 0.0406136
0.59867 0.0406136 5.80231
1.01744 2.10573 4.2616
1.3097 2.89653 1.81633
1.19381 0.0406136 4.94278
0.0406136 3.45046 3.17736
0.0406136 2.50753 4.76367
0.645913 2.65225 4.20667
0.0406136 2.08517 5.19761
0.571688 3.52732 2.51206
1.35209 2.48725 2.69611
0.887133 1.14777 5.21677
0.0406136 3.72798 2.366
0.0406136 2.30336 4.98833
1.57018 1.16812 3.51675
1.96118 0.0406136 1.71479
1.44521 2.12199 2.95551
0.695389 3.82017 0.0406136
0.624554 2.10956 4.86761
1.33876 3.08352 0.0406136
0.0406136 3.59532 2.79183
0.561695 3.77095 1.53951
0.908259 1.89431 4.6767
0.98734 0.0406136 5.32582
1.61529 0.0406136 3.73975
1.98682 0.962134 0.0406136
1.59737 1.87943 2.60592
1.46431 0.0406136 4.25462
0.575167 1.72086 5.24408
1.67924 2.33399 0.0406136
1.85567 1.26152 1.77161
1.65529 2.08104 1.82049
0.728377 2.33278 4.50393
1.5289 2.32226 2.12671
1.29756 1.51599 4.14951
1.13477 1.7213 4.38454
1.93583 1.31833 0.0406136
0.807783 1.624 5.04682
0.0406136 2.85647 4.30202
0.0406136 0.0406136 6.04061
0.0406136 1.57477 5.58176
1.74705 0.0406136 3.16993
0.0406136 3.95571 1.2703
1.07652 2.54543 3.53708
0.74036 0.0406136 5.6614
0.0406136 1.29289 5.739
0.725894 3.61807 1.7662
1.7392 1.69489 2.0093
1.17096 2.14661 3.85134
1.86322 0.0406136 2.51103
1.228 2.76527 2.61114
1.0496 3.31521 1.68704
1.29259 0.0406136 4.7196
1.26586 2.34418 3.2886
1.43681 2.63365 1.86468
0.90438 2.48069 4.02669
1.66538 1.36748 2.91811
0.652328 3.33151 2.91545
1.879 1.61584 0.0406136
1.23823 3.24419 0.0406136
1.43449 1.32346 3.88915
1.1515 3.07877 2.0716
1.04218 1.35144 4.84744
1.68727 0.0406136 3.44601
1.77846 1.19387 2.45444
0.0406136 4.04061 0.0406136
1.04988 2.91207 2.91823
1.12137 3.4063 0.0406136
