1.99963 0.0364825 1.18294
1.2455 2.69984 2.66027
1.21721 1.39985 4.42631
0.0364825 2.14645 5.13384
0.642974 2.87184 3.85764
1.60025 2.53018 0.0364825
1.0155 2.38191 3.90901
1.78831 0.0364825 2.93131
0.542047 1.06856 5.63139
1.84742 0.0364825 2.58293
0.577131 3.29789 3.10838
0.898863 1.11329 5.20347
0.603419 2.40275 4.56517
1.18107 3.02069 2.07902
0.0364825 2.90975 4.21078
2.03648 0.0364825 0.0364825
1.07001 0.0364825 5.17325
1.03185 3.50592 0.0364825
0.916642 3.62832 0.0364825
1.69448 1.29529 2.81029
0.0364825 3.62667 2.68201
0.0364825 2.34362 4.93787
1.93072 1.32003 0.0364825
0.776947 3.75224 0.0364825
0.887444 2.20415 4.3851
1.14132 2.54507 3.33113
1.52054 2.71796 0.0364825
1.88624 1.13625 1.61262
0.0364825 4.03648 0.0364825
0.0364825 1.31783 5.7203
0.947942 0.0364825 5.37719
1.44138 0.0364825 4.30688
1.98298 0.955466 0.0364825
1.81181 1.87846 0.0364825
1.12524 1.95197 4.16881
0.0364825 3.93395 1.38626
1.31574 1.70365 3.91176
0.608784 3.52081 2.4315
0.0364825 2.74272 4.45482
1.27091 0.0364825 4.75726
1.35372 0.0364825 4.55135
0.0364825 3.84119 1.88837
1.49412 2.10165 2.73492
0.914188 2.73079 3.60486
1.59551 0.0364825 3.79478
1.3366 2.34196 3.00767
1.72775 0.0364825 3.23908
1.62415 1.83563 2.49222
0.0364825 3.06715 3.95233
0.0364825 3.50119 3.0349
1.23328 2.16144 3.635
1.14926 3.36018 0.0364825
1.55505 2.33291 1.87499
1.07263 3.27418 1.69526
0.0364825 3.74199 2.29607
1.90293 0.0364825 2.19224
1.3341 2.82997 1.84969
1.42627 2.53309 2.17938
0.650515 0.0364825 5.74671
0.803203 3.24522 2.78298
0.0364825 0.0364825 6.03648
0.700665 2.04529 4.82713
1.17389 0.0364825 4.97173
1.25808 3.20363 0.0364825
1.41713 1.88795 3.37285
0.993521 1.77346 4.61559
0.0364825 3.21555 3.67798
0.425498 3.96009 0.0364825
1.67565 2.32831 0.0364825
0.0364825 1.63095 5.53919
1.57471 1.51348 3.16638
1.49637 1.31579 3.66088
0.871068 3.43615 1.96684
0.577951 1.76649 5.19664
0.447317 0.0364825 5.90853
0.742222 3.0491 3.36765
1.66328 0.0364825 3.52673
1.43828 2.88953 0.0364825
0.618124 3.86359 0.0364825
1.35095 3.05123 0.0364825
1.08518 1.22806 4.82265
1.75518 1.67032 1.88271
1.87118 1.6288 0.0364825
0.985941 3.14313 2.52073
0.676818 1.31832 5.38557
0.0364825 0.946 5.87932
0.0364825 2.54991 4.70403
1.95307 0.0364825 1.75119
0.731058 2.58909 4.15929
0.0364825 1.90074 5.34499
0.813958 0.0364825 5.56457
1.38423 1.17907 4.12486
1.52383 0.0364825 4.04774
0.846011 1.59728 4.99842
1.66777 2.05002 1.7476
1.80194 1.21658 2.23082
1.74619 2.11196 0.0364825
0.0364825 3.36339 3.3676
1.04075 2.88321 2.98425
0.65891 3.67175 1.70354
