1.9302 1.04753
1.95574 0.836819
0.966945 3.50144
0.483257 3.88148
0.873938 3.59791
0.849767 3.62099
1.54457 2.54112
1.97105 0.678074
1.178 3.23253
1.61968 2.34659
0.748761 3.7091
1.3462 2.9582
1.78081 1.82066
1.29226 3.05292
1.70379 2.09485
1.8922 1.2955
1.32844 2.99014
1.59015 2.42604
1.79292 1.77251
1.76848 1.86813
0.897697 3.57443
1.64847 2.26499
1.67653 2.18106
1.48134 2.68747
1.69026 2.13825
1.19766 3.20351
1.71713 2.05081
1.41527 2.82632
1.21706 3.17412
1.63419 2.30603
1.80482 1.7235
1.25513 3.11425
0.944214 3.52617
2 3.6917e-12
0.334397 3.94369
1.01141 3.45083
0.800196 3.66589
1.85031 1.51837
0.516476 3.86433
0.722218 3.73009
0.291244 3.95736
1.99582 0.258473
1.88208 1.3532
1.46508 2.72289
1.57514 2.4649
0.825194 3.64365
1.39829 2.85992
1.73028 2.00612
0.989332 3.47633
0.638866 3.79044
1.49741 2.6516
1.66259 2.22331
1.96359 0.759762
0.609579 3.80968
1.98463 0.494927
1.92109 1.1125
1.83928 1.57107
1.09687 3.34478
1.15809 3.26118
1.07593 3.37187
1.44867 2.7578
1.86112 1.46456
0.579543 3.82838
1.97809 0.590471
1.03322 3.42488
0.448698 3.89804
0.667332 3.77077
1.11754 3.31729
1.5133 2.61527
3.03576e-11 4
0.412558 3.91397
1.36376 2.92586
0.921157 3.55048
1.13794 3.28943
1.87171 1.40956
1.93903 0.98016
1.82801 1.62281
1.55995 2.50325
1.91172 1.17528
1.31047 3.02171
1.90209 1.23623
1.52903 2.57843
0.695103 3.75064
1.27381 3.08377
1.81653 1.67357
0.191392 3.98164
1.60501 2.38659
0.127652 3.99184
1.38111 2.89311
1.05472 3.39857
1.99059 0.387552
1.23622 3.14436
0.244241 3.97006
1.74322 1.9608
0.774733 3.6877
1.94754 0.910116
1.75595 1.91481
0.374596 3.92921
1.43204 2.79232
0.548557 3.8466
