1.59213e-16 3.40784 3.14163
1.40293 2.08983 2.90853
1.03958 2.94899 2.58966
1.20113 1.66835 4.09305
0.561478 3.18138 3.22337
1.04872 3.40599 4.92447e-16
1.55689 1.79949 2.62658
1.69392 3.97159e-16 3.18995
1.17498 2.53086e-16 4.85539
0.723693 2.6715 3.90235
1.89733 1.26514 5.60768e-16
1.99498e-12 1.8932 5.28541
1.81667 4.12192e-16 2.50945
1.51893e-16 3.12657 3.74236
0.992805 1.11068 4.93492
1.13595 2.65045 2.92927
0.90976 2.80375 3.29602
0.698679 2.15612 4.59856
9.02639e-14 1.02482e-16 6
1.47013e-16 3.51995 2.84998
1.12383 3.08302 1.80186
2.05574e-16 0.753575 5.89256
1.47013e-16 3.27171 3.45193
1.73244e-16 2.98401 3.99566
1.30586 1.87989 3.56387
1.39633 2.59658 1.81175
1.62469 3.05719e-16 3.49907
0.610896 1.88534 4.96423
0.875218 2.31482 4.12911
1.11467 1.33853 4.55922
1.59213e-16 3.92845 1.12976
0.928263 3.54307 5.07087e-16
0.795761 1.27644 5.16091
1.73407 1.66408 1.64512
1.80449 1.18159 1.88495
1.87015 4.18741e-16 2.12673
0.471871 3.13383e-16 5.83061
1.46635e-11 3.74113 2.1234
0.833822 3.4562 1.69285
0.56277 1.54362 5.27147
0.635641 2.93198 3.60854
1.38473e-16 2.10705 5.10008
1.26735 3.97991e-16 4.64159
1.24386 2.81446 2.06218
1.57383e-16 3.83809 1.68978
0.879073 1.67266 4.7697
1.50019 2.64533 5.50398e-16
1.87884e-16 2.83324 4.2354
0.989746 1.90129 4.36464
0.54443 3.7101 1.5367
1.06298 2.39369e-16 5.0824
0.941527 3.24267 2.08883
1.47013e-16 2.47496 4.71357
1.84467 1.54557 5.27827e-16
1.61727 1.2262 3.01279
0.457075 3.89414 5.54058e-16
1.62071 1.98807 1.86194
1.3664 2.74088e-16 4.38138
1.49429 2.26926 2.07784
0.660442 3.26716e-16 5.66342
1.54458 3.28849e-16 3.81163
0.584464 1.04995 5.51772
1.87884e-16 2.65962 4.48157
1.73244e-16 1.40768 5.61618
1.22005 2.29507 3.27901
1.51302 1.12141 3.54504
0.66753 3.34711 2.60433
1.24592 3.12902 5.16237e-16
0.822531 3.08629 2.91192
1.45899 3.48868e-16 4.10392
1.86054e-16 1.66183 5.45768
1.9185 3.81351e-16 1.69536
2.42914e-12 2.30522 4.90341
1.64688 2.26962 5.07087e-16
1.46627 1.63895 3.25677
1.29235 1.11939 4.26018
1.00515 2.49211 3.59628
1.71387 2.06171 5.27827e-16
1.94695 0.915162 5.05867e-16
0.941848 2.08675e-16 5.29304
1.75851 4.008e-16 2.85809
0.819724 3.68793e-16 5.47289
1.87884e-16 1.1269 5.75697
1.38295 1.34143 3.83907
0.796244 3.66933 5.35758e-16
0.595554 3.55211 2.10202
1.78198 1.81609 5.40028e-16
1.31899 2.4615 2.59027
1.96398 4.14371e-16 1.13364
2 3.84622e-16 5.07087e-16
0.641059 3.78895 5.54058e-16
1.21831e-11 4 4.92447e-16
1.57568 2.46352 5.07087e-16
1.15057 3.27182 5.64428e-16
1.69354 1.37767 2.43246
1.33592 2.97679 5.54058e-16
1.42036 2.81609 5.50398e-16
1.10852 2.11338 3.85892
0.586936 2.50788 4.32993
1.79344e-16 3.63371 2.50827
