1.42498 2.80673
1.73419 1.99256
1.44141 2.77297
0.626626 3.7986
1.7959 1.76039
1.96405 0.754965
0.987135 3.47883
1.56672 2.48628
1.45766 2.73878
1.0093 3.4533
0.918299 3.55344
1.66752 2.2085
0.941624 3.52893
1.94824 0.904085
1.59636 2.40968
1.34032 2.96887
1.11511 3.32056
3.28726e-11 4
1.3051 3.03099
1.58161 2.44827
1.84155 1.56038
1.7595 1.90176
1.62532 2.33095
1.97837 0.586691
1.26906 3.0916
0.25156 3.96823
1.90342 1.228
1.39162 2.8729
0.713862 3.73652
1.69478 2.1239
1.52093 2.59753
0.531311 3.85627
1.83047 1.6117
1.53634 2.56098
0.196996 3.98055
0.595823 3.81837
0.344313 3.94028
0.564129 3.83758
0.4246 3.90882
1.07374 3.37466
0.656454 3.7784
2 2.18965e-15
1.92218 1.10496
1.93985 0.97359
1.95632 0.831375
0.964603 3.50402
1.05262 3.40117
0.845562 3.62493
1.98483 0.491763
1.48963 2.66908
1.03112 3.42741
1.77184 1.85536
0.870312 3.60142
1.78397 1.80828
1.35762 2.93725
1.86306 1.45465
1.99071 0.385058
1.3228 3.00013
0.894517 3.57762
0.820342 3.64803
1.40838 2.84005
1.72125 2.03696
1.81915 1.66215
1.97142 0.673817
0.131417 3.99136
1.91293 1.1674
1.85242 1.50805
0.461724 3.89195
1.74695 1.94748
1.99587 0.256797
1.1353 3.29308
0.794621 3.67074
1.37472 2.90528
1.80763 1.71168
1.47373 2.70416
0.385552 3.92497
0.300003 3.95474
1.68124 2.16649
1.65363 2.24991
1.61093 2.37057
1.88369 1.34416
1.93114 1.04054
1.2507 3.12137
1.17482 3.23716
0.49725 3.8744
0.685432 3.75776
1.21329 3.17989
1.87349 1.40003
1.19417 3.20871
1.70811 2.08074
1.23211 3.15081
1.28719 3.06147
1.55162 2.52386
1.89368 1.28683
1.63956 2.29071
1.09457 3.34779
1.15521 3.26527
0.74146 3.71496
0.768341 3.69305
1.50536 2.63354
