1.83827 1.57577
1.97106 0.678045
0.916838 3.55494
1.03145 3.42702
1.63749 2.29663
2 1.62042e-13
1.66483 2.21662
1.69152 2.13424
0.986764 3.47925
1.73046 2.00551
0.620545 3.80259
1.95567 0.837502
0.817209 3.65085
1.82702 1.62728
0.892634 3.5795
1.49117 2.66564
1.23479 3.14662
0.842866 3.62744
0.455194 3.89502
1.6236 2.33573
1.59533 2.41241
0.680132 3.76161
1.52182 2.59543
1.75561 1.91608
1.80391 1.7273
1.13698 3.29076
1.70464 2.0921
0.294722 3.95633
0.867998 3.60365
1.30822 3.02561
0.37947 3.92734
1.21577 3.17609
1.65122 2.25696
0.790966 3.67389
1.74313 1.96112
1.9388 0.981929
0.246959 3.96939
1.84933 1.52311
1.90148 1.23996
1.7801 1.82347
1.87083 1.41422
1.92069 1.11526
1.94741 0.911276
1.88127 1.35768
1.45978 2.73426
0.963858 3.50484
0.557592 3.8414
1.86019 1.46929
0.764234 3.69646
1.50659 2.63072
0.33855 3.94228
0.736833 3.71864
1.15715 3.26252
1.47558 2.70013
1.4276 2.8014
1.37776 2.89951
1.67824 2.17578
1.36071 2.93154
1.91121 1.17861
0.490584 3.8778
1.09577 3.34621
0.708829 3.74035
1.39458 2.86716
1.96357 0.759978
1.98465 0.494639
1.56644 2.48699
1.60954 2.37435
1.99583 0.258191
1.34346 2.96319
0.94055 3.53008
1.53687 2.55972
1.05319 3.40047
0.128931 3.99168
1.32596 2.99454
0.589507 3.82229
1.25351 3.11686
1.17691 3.23412
1.58096 2.44994
1.7176 2.04924
1.19645 3.20532
1.27201 3.08675
1.81555 1.67782
1.79207 1.77595
0.650719 3.78236
1.29025 3.05631
1.55173 2.5236
1.92988 1.04989
1.07467 3.37348
1.11651 3.31867
4.94157e-10 4
1.44378 2.76803
1.99061 0.387167
1.9781 0.590258
1.41121 2.83443
0.52464 3.85992
0.193355 3.98126
1.76795 1.87014
1.89148 1.29968
1.00932 3.45327
0.418202 3.91158
