2 3.60222e-16 4.82686e-16
1.82848 1.15716 1.7021
0.995389 1.83601 4.41567
1.34219 2.96548 4.81466e-16
0.858301 2.30929 4.16786
4.1291e-12 3.82595 1.75066
1.26771e-12 1.17449 5.73553
1.63935 2.29132 5.12577e-16
0.599102 3.81632 5.66258e-16
8.47973e-13 0.785585 5.88315
1.39693e-16 3.59627 2.62686
0.859844 3.61146 5.32097e-16
0.584058 3.65653 1.68728
0.545085 2.53029 4.34978
1.8136 1.68624 5.02817e-16
1.6513 3.55949e-16 3.38511
1.0723 3.37649 4.54626e-16
1.67053 1.10769 2.85014
1.96449 0.750405 5.54668e-16
0.643626 3.28994 2.81395
1.18342e-16 4 4.85736e-16
1.22425 2.80605 2.18966
1.38884 2.16182 2.8504
1.31153e-16 3.72055 2.20326
0.963898 3.5048 5.35758e-16
1.66442e-13 7.07615e-17 6
1.91968 1.12219 5.16847e-16
1.25321 2.84016e-16 4.67603
0.630642 2.24559 4.59071
1.426 2.80466 5.10747e-16
1.37347 2.66028 1.76035
1.31153e-16 3.92323 1.16986
1.4769 2.3654 1.94419
1.50551 3.11255e-16 3.9498
2.15328e-12 1.99507 5.20041
1.34225 3.60802e-16 4.44808
1.6751 1.81291 1.83065
1.13153 3.04784 1.89099
1.55223 2.04534 2.21419
0.438521 3.90267 4.88787e-16
0.786731 2.82277 3.53573
1.29635 2.49827 2.61385
2.85825e-12 2.64831 4.49661
1.26021 3.10603 5.10747e-16
1.90104 3.55422e-16 1.86401
1.32671 1.23899 4.08712
0.968169 2.4936 3.6842
0.903475 3.18211 2.42292
1.50529 2.6337 5.10747e-16
2.62887e-12 2.43577 4.75928
1.17351 3.23906 5.10137e-16
1.5945e-12 1.4773 5.5758
1.02308 2.9126 2.73725
0.938202 2.7655e-16 5.29887
0.926775 1.44991 4.85178
1.75924 1.90272 5.06477e-16
1.09937 2.07846 3.92459
1.70111 2.10353 5.10137e-16
0.736638 3.7188 4.58896e-16
1.05807 3.0465e-16 5.09159
0.570445 3.07588 3.43278
1.60658 1.60814 2.63657
1.29308 1.90738 3.57292
3.0721e-12 2.84648 4.21538
0.650716 2.67574e-16 5.67355
1.54348 1.2379 3.33335
1.72318 3.37911e-16 3.04564
1.57417 2.46737 5.16847e-16
1.26883e-16 3.0157 3.94176
0.999683 3.28589 1.64691
1.78987 4.27821e-16 2.67715
1.94869 4.0823e-16 1.3503
1.58061 3.16181e-16 3.67629
1.86942 1.42164 5.44908e-16
0.76837 1.94584 4.70822
0.530491 3.51432 2.38302
1.14072e-16 3.17794 3.64371
3.73471e-12 3.46046 3.00943
1.4671 1.77589 3.08749
0.588426 1.81688 5.04544
1.09249 2.64951 3.07625
1.19443 1.55323 4.21092
1.11464 1.25763 4.61082
1.19817 2.30813 3.33057
0.84661 1.14202 5.15895
0.650265 2.70059 3.973
1.84812 4.43494e-16 2.29346
1.40752 1.42107 3.69139
1.42625 3.95489e-16 4.20623
2.4013e-12 2.22495 4.98615
0.633321 1.40733 5.28524
0.55571 1.06001 5.54008
1.88367e-12 1.74525 5.39877
0.817455 3.01947 3.07769
0.807019 2.29374e-16 5.48985
1.74117 1.3492 2.14924
0.792987 3.43502 1.9473
1.39693e-16 3.32988 3.32441
1.15881 3.97509e-16 4.89023
0.465684 1.21081e-16 5.83509
