1.62302 2.33737
1.89694 1.26748
0.405445 3.91694
4.32784e-07 4
1.07024 3.37911
1.88661 1.32772
1.84283 1.55432
0.65994 3.77597
1.9769 0.606181
1.96949 0.696001
2 8.41544e-15
1.56414 2.49276
1.45471 2.74504
0.441338 3.9014
0.540784 3.851
0.285477 3.95904
1.04919 3.40541
1.59387 2.41627
1.7712 1.85779
1.63734 2.29706
1.24701 3.12728
1.70635 2.08649
1.80783 1.71083
1.54898 2.53034
1.94475 0.933665
1.15147 3.27055
1.83134 1.60771
1.00618 3.45694
0.367836 3.93177
1.79582 1.76072
1.91691 1.14095
0.475677 3.88522
1.7836 1.80971
1.40529 2.84616
1.26539 3.0976
0.631266 3.79553
0.915936 3.55587
1.65148 2.25619
1.90705 1.20525
1.66545 2.21476
1.69288 2.12994
1.67928 2.17259
1.42193 2.81291
1.4384 2.7792
1.47084 2.71044
0.239102 3.97131
1.8541 1.49976
1.75861 1.90505
1.5791 2.45474
1.81967 1.6599
1.93577 1.00555
0.32808 3.94581
1.22839 3.15661
1.28357 3.06753
1.53367 2.56738
1.60853 2.37709
0.868491 3.60318
1.37145 2.91145
1.35424 2.94349
0.939049 3.53168
0.601901 3.81456
0.768331 3.69306
0.687916 3.75594
1.73282 1.99733
1.09098 3.35247
1.19043 3.21426
1.86513 1.44401
0.819314 3.64896
1.30153 3.03712
0.571736 3.83308
0.984152 3.48221
1.38846 2.87902
1.33686 2.9751
1.71966 2.04233
1.3193 3.00629
0.742068 3.71448
1.17108 3.24258
1.02785 3.43134
1.50259 2.63987
0.715274 3.73544
1.95339 0.858545
1.48681 2.67537
0.187148 3.98245
1.11143 3.32549
1.7458 1.95159
1.99559 0.265521
0.794053 3.67123
1.9265 1.07446
1.99007 0.398087
0.892412 3.57972
0.844125 3.62627
1.876 1.38653
1.96164 0.779639
0.961787 3.50712
1.13158 3.29819
0.508753 3.86842
0.124679 3.99222
1.98379 0.508222
1.20953 3.18562
1.51823 2.60382
