2 3.81572e-16 5.04037e-16
1.01784 2.88681 2.81518
0.617246 2.98808 3.53293
0.591535 1.89498 4.97706
1.02921 1.64088 4.51757
0.936847 2.69579 3.42775
6.47603e-13 1.14159 5.75045
0.570832 2.56467 4.2741
1.34588 2.33072 2.73405
1.74444 3.83215e-16 2.9347
1.36322 1.17673 4.01983
1.91524 3.62041e-16 1.72825
1.14791 2.52137 3.13637
2.50865e-14 1.5074e-16 6
5.06526e-12 1.71832 5.41818
1.45709 2.73998 4.68656e-16
1.80251e-11 4 4.68046e-16
1.86265e-12 3.28401 3.42556
1.53533e-11 3.40711 3.14343
1.16239 3.25506 5.37588e-16
0.633733 3.32747 2.73373
1.84054 1.16508 1.56765
0.8018 3.66449 5.24167e-16
0.994271 2.40716e-16 5.20604
1.05371 2.31035 3.74131
1.10228 2.38082e-16 5.00648
2.0616e-12 3.63481 2.50465
0.684342 2.76637 3.81658
0.827553 1.76635 4.77665
1.07821 3.16784 1.71988
1.62665e-12 2.8679 4.1826
0.645702 3.7858 4.75976e-16
0.568998 1.17197 5.47684
1.46742 2.86459e-16 4.07679
1.05036 3.40396 4.57066e-16
1.14456 1.88837 4.02324
1.47137 1.25576 3.60106
1.31895 1.70822 3.71185
1.64325 1.98976 1.67015
1.36502 2.92351 4.68656e-16
1.6116 2.36875 4.87567e-16
1.8654 3.65088e-16 2.16395
0.906315 3.22078 2.29503
1.35852e-11 3.01472 3.94344
1.29777 2.68123e-16 4.56533
1.25069 2.13625 3.41381
1.78848e-12 3.15329 3.69157
1.22247 1.34414 4.29941
0.551209 3.70195 1.55901
1.76501 1.08489 2.30531
0.931615 3.53954 5.32707e-16
1.6829 3.46399e-16 3.24201
4.33428e-13 0.76384 5.88959
6.33557e-12 2.14927 5.06028
1.82246 1.6476 6.3153e-16
1.94314 0.947032 4.99157e-16
1.38502 2.96498e-16 4.32846
1.76156 1.89411 5.37588e-16
1.88676 1.32688 4.76586e-16
1.96254 3.72104e-16 1.15586
2.22814e-12 3.92845 1.12974
1.52952e-12 2.69664 4.43151
1.03841e-11 3.5227 2.84233
1.51629 2.18427 2.13847
1.54516 3.08789e-16 3.80952
1.23863 2.66889 2.48306
1.09524 1.16147 4.70838
0.930617 2.07822 4.29975
6.90461e-12 2.34231 4.8637
1.20307 2.57135e-16 4.79309
0.460956 3.89231 4.60726e-16
0.445916 1.77832e-16 5.84897
5.72545e-12 1.94228 5.24519
1.14926 2.96549 2.07993
1.65322 1.24566 2.81255
0.612894 7.16409e-16 5.71133
1.58436 1.77147 2.51945
0.765287 3.08471 3.05276
1.72957e-11 3.83815 1.6895
7.41353e-12 2.51496 4.66569
0.838176 2.44509 4.0281
1.61751 2.8532e-16 3.52886
0.6667 2.22271 4.56985
1.80745 3.90932e-16 2.56871
1.04922e-16 3.74165 2.12133
1.5317 1.4568 3.1796
1.4306 1.94185 3.01599
1.26672 3.09542 5.37588e-16
1.42852 2.49792 1.89605
0.836323 3.44018 1.75406
1.31405 2.80118 1.67465
1.72041 1.58363 1.92848
1.53667 2.56018 5.27217e-16
0.607308 3.53347 2.14204
1.68943 2.14086 4.79636e-16
0.683389 1.43873 5.20955
8.21399e-13 1.44803 5.59305
0.877905 2.09994e-16 5.39106
0.915317 1.21733 5.01253
0.752734 1.94055e-16 5.55882
