0.811343 3.65608
0.931858 3.53929
1.76622 1.87668
0.456462 3.89443
0.381138 3.9267
1.0638 3.38723
1.91895 1.12714
0.619466 3.80329
1.18562 3.22137
1.22435 3.16289
1.79027 1.78316
0.648969 3.78356
1.1417e-11 4
1.82506 1.63604
1.31738 3.00966
0.248355 3.96904
0.785854 3.67828
1.71621 2.05391
1.89958 1.25158
1.42184 2.8131
1.98412 0.503079
1.97739 0.599781
1.94601 0.923125
1.37061 2.91302
1.54911 2.53003
1.70327 2.09654
1.75397 1.92208
1.77834 1.83033
0.908657 3.56334
1.33533 2.97785
1.43846 2.77908
1.92825 1.06179
1.47112 2.70984
0.999292 3.46492
0.705692 3.74273
1.67691 2.17988
0.677662 3.76339
1.83632 1.58484
1.86885 1.42462
1.2622 3.10281
1.405 2.84674
0.885038 3.58704
0.525115 3.85967
1.95442 0.849135
1.97016 0.688366
1.20511 3.19232
0.860969 3.61039
0.129727 3.99158
1.56409 2.4929
0.491455 3.87736
0.836418 3.6334
1.81364 1.68609
1.99027 0.394124
1.53391 2.5668
1.60785 2.37893
1.93727 0.993959
0.95469 3.51486
1.24337 3.13307
0.557544 3.84143
1.29921 3.04109
1.16595 3.24996
1.90938 1.1904
0.419828 3.91088
1.45491 2.74461
1.64983 2.26103
1.88952 1.31105
1.72897 2.01064
1.84734 1.53273
1.08476 3.36053
1.69018 2.1385
1.48713 2.67466
0.296294 3.95586
1.87931 1.36849
1.38792 2.88005
1.02109 3.43941
1.99568 0.262875
1.51851 2.60316
1.74155 1.96672
1.04259 3.41351
0.194511 3.98104
1.57886 2.45535
2 2.17318e-15
1.35309 2.9456
1.66347 2.22069
1.80207 1.73498
1.85817 1.47948
1.50292 2.63912
0.977168 3.49007
0.759665 3.70022
1.14602 3.27819
1.96249 0.771069
0.733051 3.72163
1.10543 3.33348
1.63603 2.30078
1.2808 3.07217
1.12586 3.30601
0.340197 3.94171
1.62203 2.34011
1.59344 2.41739
0.588954 3.82263
