1.18382e-11 2.9237 4.09475
1.64703e-16 3.53211 2.81592
1.90106 3.78606e-16 1.86375
0.973115 2.80864 3.11904
9.57822e-12 2.36554 4.83833
0.590246 3.55285 2.11265
1.19203 3.2119 5.12577e-16
1.94848 3.84413e-16 1.35304
0.600002 2.29139 4.57672
1.91372 1.16218 5.59548e-16
1.37516 1.89323 3.30388
1.73244e-16 2.55655 4.61456
1.19603 2.11479 3.61426
1.50949 3.23332e-16 3.93611
1.0963 1.88138 4.14959
1.67077e-11 4 5.20507e-16
0.977873 2.30933 3.92359
4.58216e-12 1.13163 5.75488
1.60469 2.38745 5.58938e-16
1.73244e-16 0.756038 5.89185
1.31974e-11 3.25938 3.47807
1.65714 3.63985e-16 3.35929
1.27971 2.81039 1.8681
1.72417 3.50843e-16 3.04059
1.14158 3.08568 1.68758
1.0745 2.95124 2.45193
0.458829 2.17844e-16 5.83997
1.84722 3.35412e-16 2.29999
1.2978 2.31571 2.96239
1.45113 1.34111 3.60571
1.78786 3.50712e-16 2.68925
1.86166 1.4618 5.59548e-16
1.3584 1.11891 4.07135
1.29081 3.05537 5.06477e-16
1.60681 1.91208 2.13011
0.559352 2.80803 3.92973
2 3.63272e-16 4.85736e-16
1.37554 2.90371 5.41858e-16
1.51893e-16 3.89055 1.39395
1.4221 3.108e-16 4.21885
0.684252 2.513 4.1925
0.517626 3.70277 1.65526
1.9619 0.777057 5.36368e-16
1.58558 2.8934e-16 3.65696
1.25475e-11 3.09889 3.7938
1.67766 2.17757 5.44908e-16
0.85657 2.64951 3.68807
1.46997e-13 1.73119e-16 6
1.24131 2.47178e-16 4.70451
0.824109 3.4462 1.77931
1.57446 1.18456 3.2454
1.65573 1.36623 2.66968
1.52689 2.58349 5.41858e-16
0.912948 3.16158e-16 5.33842
1.08638 3.35843 5.22947e-16
1.19302 1.33271 4.3811
1.07029 1.12382 4.78002
1.28245 1.6618 3.87096
1.10804e-11 2.73655 4.37612
0.554667 1.07097 5.53628
0.872551 1.37675 4.9883
0.57059 1.72503 5.13561
1.54035 2.27189 1.74142
0.693085 2.95635 3.46579
1.20018 2.65321 2.68276
0.846855 3.09428 2.82891
5.75375e-12 1.42098 5.60864
0.560465 3.1873 3.21175
0.956331 3.23785 2.04465
7.81616e-12 1.93036 5.25508
1.52277 1.70239 2.93424
1.83565 1.11757 1.6921
1.74307 1.96132 5.45518e-16
0.866052 2.11381 4.38134
1.80392 1.7273 5.63818e-16
0.719183 1.2301 5.28587
1.48102e-11 3.65772 2.42847
0.579192 3.8286 5.06477e-16
1.13671 2.26439e-16 4.93669
0.977916 3.48923 5.06477e-16
0.702532 1.92699 4.81697
1.7565 1.18202 2.25583
1.71425 1.66779 1.81485
1.45588 2.74257 5.34538e-16
8.75479e-12 2.16217 5.0479
0.974669 1.67582 4.59688
9.5162e-17 3.78167 1.95516
1.09772 2.4854 3.35505
6.79368e-12 1.67783 5.44665
1.02419 2.99891e-16 5.15358
1.90324e-16 3.40938 3.13788
1.39286 2.51103 2.08628
0.86009 3.61123 5.66868e-16
1.329 2.57917e-16 4.48373
0.38738 3.92425 5.38808e-16
0.638916 2.52098e-16 5.6856
0.663172 3.34644 2.61627
0.791786 3.0925e-16 5.50978
0.728398 3.72528 5.37588e-16
1.45789 2.12801 2.58494
