1.87512 1.39131 4.86957e-16
0.818272 1.68984 4.85272
1.20243 3.19634 5.85169e-16
1.73897 1.58706 1.76537
1.71234 2.06678 5.07697e-16
1.90264 3.9893e-16 1.84919
0.575078 3.83108 5.32707e-16
6.46433e-12 3.19719 3.60562
1.20909 2.08875 3.6092
0.902167 2.62355 3.63153
1.30762 2.30476 2.9427
9.16019e-12 1.97411 5.21838
0.738783 2.38936 4.27112
0.628838 2.1642 4.68002
1.80915e-11 3.89891 1.34036
1.68799 1.31457 2.54323
1.10945e-11 2.39099 4.81011
1.57536e-12 0.779097 5.88509
1.39047 1.87216 3.27311
1.41421 3.47045e-16 4.24264
1.77062 1.86002 5.32097e-16
1.27613 2.82506 1.84017
6.16623e-12 3.04975 3.88238
0.564 1.83838 5.05301
1.44638 2.7626 5.47958e-16
0.62781 3.23854 2.97563
0.908989 1.97536 4.44792
0.384591 3.92535 5.17457e-16
1.20752 2.6607 2.63603
0.76143 2.31111e-16 5.54815
1.94948 1.25577e-15 1.34006
3.57136e-12 3.80656 1.84328
8.08626e-12 2.73705 4.37541
1.3913 2.51376 2.08828
0.76635 3.53598 1.60694
0.930518 1.12441 5.03612
1.57512 3.576e-16 3.69744
0.574705 1.13872 5.48725
1.22947 3.01849e-16 4.73241
0.752078 2.99152 3.28234
9.853e-12 3.33508 3.31268
0.594745 3.44663 2.46741
1.02716 3.239 1.70277
0.984896 3.48137 5.54058e-16
1.60291 1.12898 3.16361
6.79653e-12 1.46471 5.58327
1.65535 2.24483 4.98547e-16
1.54631 1.66502 2.87101
1.82497 1.63642 5.04647e-16
1.96489 0.74617 5.36368e-16
1.46851 2.10642 2.57061
1.53385 2.28188 1.76352
1.46744 1.3327 3.55295
1.01579 2.90321e-16 5.16852
2.71463e-12 2.89336 4.14296
0.630592 2.66703 4.05177
1.50137 2.86347e-16 3.96396
2 4.09633e-16 5.32097e-16
1.3599 1.11791 4.06746
1.84666 3.88414e-16 2.30402
1.28833 3.05954 5.27827e-16
1.12318 2.99399 2.11597
0.840672 3.34505 2.11267
2.21224e-14 1.52507e-16 6
7.00636e-12 3.46528 2.99693
1.0596e-11 3.5866 2.65643
0.617902 2.19024e-16 5.70647
0.889924 2.62097e-16 5.3733
1.72415 3.85001e-16 3.04069
0.859757 3.61155 5.18067e-16
1.00853 2.82182 2.98829
1.78491 3.83292e-16 2.7068
0.698573 1.36928 5.23348
1.81009 1.11668 1.92518
1.65216 3.45074e-16 3.38131
5.40534e-12 1.16488 5.73994
1.32138 3.30186e-16 4.50396
1.11537 2.47117 3.32617
1.04044 1.40376 4.67158
1.09764 3.34376 5.11357e-16
1.20213 1.26109 4.40632
8.08747e-12 4 5.15627e-16
1.2953 1.63677 3.85643
0.449647 1.86219e-16 5.8464
8.02774e-12 1.73003 5.40978
1.02038e-11 2.19903 5.01195
1.19328e-11 2.57163 4.59566
0.721347 3.73077 5.11357e-16
7.4849e-12 3.70196 2.27263
1.62349 1.89078 2.05783
1.11512 1.80976 4.17605
0.595463 2.90249 3.72207
1.92061 1.11581 4.91837e-16
1.13167 2.64252e-16 4.94711
0.998417 2.25849 3.94356
1.36953 2.91506 4.86957e-16
0.910788 3.10615 2.61263
1.58682 2.43476 5.24777e-16
1.51411 2.61341 5.80288e-16
0.549139 3.66031 1.77223
