1.40446 2.38377 2.33711
1.41352 3.5306e-16 4.24471
0.878497 3.59346 5.18677e-16
0.639367 1.12164 5.43049
1.95083 3.1455e-16 1.32221
4.05558e-12 3.04989 3.88212
1.62807 1.13341 3.04205
3.21194e-12 2.41544 4.78255
0.572112 3.65906 1.7116
0.842673 1.32886 5.06319
9.87611e-13 0.742633 5.89569
1.094e-11 2.74329 4.36661
1.62918 2.32015 4.67436e-16
4.92918e-12 3.70688 2.25453
4.95095e-14 1.56163e-16 6
0.837034 2.17588 4.3637
0.561279 3.36665 2.76811
1.90608 3.17609e-16 1.81707
1.33191 2.6927 1.92879
1.04748 2.63289 3.24466
1.29595 1.26345 4.15849
8.92517e-12 2.23805 4.97293
2.46522e-12 1.85376 5.31677
0.676471 1.92864 4.84895
0.829441 2.78361 3.5177
1.45931 1.94913 2.87849
0.590421 1.59582 5.20891
0.666138 2.60389 4.09278
1.56254 2.49678 5.15627e-16
1.58544 3.24703e-16 3.6575
0.394975 3.92122 5.25997e-16
0.572959 2.92142 3.72054
4.78004e-12 3.59472 2.63164
0.664191 3.11221 3.19946
1.32681 3.2536e-16 4.48958
1.84477e-12 1.38716 5.62766
1.49165 2.66456 5.87609e-16
1.73339 3.70272e-16 2.99303
1.12658 3.30504 5.36368e-16
0.901932 2.75768e-16 5.35525
0.767283 2.64769e-16 5.54089
1.00805 3.45476 5.18677e-16
1.22475 1.82101 3.87796
0.743268 3.71352 5.52228e-16
1.66197 3.66406e-16 3.33777
2 3.61442e-16 4.83906e-16
0.933448 2.42662 3.86121
1.22745 3.15808 5.52228e-16
1.37722 1.66704 3.5604
1.74652 1.58618 1.69881
1.01318 2.66821e-16 5.17313
1.04683 3.1313 2.0189
1.81799 1.10567 1.8718
1.04531 1.14551 4.81804
1.3218 3.0019 5.52228e-16
1.24021 2.49756 2.84988
4.42674e-12 3.32892 3.32657
1.7924 2.99417e-16 2.66189
1.04845 1.98491 4.15235
1.23481 3.27514e-16 4.71987
1.87139 1.41125 5.18067e-16
1.12794 3.02227e-16 4.95476
1.03036e-11 2.5837 4.5804
1.15881e-11 3.46678 2.99302
1.91889 1.12757 5.18067e-16
4.43145e-12 1.1112 5.76383
1.69565 2.12111 5.15627e-16
1.44089 1.12108 3.80615
1.75894 1.90382 4.66826e-16
1.11022e-16 3.80877 1.83301
1.58481 1.71015 2.61057
1.14062 2.26558 3.56959
0.615526 2.51674e-16 5.70878
1.41042 2.83599 5.91879e-16
0.692059 3.49107 2.06576
1.7075 1.29796 2.44322
1.20926 2.95991 1.76829
1.81757 1.66905 4.63166e-16
3.84447e-12 2.89102 4.14663
1.13837 2.81692 2.54622
8.21581e-12 2.06017 5.14299
0.600323 2.33236 4.52954
1.50226 3.46848e-16 3.96091
1.11022e-16 3.89911 1.33906
1.64471 1.91846 1.83663
1.85209 3.02458e-16 2.26444
1.31328 2.12632 3.2101
1.06945e-11 3.19945 3.6011
1.96414 0.754036 5.56498e-16
0.445826 2.30892e-16 5.84903
0.824833 3.23974 2.50221
0.590471 3.8217 4.67436e-16
0.933887 1.71718 4.63854
1.52702 2.22124 1.97802
1.51844 1.38547 3.30607
1.14505 1.42642 4.42965
1.59516e-11 4 5.15627e-16
0.935201 2.96863 2.88095
0.924925 3.36942 1.66024
2.16891e-12 1.63102 5.47855
