1.64662 2.45918
1.05984 3.50501
0.778021 3.84119
0.638193 3.95212
1.7654 2.22493
1.63056 2.50107
1.33329 3.02578
1.4106 2.84043
0.917274 3.69568
1.92356 1.74307
1.97944 1.57687
0.329254 4.1147
2.09343 1.09834
1.67973 2.3687
1.42363 2.80994
1.81276 2.15151
1.3163 3.06276
2.18031 0.719217
1.91351 1.78712
2.10864 0.964687
2.06477 1.30563
1.25863 3.18132
0.82516 3.7961
1.27907 3.14084
2.0753 1.23348
1.11749 3.42237
2.19094 0.587713
0.609769 3.97017
2.11603 0.89255
1.50896 2.76484
0.666502 3.93213
1.09896 3.44961
1.39694 2.8752
2.08459 1.16802
1.89195 1.87678
1.61506 2.54053
1.86837 1.96876
0.550067 4.01082
0.896013 3.71991
2.05442 1.37213
2.16544 0.796974
1.84212 2.06373
1.85537 2.01698
1.00094 3.58697
1.07902 3.47795
0.282392 4.12785
1.04029 3.5338
2.20043 0.230131
1.15852 3.3586
1.93305 1.70022
1.17959 3.32418
1.52986 2.73313
1.56626 2.65795
2.14298 0.853759
0.982124 3.61257
0.518296 4.03019
1.19926 3.29036
1.38223 2.91119
1.59908 2.58018
0.801778 3.81928
1.9028 1.83224
0.722156 3.88964
1.48192 2.79104
0.75009 3.86599
1.87988 1.92462
1.13874 3.38995
1.0228 3.55697
0.694746 3.91108
1.23897 3.2184
1.34973 2.98858
2.00411 1.54401
0.872218 3.74692
2.04053 1.44209
1.3665 2.94898
0.41245 4.08387
1.94236 1.66355
0.450585 4.06652
1.79181 2.19393
0.225368 4.13983
2.2019 0.20194
1.21947 3.25429
0.372021 4.10012
1.72351 2.24902
0.848645 3.77211
0.149943 4.14993
0.580692 3.99063
2.02482 1.4978
1.5487 2.69653
1.95426 1.6028
2.10173 1.02749
0.960486 3.64059
0.940354 3.66785
1.69446 2.32673
1.29828 3.10146
0.485448 4.04865
2.19804 0.420199
1.82858 2.10765
1.5824 2.62041
1.70932 2.28314
1.66417 2.41182
