0.940133 3.65106
2.11115 0.938219
1.0786 3.46668
1.98795 1.56607
1.11701 3.4099
2.09791 1.05838
1.34539 2.97594
1.78852 2.21044
1.02063 3.54521
1.61271 2.54693
0.410519 4.07491
1.138 3.37724
0.32766 4.10686
1.3305 3.01008
1.19414 3.28333
1.53882 2.71651
0.873466 3.73053
1.39454 2.86782
1.9096 1.8048
0.2202 4.13398
1.17575 3.31499
1.15542 3.34901
1.42452 2.80927
0.281057 4.12053
0.553409 3.99617
1.71623 2.2634
1.64224 2.47117
2.10517 0.994042
1.8995 1.84778
1.51833 2.75154
2.03077 1.47751
1.22903 3.21963
1.82392 2.12578
1.8652 1.98223
2.07984 1.20477
1.03972 3.52019
1.76297 2.24165
1.62696 2.51093
2.19508 0.484831
2.17887 0.73196
1.65551 2.43575
1.88789 1.89367
1.85289 2.02756
0.625336 3.95146
2.20249 0.202715
1.09722 3.4397
0.715611 3.88372
1.58525 2.61405
1.36017 2.94123
0.742072 3.86119
1.83928 2.07627
1.70172 2.30613
1.80754 2.1716
2.20031 0.238633
1.49176 2.78233
1.92015 1.7622
1.87718 1.93659
1.24682 3.18577
0.983072 3.59504
2.14394 0.853871
2.11733 0.890135
0.657214 3.92911
1.40934 2.84424
1.29829 3.0808
1.9338 1.70426
0.822008 3.78566
1.57222 2.64483
2.0889 1.13256
0.794626 3.81284
0.48543 4.03744
0.849388 3.75697
2.16344 0.80618
0.588426 3.97533
0.521387 4.01647
0.448221 4.05705
1.21108 3.2528
2.1888 0.627378
1.37533 2.90445
1.05951 3.49333
2.06984 1.27541
1.60029 2.57765
0.685385 3.908
0.962075 3.62293
1.55526 2.68283
0.896055 3.70465
0.373179 4.09049
1.68357 2.35986
1.31424 3.04633
1.28165 3.11585
1.95553 1.59601
2.04504 1.42105
1.00281 3.56796
2.05858 1.34518
0.146808 4.14674
1.66857 2.40019
1.94521 1.65153
0.767026 3.83888
2.01225 1.52699
0.91811 3.67837
1.26398 3.15183
