1.82423 2.33823 0.150033
0.000739526 4.00074 0.000739077
1.12203 3.10421 2.21562
1.93601 0.150723 2.85532
1.78302 1.05195 3.01437
0.902064 2.92344 3.07711
0.815059 2.45502 4.14377
2.04434 1.40732 0.563755
1.74945 2.18233 1.42605
1.79506 1.82055 1.96585
0.656774 3.11649 3.31443
1.30299 1.92708 3.78427
0.0788369 2.94221 4.26839
1.80613 1.43165 2.51155
0.839722 2.08865 4.53299
0.676969 3.49919 2.08365
1.01464 2.03304 4.17708
1.21018 0.100031 5.09083
2.15196 1.07526 0.200398
0.115543 1.48269 5.75421
1.1813 3.24463 1.28274
1.43987 2.13935 3.01533
1.71768 0.689042 3.5159
0.085263 2.74946 4.56071
2.14359 0.200619 1.62319
0.846461 0.0500386 5.5538
0.423392 3.81282 1.29662
1.16998 0.501273 4.97486
0.833173 3.15032 2.72803
2.03572 0.34765 2.13394
0.105334 1.81374 5.53055
0.886936 1.02123 5.15721
0.700354 1.88209 4.976
1.51683 2.92509 0.100641
0.560924 3.65708 1.75722
0.0646234 3.28554 3.6224
1.86099 0.150497 3.25976
1.40838 3.12539 0.10003
1.67883 2.49363 0.921781
0.775981 0.698209 5.4308
2.18496 0.200451 0.945194
1.01783 0.240797 5.29294
1.94974 1.90072 0.173354
0.0158886 0.0158451 6.01584
0.0574899 3.41996 3.30727
1.36012 2.70586 2.21393
1.65356 1.49529 3.24624
2.07485 0.820926 1.44205
0.594151 0.370023 5.70323
1.07538 3.44206 0.856149
1.25744 3.36219 0.100041
1.42565 1.46127 3.85642
1.28711 0.796974 4.62948
0.0392394 3.77787 2.17252
1.46131 0.100037 4.49575
1.25563 1.46744 4.3412
1.99817 0.150683 2.44789
0.648205 3.86705 0.0501149
1.9719 1.30395 1.92711
1.62594 2.32635 2.07292
0.0500816 3.55197 2.94969
1.59746 2.74317 0.471776
0.749821 3.32528 2.46399
0.253606 3.93541 0.76416
0.0974557 2.28093 5.12468
0.0917864 2.51951 4.86031
0.399869 0.154388 5.87528
0.543313 3.01095 3.75113
1.28141 2.99022 1.75377
1.73899 2.57905 0.149992
0.701195 2.78136 3.88256
0.95491 1.3182 4.88886
1.38408 1.17932 4.18687
0.547443 2.34356 4.72996
0.999332 1.6473 4.57432
1.68615 1.86539 2.61899
0.997694 2.37069 3.79734
0.845965 3.71962 0.0500384
2.00164 1.66644 0.150846
1.44704 1.78574 3.46427
1.63061 0.381784 3.93895
0.526906 1.30711 5.56719
1.53823 0.103081 4.28114
0.0302565 3.88853 1.61321
0.553813 3.39093 2.83241
0.586542 2.60165 4.35465
0.0719307 3.12122 3.95511
0.102563 2.06592 5.33006
0.0719564 0.00344439 5.99653
1.28303 2.35431 3.27046
1.40873 2.4409 2.60428
0.607031 1.64453 5.28257
2.20538 0.205387 0.205385
0.966134 3.59532 0.457522
0.045149 3.67098 2.5789
1.35384 0.100089 4.77458
1.89545 2.10482 0.150433
1.7621 0.150475 3.70317
0.946199 2.65161 3.48269
1.19112 2.78861 2.77624
