1.85334 2.02443
0.953197 3.60553
1.33767 2.98355
2.04985 1.40045
0.9327 3.62953
1.05615 3.47019
1.30322 3.04252
2.0805 1.1965
0.546808 3.98041
1.37465 2.91315
0.670087 3.89398
0.514392 3.9991
1.97784 1.58573
1.61791 2.5343
1.01341 3.52948
2.1917 0.572403
1.87867 1.92938
0.336613 4.07761
1.19323 3.24514
1.89107 1.88027
1.17355 3.28097
1.13608 3.34583
1.7613 2.23518
1.63737 2.4842
0.910015 3.65504
2.20263 0.203291
1.71817 2.25839
1.66873 2.39959
1.91423 1.78381
2.20028 0.281717
1.56512 2.66199
1.25054 3.13329
0.79648 3.77781
1.8088 2.16511
1.36049 2.94723
1.54896 2.69901
0.57734 3.96134
1.58248 2.62116
2.03632 1.46504
0.862244 3.7053
2.10534 1.00397
0.298216 4.09162
0.611027 3.93864
0.726028 3.84623
2.18597 0.667607
1.38841 2.88008
1.50637 2.7657
2.00303 1.55854
1.83998 2.07168
0.842007 3.72853
1.68381 2.35779
2.05979 1.33829
1.82575 2.11819
2.0208 1.51908
0.48055 4.01689
1.48051 2.78907
2.09818 1.05581
0.12876 4.12863
1.52937 2.73326
1.90273 1.83252
0.82 3.75283
0.698446 3.87046
0.203053 4.11713
1.15445 3.31462
0.254392 4.10497
1.42647 2.8073
1.21351 3.20683
1.23229 3.17009
0.972547 3.58236
0.993804 3.55519
0.372008 4.06282
1.70041 2.31067
1.93821 1.6903
1.0953 3.41154
1.40695 2.85606
1.65223 2.44474
0.88629 3.68057
1.11629 3.37834
0.445591 4.03353
1.07543 3.4418
2.11555 0.897894
2.08975 1.12549
2.13788 0.864145
1.3176 3.01017
2.19644 0.459231
0.640172 3.91727
1.03493 3.50019
2.16042 0.81631
0.773541 3.8011
0.411773 4.04792
1.26589 3.10151
1.86633 1.97649
1.95206 1.61239
1.59967 2.57967
1.78903 2.2047
2.176 0.75324
1.27929 3.07729
1.92591 1.73245
0.750473 3.82351
2.07035 1.26855
