0.26305 4.11822
1.3888 2.8806
0.471563 4.0348
1.10213 3.42394
2.17926 0.736669
1.55755 2.67857
1.94101 1.66392
1.01683 3.54324
1.42519 2.81065
2.09754 1.06192
0.948495 3.62786
0.353378 4.08976
1.71049 2.28008
2.04019 1.44559
1.47775 2.79253
1.5902 2.60407
1.72191 2.24783
1.65404 2.4398
1.90251 1.83357
0.139223 4.13918
0.924606 3.65943
1.76208 2.22579
1.22095 3.22342
2.14487 0.850611
1.28784 3.08979
1.27154 3.12386
0.731536 3.86268
1.78884 2.19578
0.647796 3.92944
0.757997 3.83901
2.19943 0.31796
2.11466 0.911904
2.01497 1.52695
1.60691 2.5613
1.82311 2.12306
0.582318 3.97355
1.95346 1.60485
1.08272 3.45277
1.66794 2.40189
1.62179 2.52392
0.879496 3.71349
1.68273 2.36082
1.99767 1.55834
0.706034 3.88427
0.809553 3.78922
1.12133 3.39444
2.1645 0.802034
2.18925 0.632905
0.434083 4.05445
0.784741 3.81381
0.504477 4.01672
0.993785 3.57239
1.53738 2.71917
1.06143 3.48318
0.857443 3.73687
1.51492 2.75622
2.1218 0.884112
2.02873 1.49064
1.20146 3.25937
2.10533 0.99248
2.06955 1.2745
1.37527 2.91402
0.969525 3.60179
0.833129 3.76329
1.92893 1.71947
2.19531 0.518918
1.97506 1.58486
0.61605 3.95168
1.83715 2.08043
1.80744 2.16204
2.08842 1.13672
1.86231 1.99172
0.393699 4.07331
1.35245 2.94944
1.33583 2.98356
1.69728 2.31907
0.547006 3.99456
1.03943 3.51343
2.20215 0.202576
1.14289 3.36003
1.87572 1.94076
1.30402 3.05499
0.209029 4.12982
1.40466 2.85728
0.307294 4.10574
1.25628 3.15496
1.91629 1.77557
1.32027 3.019
1.57463 2.63891
1.84956 2.03846
2.06017 1.33653
1.18168 3.29457
1.63687 2.48534
1.8896 1.88638
0.677628 3.90701
2.07925 1.20638
1.23909 3.18878
0.901579 3.68754
2.05073 1.39554
1.16312 3.3265
