1.25626 1.72137 4.12701
1.40461 1.31605 4.03577
0.651059 3.5353 2.03345
1.41393 0.100121 4.62393
0.51659 3.42288 2.78222
2.1377 0.201003 1.69158
0.684345 2.89035 3.69404
1.33963 2.78853 2.09243
0.546479 2.73927 4.19125
0.942733 1.33376 4.89913
1.68689 1.74944 2.78691
0.531739 2.1334 4.9557
0.565405 1.56899 5.36813
4.98823e-05 4.00005 7.05841e-05
1.51217 0.100314 4.34998
1.25148 3.07347 1.61498
1.16505 2.92468 2.55487
0.843321 0.0501599 5.55813
1.67149 0.508987 3.76237
0.0972633 2.05185 5.33215
1.24062 0.67294 4.78109
6.24364e-05 5.65617e-05 6.00006
0.0919798 2.28854 5.10636
0.932621 3.63443 0.342165
1.90935 2.05474 0.150577
1.75476 2.53773 0.150137
1.27358 0.100381 4.95957
1.43912 1.62294 3.66577
1.43206 2.23262 2.89554
0.614305 3.88836 0.0505574
0.817246 2.49394 4.05598
0.484648 1.27066 5.61337
1.97227 1.3134 1.90457
0.917067 2.79782 3.28952
0.074402 2.88395 4.34517
1.53013 2.89796 0.100634
0.960308 2.55751 3.60356
1.6112 2.70327 0.551308
0.0473216 3.50684 3.0592
0.0606073 3.21781 3.74464
1.81032 1.33295 2.61175
1.64572 2.18241 2.27803
0.990401 2.27571 3.93976
1.76437 2.09564 1.55758
1.40196 2.48133 2.55141
0.857813 3.02778 2.95857
1.94493 0.150538 2.80012
0.53409 3.69085 1.66868
1.12571 0.414944 5.07918
0.109809 1.45407 5.76082
0.754249 0.687641 5.46068
1.25733 2.51847 3.08229
1.95449 1.87755 0.150577
0.377544 0.148082 5.88804
2.04768 1.37696 0.630803
0.806253 3.21058 2.65073
0.655716 2.38316 4.51607
1.33648 0.988328 4.42347
1.64024 1.3639 3.4257
1.99922 1.67562 0.150362
1.45766 3.03747 0.100114
0.053458 3.36098 3.42773
1.80197 1.71444 2.1178
0.57362 0.361725 5.72237
1.69873 2.41758 1.05717
1.75823 0.900624 3.23317
0.712011 1.70528 5.07857
0.603393 3.15344 3.31412
0.862077 0.986229 5.20816
1.44737 1.95021 3.26093
1.79184 0.150262 3.57764
0.0332068 3.78532 2.11254
2.20351 0.203555 0.203568
1.29297 2.10025 3.61804
1.88216 0.150228 3.15086
1.04951 3.48063 0.783147
1.1475 3.29434 1.2747
0.0863251 2.51251 4.85661
1.9984 0.150584 2.44614
1.5646 2.56405 1.84332
1.35217 3.21927 0.100105
0.0674064 3.06416 4.04155
2.18019 0.200363 1.05037
0.983238 1.63475 4.61396
2.07484 0.908638 1.32368
0.989195 0.204602 5.34253
1.58828 0.266556 4.10088
1.84404 2.27691 0.150166
1.22374 3.40915 0.10014
2.04597 0.439169 2.01508
0.815453 3.74677 0.0507286
0.746136 3.3553 2.39356
0.400579 3.83331 1.22588
0.103213 1.79567 5.53967
0.0216297 3.90911 1.43472
2.15493 1.0491 0.200497
0.0409624 3.65836 2.60173
0.812928 1.97546 4.67616
0.999799 1.95582 4.28939
0.0809998 2.68874 4.63064
