0.083785 2.8109 4.47313
1.33516 0.962186 4.43914
0.108206 1.84034 5.51648
0.822904 0.817731 5.32979
0.644075 3.07469 3.46832
1.11401 0.392887 5.10451
1.68886 1.79948 2.70459
1.01049 2.21608 3.97083
0.495682 3.75516 1.43743
1.30942 1.98852 3.69822
1.66042 0.44206 3.82517
0.553103 3.33246 3.03562
0.0798648 2.9911 4.19454
1.81489 0.150061 3.47494
1.59376 0.120608 4.17659
1.0135 1.84876 4.3685
1.71315 2.36064 1.14127
0.98109 0.192665 5.35599
0.753593 0.0501995 5.66687
0.355044 0.118126 5.9023
0.693109 2.79119 3.90955
0.0366919 3.88813 1.65667
1.26993 2.37783 3.28427
1.41442 1.37151 3.96424
0.0970164 2.4008 5.00191
1.93778 1.95158 0.15413
0.854877 0.0576547 5.54276
0.613758 3.60366 1.8425
1.11624 3.10565 2.23389
1.96993 1.32589 1.92486
0.117592 1.53366 5.72903
0.517295 1.94225 5.1742
0.0441007 3.79109 2.14407
1.99887 1.67903 0.15065
2.19011 0.200756 0.818846
1.20135 2.79448 2.72063
0.0171324 4.00015 0.000296198
0.0325582 0.00018736 5.9994
1.99756 0.150694 2.45322
0.564228 2.57925 4.43466
0.725158 3.41065 2.2582
1.23498 0.651336 4.7988
0.921459 1.15595 5.03968
0.615445 2.20796 4.80838
0.97791 3.58121 0.496505
0.751246 1.69467 5.06065
1.77252 2.03544 1.64825
1.26134 1.6264 4.20332
2.04327 0.410819 2.05481
1.3095 3.2858 0.100057
1.81572 1.63885 2.16682
1.86304 2.21887 0.151046
0.0934332 2.62444 4.73956
1.79797 1.24522 2.76513
0.059407 3.43291 3.28334
1.17523 3.4729 0.100058
0.685408 0.513515 5.58462
1.63084 2.24985 2.22402
0.0646055 3.2855 3.62244
1.27865 0.100074 4.94757
0.981865 1.47804 4.73476
0.846164 3.71949 0.0500502
0.854254 2.01434 4.60356
1.5674 2.82376 0.209132
2.07484 0.878836 1.36959
1.51405 2.92889 0.100047
0.0529059 3.56534 2.92362
1.44502 1.73892 3.52422
1.2936 2.95114 1.82398
1.91891 0.1507 2.95441
0.529679 0.283548 5.77045
0.806435 2.41731 4.24192
1.41047 2.42958 2.62239
2.0461 1.3904 0.607523
1.20325 3.19588 1.37865
2.16007 1.00984 0.20135
2.14329 0.200628 1.62659
0.0709584 3.1349 3.9281
0.00717712 4.00718 0.00721128
2.2051 0.205099 0.205169
1.76832 2.50384 0.150946
0.667623 3.85487 0.0502421
1.42145 3.10283 0.100129
1.09303 3.41297 0.9249
1.63817 2.62671 0.686153
0.304341 3.91522 0.82564
0.0499188 3.68032 2.56892
1.75689 0.890268 3.24461
0.986745 2.48244 3.65753
0.886411 2.98604 2.97904
1.51431 0.100089 4.34263
1.36281 2.69319 2.23434
1.41839 0.100075 4.61203
0.586472 1.46113 5.43621
0.0131786 0.0131752 6.01318
0.943987 2.74244 3.33313
0.810577 3.21508 2.61431
1.64384 1.39152 3.38619
0.102735 2.13908 5.26701
1.44174 2.10763 3.05754
