2.07222 1.03813 1.14017
0.45519 3.79506 1.3268
0.0920909 2.60204 4.76385
1.81672 1.6679 2.08803
1.22352 0.673347 4.8192
1.81452 1.2643 2.65171
1.96354 0.150224 2.68143
1.54109 0.100446 4.26204
1.40211 2.40104 2.71965
0.934535 1.23506 4.97173
1.03737 3.49276 0.806955
1.10502 0.417101 5.11879
0.556568 1.93332 5.13266
0.683801 2.14895 4.76122
0.935383 3.6276 0.451524
2.03987 1.43421 0.542312
1.77171 0.867332 3.18793
0.972737 2.5442 3.59605
1.00168 2.26073 3.93592
0.10364 2.13633 5.27117
0.119064 1.5192 5.73948
0.00326506 0.00326502 6.00327
1.01325 1.91888 4.30156
1.64025 2.18472 2.31135
0.0465083 3.68863 2.52717
1.64042 1.42974 3.36821
1.54146 2.87362 0.100253
1.77055 2.49902 0.15129
1.81811 0.150845 3.46472
0.802044 1.7633 4.9101
0.0326948 3.88935 1.62453
0.707157 0.566406 5.54905
0.661153 3.8591 0.0502645
0.984843 1.54924 4.67755
1.45006 3.05643 0.10291
0.818748 3.74337 0.0503849
1.22069 3.41678 0.102128
2.05657 0.54272 1.86681
1.42991 1.6996 3.62614
0.552458 0.32008 5.74749
1.16134 2.89356 2.63859
1.93986 1.93767 0.150569
0.678773 3.48888 2.11627
0.585474 3.64247 1.76307
1.39029 0.101688 4.69031
1.99802 1.68096 0.150262
0.926521 2.80092 3.26224
1.15482 3.28234 1.28329
0.760752 2.66805 3.95696
0.0585134 3.45924 3.21744
0.36826 0.132507 5.89449
0.531493 2.8566 4.0526
1.69141 0.501857 3.6851
0.590824 3.21089 3.24867
0.0513665 3.57894 2.88006
1.86556 2.20821 0.150492
0.0656825 3.32174 3.55075
1.39505 1.33561 4.05199
1.29245 2.10111 3.60848
0.853688 3.08808 2.83082
1.34121 2.74158 2.22477
1.69826 1.75419 2.72083
1.43115 2.0628 3.16973
1.07138 3.2041 2.10858
1.26453 3.01336 1.78133
0.676405 2.97064 3.59681
0.846785 0.892916 5.27104
0.0793533 2.99873 4.18103
1.97499 1.33362 1.85627
2.15978 0.200187 1.4001
0.822538 2.3049 4.33488
1.24262 0.101544 5.02915
2.1648 0.952217 0.200436
0.547076 3.42257 2.76717
2.2021 0.202115 0.202104
0.0725461 3.17203 3.86525
0.0857517 2.81567 4.47117
0.0411438 3.78492 2.15404
0.109524 1.83817 5.5203
0.769553 3.30591 2.47174
1.32087 0.977538 4.47071
1.62687 0.303022 3.96406
2.01767 0.153236 2.32449
1.57795 2.54538 1.80303
0.964349 0.203817 5.38233
1.25745 1.68978 4.1535
1.35859 3.21459 0.103374
0.020008 4.00018 0.00037223
1.90216 0.150136 3.04387
0.58175 1.50763 5.40439
0.816166 0.0506082 5.59333
0.0975443 2.38098 5.02383
0.533295 2.50596 4.55868
0.26525 3.93634 0.726665
1.24787 2.50983 3.13306
1.62216 2.68366 0.475812
1.5025 0.102299 4.38657
0.00340591 4.0034 0.0039436
1.71732 2.37334 1.01847
1.78142 2.04266 1.5393
