1.30817 2.10487 3.55168
0.869191 0.96341 5.20709
0.802108 2.47987 4.14742
0.0467131 3.68642 2.53533
0.577931 1.54563 5.38496
1.2043 3.43492 0.099978
0.834923 3.14172 2.74244
0.994484 1.60765 4.61378
0.065036 3.33182 3.52744
1.62352 0.293305 3.98032
1.76929 0.969622 3.13671
0.58509 2.26132 4.78029
1.77028 0.150039 3.66762
0.264513 3.93603 0.716533
1.35537 2.72557 2.18566
1.74188 2.22428 1.35936
1.44392 1.69794 3.57188
1.26888 1.74308 4.07252
1.27442 0.827218 4.64889
1.42082 1.42048 3.90536
1.2544 2.50387 3.11637
0.0573177 3.47529 3.17409
0.845291 0.0500889 5.55544
0.519133 1.97817 5.13975
1.647 1.43498 3.33307
0.0723846 3.17061 3.86739
0.642305 0.444002 5.64309
2.15833 1.01543 0.200299
0.66149 3.8585 0.0501597
0.540809 2.56373 4.47358
0.73942 3.37631 2.33112
0.692463 2.97662 3.54843
0.0404691 3.78868 2.13557
0.6492 3.54451 1.98505
1.32971 3.25462 0.100025
0.031449 3.89764 1.57038
0.84707 2.08641 4.52866
1.02915 3.51242 0.681567
1.96755 1.34014 1.90568
0.962187 2.63478 3.47138
1.14076 3.3274 1.11076
1.12071 0.405028 5.08981
1.41844 3.10785 0.10002
0.905696 2.90479 3.10389
1.27307 3.01552 1.70894
0.0967394 2.39861 5.00368
1.36847 0.100113 4.73921
1.68317 2.47874 0.944194
0.989039 0.202305 5.34274
2.04828 1.36848 0.643793
2.04735 0.450514 1.99723
0.948262 1.28716 4.91747
1.3661 1.0973 4.28952
0.764266 1.7407 4.99269
1.07627 3.20742 2.07281
1.81838 1.63329 2.14814
0.0911693 2.62136 4.73829
1.86419 0.150039 3.24118
0.560466 3.24455 3.22839
1.81422 1.24931 2.67301
1.93159 1.97104 0.150703
1.70649 0.643049 3.57999
0.11091 1.5175 5.72738
2.07499 0.906302 1.32811
0.593415 2.82541 4.01339
0.762729 0.674215 5.45367
1.74846 2.55424 0.150046
0.103329 2.14641 5.26164
0.0850315 2.82901 4.45067
0.544163 3.69566 1.61448
1.46961 0.100262 4.47336
0.00309499 0.00292701 6.00293
2.16933 0.200277 1.2512
1.19159 2.84721 2.63226
1.51425 2.92852 0.100059
1.69711 1.75491 2.72343
0.8457 3.71999 0.0501047
1.94099 0.150575 2.82415
0.00295866 4.00296 0.00316242
1.99915 0.150551 2.44036
0.937209 3.62925 0.353901
0.103138 1.84557 5.50387
1.54593 0.101977 4.25291
1.63656 2.17897 2.34201
0.050734 3.5845 2.86199
1.25284 0.100052 5.00307
2.20432 0.204453 0.204345
0.499804 0.25171 5.79755
1.56266 2.58434 1.79038
0.0790174 3.00198 4.17495
1.78393 1.94293 1.7853
1.44425 2.05754 3.12243
1.99782 1.68273 0.150404
1.84661 2.26812 0.150025
0.323671 0.098223 5.91916
1.01388 1.98823 4.22576
1.00012 2.33092 3.84382
1.41396 2.39793 2.6683
1.59525 2.74539 0.466915
0.425562 3.8226 1.22283
