1.60823 2.71123
1.29662 3.29315
0.926953 3.73295
1.9398 1.64128
1.35351 3.20441
0.479069 4.02088
1.1122 3.53952
0.975547 3.68692
2.03085 1.10197
2.08479 0.503402
0.876542 3.77738
1.54485 2.85105
1.1551 3.48739
1.06804 3.59017
2.07851 0.611496
2.09485 0.176816
1.71193 2.45004
0.300863 4.07404
2.02174 1.16965
1.75372 2.33077
1.88214 1.89188
1.4952 2.95188
0.769312 3.8612
1.31582 3.26393
0.241371 4.08454
1.95078 1.5878
0.158056 4.09326
1.84534 2.03135
1.44371 3.04929
1.62359 2.67526
2.04825 0.957142
0.850589 3.79898
1.09028 3.56503
1.1338 3.51364
0.951464 3.71013
1.25749 3.35048
1.97219 1.47661
1.27718 3.322
2.09034 0.374949
0.586318 3.97278
1.91723 1.74486
1.89403 1.84377
0.619245 3.9555
1.72603 2.41085
1.63877 2.63885
1.76732 2.2899
1.8071 2.16358
1.59267 2.74678
1.99277 1.35915
1.90573 1.79475
2.05644 0.879301
1.56099 2.81668
1.69766 2.48874
1.9826 1.41862
1.83276 2.07616
2.01233 1.23496
1.52849 2.88505
1.23755 3.3786
1.17612 3.46076
0.552132 3.98946
1.47825 2.98472
0.824091 3.82016
1.79401 2.20631
2.03972 1.03111
1.57692 2.78194
0.439553 4.03551
1.19687 3.43374
1.372 3.17412
1.4083 3.11243
1.87005 1.93916
0.651055 3.93766
1.46108 3.01719
1.66858 2.56472
1.02253 3.63931
1.51195 2.91865
2.00267 1.29804
1.68321 2.52696
1.85778 1.98568
1.78074 2.24842
1.82002 2.12019
0.740926 3.88104
0.711811 3.90041
1.96154 1.53318
0.797013 3.8409
1.33478 3.23436
1.04546 3.61493
1.42611 3.08105
1.39026 3.14345
0.681879 3.91929
2.07162 0.708127
0.397379 4.04933
1.21734 3.40635
0.999225 3.66331
0.516465 4.00551
1.92863 1.69357
2.06423 0.796798
0.351678 4.06222
1.65377 2.60201
0.901984 3.75537
1.73996 2.37109
