0.0243575 0.759365 5.89649
0.670281 3.5214 2.04967
1.51861 2.61813 0.00528549
0.034631 1.15142 5.75198
0.0559903 1.96654 5.23098
1.81112 1.72518 0.00727949
0.858756 3.61983 0.16203
1.40075 1.37466 3.77702
0.0889116 3.22289 3.55866
0.0101613 0.0112114 6.00807
0.635404 2.50797 4.28438
1.11825 2.15191 3.8074
0.066861 2.38139 4.82685
1.21569 3.18838 0.00647604
0.570941 3.69458 1.57805
0.0495846 1.72209 5.42165
1.67555 1.11651 2.8484
1.15824 3.08949 1.61939
1.3531 0.0751688 4.43414
2.00382 0.109269 0.0447261
0.983986 3.49362 0.00679585
0.651496 0.0384245 5.68173
0.992942 1.12725 4.9413
1.31189 1.92484 3.51461
0.0926223 3.36451 3.24954
1.12293 2.71021 2.88055
1.66341 0.0914203 3.35364
1.73247 0.0950373 3.0228
0.717565 2.17084 4.57242
0.58037 1.51256 5.28649
0.563141 1.06383 5.54232
0.525548 3.86501 0.161604
1.95236 0.106553 1.35758
1.30311 2.53907 2.52839
1.47044 1.73551 3.15395
1.74572 1.35359 2.15394
1.53726 2.00466 2.42445
1.54305 1.20183 3.39153
1.45962 2.40154 2.00883
0.551412 3.39852 2.72308
1.59258 0.0877107 3.64978
0.0616472 2.18242 5.03438
0.790653 3.24327 2.61935
1.606 2.4103 0.0265898
0.085007 3.07389 3.84454
0.103614 3.78398 1.94702
1.21955 2.34915 3.22092
0.0965288 3.51359 2.87152
0.109259 3.99776 0.162256
1.85411 0.101407 2.28289
0.0762117 2.73824 4.37949
1.79675 0.0984037 2.66388
0.898255 2.34642 4.06306
0.988479 3.21193 2.03931
0.738543 3.73349 0.010636
1.68489 1.81519 1.79656
0.93622 0.0533361 5.31325
1.10868 3.34173 0.0155588
0.0716861 2.56553 4.60924
1.25844 0.0702114 4.67786
1.90621 0.104136 1.85674
0.149609 4.00514 0.0299893
1.61253 1.59384 2.65901
1.02023 2.54632 3.49438
0.891968 3.41166 1.67585
1.57805 2.21279 1.66133
1.00153 1.92917 4.33117
1.29243 1.15833 4.25623
0.800012 1.28601 5.16305
0.810968 0.0467764 5.49481
1.91658 1.17811 0.0122718
1.44193 0.079821 4.17498
1.67886 2.19264 0.00492985
1.74429 1.97791 0.00534937
0.894903 2.90739 3.15187
1.33524 2.99153 0.0122827
1.37703 2.70083 1.64441
2.01332 0.122799 0.0233603
1.16881 0.0655174 4.88224
1.44433 2.78107 0.0104264
1.11841 1.36655 4.54984
0.461822 0.0284909 5.8455
0.100157 3.65204 2.45078
1.83274 1.14705 1.73146
1.02326 2.99676 2.55697
0.627982 1.8989 4.94697
0.630638 3.09064 3.32766
0.889886 1.68931 4.75417
0.106735 3.90308 1.31218
1.05788 0.0597076 5.1043
1.2121 1.69926 4.05596
1.23008 2.85448 2.0558
1.51594 0.0836973 3.93225
0.0807162 2.91014 4.12194
0.569454 2.82597 3.90543
0.80266 2.71317 3.71393
1.86478 1.47382 0.0171271
1.96475 0.798533 0.0113221
1.39124 2.17662 2.84677
0.042557 1.4539 5.59572
