1.21293 3.19018
1.86183 1.48433
1.68187 2.18038
0.351692 3.9429
1.61324 2.37866
1.72099 2.0547
1.7708 1.87782
1.82913 1.63897
1.34301 2.97483
1.88265 1.3752
1.56984 2.49201
1.4121 2.84419
1.62732 2.34001
0.737103 3.72534
0.464167 3.89648
0.763752 3.7039
0.391132 3.92816
0.594214 3.82563
1.81784 1.68847
1.28873 3.06923
1.90259 1.26055
1.99694 0.336407
1.948 0.942625
1.36061 2.94273
1.47768 2.70784
0.982621 3.49215
1.89274 1.3186
1.53989 2.5656
1.96407 0.797778
1.80635 1.7371
0.865245 3.61386
1.66849 2.22109
0.309666 3.95683
0.789861 3.68202
0.70988 3.74634
0.56329 3.8442
1.49353 2.67285
1.17352 3.2485
1.9122 1.20095
1.78281 1.83182
1.25133 3.13041
1.92156 1.13952
1.69508 2.13908
0.889484 3.59032
1.5845 2.45464
1.13305 3.30534
1.50919 2.63748
1.09153 3.36063
1.87236 1.43037
1.15341 3.2771
1.04889 3.41439
1.55497 2.52899
1.99143 0.449136
0.653513 3.78696
1.7586 1.92313
1.84023 1.58849
1.39515 2.8774
1.27016 3.09998
0.840577 3.63699
0.155171 3.9924
0.815461 3.65971
1.64122 2.30088
1.97866 0.636881
1.9853 0.547524
0.26422 3.96982
1.73368 2.01158
1.00502 3.46662
1.42881 2.81066
0.68203 3.76689
1.52466 2.60169
0.913332 3.56637
0.624264 3.80655
0.498409 3.87965
1.378 2.91024
0.213811 3.98176
1.65494 2.26125
1.32518 3.0066
1.46161 2.74245
1.11242 3.33318
0.531402 3.8622
2.00164 0.192342
1.74622 1.96773
0.95989 3.51727
1.97157 0.719792
1.30707 3.0381
1.44533 2.77671
1.79466 1.7849
1.59896 2.41689
1.07035 3.38771
1.02712 3.44069
0.428506 3.91266
1.85113 1.53697
1.70812 2.0972
1.19335 3.21953
0.0754935 4.0013
1.93066 1.07617
1.93948 1.01062
0.936799 3.54201
1.23225 3.16048
1.95621 0.871838
