1.56914 2.51934
1.6275 2.36699
1.24877 3.15336
0.161267 3.99989
1.4091 2.87179
1.19187 3.23976
0.844089 3.64779
1.39204 2.90475
0.220518 3.9892
1.96605 0.855985
1.81118 1.7547
2.00208 0.39208
1.07153 3.4027
1.44276 2.80442
0.316778 3.9642
1.09232 3.37635
0.714337 3.75579
1.28567 3.0938
0.86861 3.62492
1.92054 1.20167
1.59869 2.44408
1.87938 1.43916
1.30382 3.06342
1.98917 0.602846
1.90041 1.32381
1.69676 2.1641
1.93964 1.07135
0.767775 3.7139
0.504866 3.88739
1.49173 2.70036
0.629518 3.81519
0.892719 3.60164
0.271158 3.97723
1.21106 3.21133
1.97416 0.777068
1.78694 1.85143
1.99594 0.503865
1.42602 2.83832
1.7364 2.03461
1.53882 2.59286
1.26733 3.12377
1.84622 1.60189
1.32187 3.03248
1.02895 3.45449
0.916393 3.578
0.939645 3.55401
0.435411 3.92014
0.599792 3.83401
0.962549 3.52962
1.13294 3.32274
1.93022 1.13763
2.01164 0.0511496
0.358824 3.95027
0.819138 3.67023
1.65569 2.28761
1.55408 2.55629
1.68323 2.20589
0.741336 3.73507
1.17248 3.26777
1.47563 2.73539
0.0801643 4.00879
2.00744 0.255231
1.66955 2.24705
1.0504 3.42878
1.52333 2.62907
1.11278 3.34971
1.4593 2.7701
1.95759 0.930874
1.85749 1.54881
0.985034 3.50493
1.762 1.94466
0.398166 3.93557
1.77455 1.89848
0.658454 3.79589
1.37477 2.93732
0.470823 3.9041
1.61318 2.4058
1.89001 1.38223
1.00717 3.47988
1.86856 1.49455
1.33969 3.00118
1.91059 1.26368
1.64167 2.3276
0.569179 3.85233
1.50765 2.66488
0.686723 3.77607
1.72335 2.07846
1.23002 3.18255
1.82305 1.70479
1.74928 1.99001
1.83472 1.65394
0.793704 3.69228
1.98187 0.693355
1.35732 2.96946
1.94879 1.00237
0.537574 3.87013
1.15286 3.2954
1.58402 2.48191
1.79913 1.80359
1.71012 2.12169
