1.70134 0.0976566 3.67191
1.24947 1.83419 4.24335
1.50098 2.3967 2.60491
1.34443 3.02337 1.7278
0.188859 3.66766 2.7797
1.06005 3.59753 0.252405
0.704818 0.0963122 5.81022
1.57821 1.20677 3.75971
1.77238 2.27228 0.252587
0.153118 2.30371 5.09484
0.649185 2.65123 4.40095
0.173695 3.08898 4.06754
1.61803 0.0975404 3.98601
0.956697 3.28214 2.6389
0.200146 0.0956157 6.08725
0.192199 3.79515 2.35678
0.906627 2.51147 4.21105
0.19989 4.0884 0.252315
0.719807 1.71312 5.25276
1.85211 2.00415 0.252913
0.990429 0.0966997 5.46124
1.56115 2.58757 1.73349
0.598077 3.96555 0.252509
0.938149 3.72138 0.25253
1.53139 0.0957114 4.27199
2.058 0.098141 1.25147
0.993037 2.7035 3.76118
0.185236 3.52942 3.15982
0.722707 2.89715 3.94145
1.82591 1.79764 1.68351
0.141004 1.84141 5.49161
1.17783 3.16742 2.14863
1.18657 1.18232 4.85162
1.63287 2.24437 2.17615
0.640789 2.12399 5.00049
0.18164 3.39218 3.48286
1.98695 1.3896 0.252344
1.69268 2.50027 0.252477
0.126975 1.30605 5.81297
1.0224 2.12108 4.45753
1.13013 1.66855 4.65513
1.84104 0.0978565 3.02414
2.04 1.02351 0.252566
1.34875 2.01095 3.78323
1.75087 1.66504 2.50058
0.100726 0.304304 6.08702
1.24979 2.90069 2.60413
2.01072 0.0980833 1.8236
1.52011 1.74687 3.49969
0.158886 2.52383 4.85897
1.1837 3.44953 0.252424
1.67617 1.40504 3.20126
1.42881 2.75722 2.10808
1.29709 3.29097 0.252721
1.80542 1.18463 2.74245
1.34706 1.26063 4.43593
0.656754 1.20555 5.60784
0.50857 0.0962221 5.96609
1.03457 3.03876 3.02187
1.4333 2.20364 3.23936
0.169339 2.92275 4.33345
1.3345 0.0971725 4.80539
1.92592 1.70272 0.252331
1.76989 0.0978485 3.37678
0.197733 4.00633 1.31516
0.195039 3.90352 1.90599
0.905526 1.89732 4.86854
0.887827 3.53025 2.0442
0.858558 0.0958557 5.64158
1.12529 2.78577 3.28327
2.09478 0.0990992 0.253852
0.644246 3.59385 2.49253
1.60544 2.71569 0.252341
1.00655 1.39 5.07064
0.11846 0.981069 5.94586
1.33864 2.59521 2.92787
1.40601 3.11481 0.2527
1.72565 2.0897 1.86324
1.9606 0.0988625 2.26152
1.22791 0.0970252 5.041
1.60107 1.94771 2.90085
0.134338 1.58701 5.66114
0.164258 2.72886 4.6065
1.89709 1.30125 1.96823
0.146963 2.06884 5.31176
0.177823 3.24653 3.78237
1.09077 3.3823 1.75972
1.43055 0.0973146 4.56293
0.783456 3.11031 3.45433
1.2404 2.44454 3.52737
1.14128 2.29198 4.0061
0.859964 1.23308 5.37013
0.717736 3.36275 3.00916
0.751949 2.33411 4.66039
1.90561 0.0987541 2.64704
0.785391 3.8482 0.25258
1.44054 1.45643 4.03772
1.50978 2.92115 0.252331
1.10931 0.0968552 5.26745
0.691294 3.75787 1.71365
