1.69024 2.15593
0.268679 3.96913
1.51659 2.62173
1.83957 1.5937
0.895892 3.58473
1.21077 3.19442
1.88277 1.37707
0.690633 3.7613
1.38802 2.89227
1.76824 1.88927
0.797728 3.67597
1.19183 3.22272
0.436049 3.90991
1.90293 1.26124
1.28419 3.07784
1.80481 1.74549
0.919226 3.5611
1.37118 2.92417
1.40467 2.85998
0.0733936 4.00185
1.03044 3.43757
1.73 2.02592
1.67665 2.19794
1.74291 1.98115
0.771947 3.69783
0.872037 3.6081
0.506792 3.87591
1.86165 1.48757
1.82819 1.64526
0.847794 3.63105
1.66285 2.23944
1.89297 1.31988
1.63488 2.32029
1.62065 2.35988
0.718443 3.74051
0.823 3.65371
0.633011 3.80143
1.92205 1.13922
1.96459 0.796807
1.302 3.04783
1.94002 1.00982
0.357875 3.94122
1.05167 3.41182
1.09316 3.3594
0.662245 3.78157
0.603006 3.82078
2.00201 0.193184
1.7169 2.06997
1.87233 1.43292
1.99733 0.336499
1.7928 1.7943
1.22947 3.16578
0.217104 3.98153
1.577 2.47523
1.85073 1.54112
1.97914 0.636045
1.93118 1.07559
1.24794 3.13681
0.9648 3.51271
0.472155 3.89324
1.17263 3.25071
1.99185 0.448866
1.43747 2.79412
1.78062 1.84217
1.33697 2.98675
0.987002 3.48803
1.07256 3.38578
1.97207 0.718897
1.60625 2.39888
1.15318 3.27836
1.13348 3.30565
1.59171 2.43732
1.31958 3.01748
1.54712 2.54947
1.42114 2.8273
1.45366 2.76048
0.398204 3.92588
0.540022 3.85805
1.4696 2.72655
1.70367 2.11324
1.91263 1.20105
1.95675 0.870819
1.64893 2.28022
0.572118 3.83962
1.00891 3.46295
1.75567 1.93558
1.53196 2.5858
1.26617 3.1075
1.35415 2.9557
1.94855 0.94165
1.50108 2.65717
1.48544 2.69204
1.81659 1.69586
0.942215 3.53707
0.156606 3.99262
1.11347 3.33268
0.315048 3.95565
1.56212 2.51265
0.745499 3.71937
1.98575 0.546948
