0.877369 3.60365
1.71538 2.07655
0.226647 3.97988
1.89212 1.32717
1.17871 3.24281
1.74155 1.98755
1.19809 3.21434
0.70078 3.75445
1.51156 2.63449
0.588303 3.83046
1.97296 0.713378
1.67469 2.20535
0.924195 3.55671
1.32736 3.00482
1.2915 3.06656
0.107521 3.99931
1.99882 0.308735
1.47962 2.70596
1.55814 2.52377
0.645796 3.79347
1.90222 1.26805
0.673609 3.77419
1.54279 2.56115
1.79152 1.80121
1.70201 2.12009
1.23613 3.15634
0.9919 3.48325
0.316059 3.95581
0.558464 3.84817
1.99326 0.430124
1.2548 3.1268
1.37974 2.90908
1.15907 3.27092
1.76693 1.89584
1.49568 2.67045
1.91205 1.20734
0.969658 3.50813
0.35573 3.94248
1.94877 0.943158
1.58831 2.44746
0.173508 3.99032
1.41373 2.84317
1.86047 1.49559
0.779156 3.69246
1.09854 3.35322
1.43048 2.80951
1.94003 1.01281
1.36246 2.94143
0.753544 3.71356
1.82692 1.65284
1.84952 1.54901
1.68844 2.16303
1.61782 2.36896
1.81532 1.70323
0.462911 3.89817
1.21722 3.18552
1.66075 2.2471
1.39682 2.87636
0.617399 3.81222
1.92165 1.14465
1.63231 2.32888
1.64662 2.28826
1.46343 2.7409
0.853471 3.62644
0.527547 3.86545
1.05678 3.40633
1.83833 1.60143
0.428862 3.91357
1.9572 0.870326
1.77933 1.84891
1.01383 3.45799
1.98022 0.627334
0.273382 3.96832
1.44705 2.77543
1.60317 2.40842
1.52725 2.59811
0.829117 3.64888
0.727437 3.73422
0.900958 3.58039
1.8818 1.38468
1.75435 1.94203
0.393204 3.92837
0.947077 3.53263
1.345 2.97333
1.72856 2.03238
1.13918 3.29869
1.96526 0.794145
1.98701 0.534025
0.80433 3.67091
1.11899 3.32613
1.87126 1.44073
1.27324 3.09689
1.93099 1.07986
2.00344 0.194481
1.03545 3.43235
1.30953 3.03589
0.495774 3.88211
1.80351 1.75267
1.07781 3.37995
1.57332 2.48585
