1.43484 2.80042
0.218077 3.98168
0.360982 3.9405
1.78065 1.84349
1.9721 0.722064
1.546 2.55319
1.93111 1.07848
0.51178 3.87376
1.38452 2.89983
0.609348 3.81726
1.91254 1.20379
1.98585 0.550123
0.27049 3.96902
1.79284 1.79563
1.81661 1.69738
1.76827 1.89054
1.4994 2.6619
1.87226 1.4351
1.16504 3.2623
0.156804 3.99293
0.929626 3.55093
0.476681 3.89148
1.5612 2.51596
1.9646 0.799976
1.18464 3.23401
1.29683 3.0574
1.45123 2.76648
1.12507 3.3178
1.75571 1.93679
0.698395 3.75611
0.669508 3.77698
0.753815 3.71323
1.33248 2.99558
1.73003 2.02711
1.46746 2.73207
1.62021 2.36219
1.92196 1.14206
1.88272 1.37926
1.6487 2.28202
1.69013 2.15747
1.36736 2.93216
1.83954 1.59549
1.7169 2.07124
0.975586 3.50144
1.59105 2.4401
1.22296 3.17657
1.10467 3.34503
1.40148 2.8671
0.881896 3.59912
0.857331 3.62269
1.82818 1.64692
1.41825 2.83397
1.80482 1.74695
1.24176 3.14734
0.0715125 4.0023
1.66268 2.24111
1.86159 1.48961
1.8929 1.32225
1.9485 0.944788
1.48352 2.69721
0.63989 3.79734
1.90285 1.26377
1.14518 3.29023
1.60573 2.40136
1.26034 3.11772
2.00223 0.196902
0.832267 3.6459
2.0114 0.0460552
0.906031 3.57515
0.57788 3.83666
0.952811 3.52635
1.70361 2.11466
0.401584 3.92493
0.439988 3.90858
1.67648 2.19965
1.04165 3.42472
1.53065 2.58988
1.85068 1.54309
1.95673 0.873932
1.9792 0.639278
0.545438 3.85548
1.99199 0.452015
1.20392 3.20548
0.78054 3.69118
0.317588 3.95524
1.99751 0.339758
0.726475 3.73486
1.06296 3.39851
1.74296 1.98231
1.08394 3.37197
0.997938 3.47623
1.63454 2.32238
1.93996 1.01284
1.27869 3.08775
1.31475 3.02669
1.35004 2.96403
1.51512 2.62611
0.806633 3.66877
1.57621 2.47829
1.02 3.45061
