0.829277 3.12519 2.82324
0.681114 3.38174 2.49404
1.36314 1.90359 3.35841
0.935782 1.22751 4.98547
1.57831 0.00410368 3.7042
0.949678 3.26349 2.01484
0.0108384 0.00924093 6.00913
0.00423661 3.78195 1.97653
1.44216 2.13486 2.68081
1.75612 1.22605 2.24163
0.637361 2.99882 3.49783
1.49837 2.66241 0.00408576
1.28482 1.65826 3.88664
0.00410366 1.95689 5.24045
1.72787 2.03209 0.00718165
1.65472 2.26265 0.00416659
1.2565 2.83514 1.96442
0.00410761 2.57816 4.59665
0.440836 0.00394307 5.85903
1.42082 2.60522 1.6491
0.617095 2.55094 4.24885
1.45948 1.34386 3.59448
0.00421583 1.11361 5.76861
1.16027 2.14391 3.70006
1.83521 1.15186 1.69269
0.89837 2.38126 4.01427
1.96584 0.781378 0.00549707
1.59519 1.96668 2.13523
0.00408706 2.18653 5.0323
0.735371 2.73225 3.8034
0.79062 3.68168 0.0087408
1.65393 1.42392 2.6421
0.00409552 3.2166 3.57889
1.59614 1.14089 3.20931
1.03116 0.00398 5.15206
1.20363 1.26921 4.41342
0.643532 1.60533 5.15637
0.7668 0.00395571 5.55031
1.3416 2.49175 2.44713
1.51808 2.31839 1.8241
0.38252 3.93222 0.00982838
0.00414392 1.72086 5.42334
1.03266 2.52883 3.48685
1.1549 2.67897 2.82814
0.00423236 3.65289 2.46249
1.72858 0.00394901 3.04205
0.950685 3.52758 0.00418735
1.58217 2.46111 0.00805018
1.70709 1.71913 1.81314
1.65618 0.00395579 3.38486
0.00424774 0.685173 5.91666
0.82592 1.78759 4.7747
1.11188 1.842 4.16924
0.793559 1.07734 5.27606
0.678188 2.24538 4.54305
0.560255 3.25694 3.07058
1.06831 3.39067 0.00510239
1.05413 2.97821 2.48766
1.23732 0.00394875 4.72713
1.91807 1.16346 0.0233761
0.940198 2.02691 4.35157
1.04668 1.45442 4.63855
0.55596 2.02264 4.91185
1.40014 2.86821 0.00574922
1.30847 3.0362 0.012551
1.79205 0.00399065 2.69161
0.54588 1.20169 5.49285
0.122521 4.00553 0.0144867
0.922948 2.84442 3.20458
1.85901 1.49914 0.00643943
2.0025 0.163408 0.00522686
1.50497 0.00395609 3.96903
0.00426957 4.00276 0.167293
2.0039 0.0039881 0.0403243
0.00428534 3.07729 3.84503
0.589886 3.57374 2.0622
0.00408767 3.89437 1.39963
0.627324 3.80485 0.00690294
0.00407123 1.43792 5.60532
0.509488 3.73098 1.56749
1.3595 1.12537 4.0821
0.00415854 3.37469 3.23483
1.13567 3.11646 1.63919
0.906225 0.0039509 5.35863
1.19426 3.21915 0.00930622
0.00434279 3.51936 2.86699
1.41839 0.0039572 4.24583
1.14166 0.00395445 4.93852
0.00407184 2.74524 4.37365
0.622302 0.00399265 5.70994
1.90366 0.00397469 1.87992
1.52328 1.69987 2.9623
0.0045092 2.39793 4.81095
1.85044 0.00396118 2.30906
0.00424127 2.92224 4.1081
1.95199 0.003975 1.36244
0.841166 3.47425 1.61443
1.32702 0.00399151 4.50335
1.79696 1.77644 0.00687684
1.25625 2.32287 3.13205
