2.00333 0.109378 0.161932
1.20989 0.0677886 4.79195
0.0933764 3.38993 3.18966
0.855551 2.25399 4.25911
1.40421 2.86023 0.161734
0.0809794 2.91683 4.11149
0.595097 1.83041 5.0408
0.956369 3.52122 0.161734
0.0714641 2.55371 4.62422
1.66127 2.24337 0.161732
0.0490332 1.6977 5.4391
0.100109 3.64685 2.46853
1.02399 3.27986 1.59003
1.25204 1.10122 4.39685
1.94984 0.106541 1.39152
0.448409 0.0279085 5.85502
0.657893 3.32325 2.72139
0.552981 3.14707 3.33276
0.847959 1.63079 4.86781
1.71242 1.6867 1.84495
1.56193 0.0862255 3.76758
0.966665 1.84668 4.48092
1.79424 1.7876 0.161736
0.652055 3.78787 0.161743
1.71852 0.0944263 3.0944
1.20574 2.20947 3.4802
0.68028 2.09513 4.70142
1.53407 1.72028 2.89018
1.29308 1.77453 3.74796
0.836097 3.4372 1.81256
0.0893803 3.23743 3.52905
1.46866 1.39861 3.51731
0.0247629 0.771485 5.89308
1.75475 1.11764 2.38118
1.96362 0.804281 0.161747
0.606506 3.54107 2.14973
1.37354 1.24518 3.96363
1.46549 2.16334 2.51654
1.64272 0.0904568 3.4448
1.00166 0.0568833 5.20543
0.0341472 1.12961 5.76182
1.6576 1.40073 2.65517
0.984166 2.4257 3.76992
0.894189 2.74559 3.46521
1.09022 2.04584 4.00715
1.13331 3.03559 1.97089
1.91546 1.18139 0.16174
1.85005 0.101315 2.31337
1.78696 0.0980108 2.72338
0.700283 2.61292 4.04675
0.109307 3.99782 0.16185
1.59506 1.12638 3.23041
0.564623 1.15485 5.50026
1.8576 1.50657 0.161732
1.40191 0.0778451 4.29622
0.103411 3.77288 1.99555
0.696983 1.36784 5.24922
0.0550673 1.92797 5.26339
0.447988 3.90377 0.161736
0.629772 2.87924 3.73175
1.02827 2.89292 2.79762
1.53238 2.33585 1.66823
0.0766034 2.74983 4.36329
1.90176 0.104023 1.89868
1.07381 1.30366 4.68611
0.879217 0.0504707 5.4002
1.38708 1.95476 3.20529
0.0967344 3.51808 2.85942
1.82254 1.25298 1.6636
0.109305 0.0101494 5.99645
1.21042 3.19429 0.161778
0.928571 1.11049 5.06098
0.567723 2.43094 4.46577
0.538255 3.70834 1.609
1.57895 2.46955 0.161731
0.814628 3.66047 0.161809
0.0660095 2.34555 4.86643
1.0899 3.36296 0.161795
1.1146 0.062798 4.99515
1.17758 1.60789 4.22786
0.106336 3.88451 1.43202
1.31124 3.03131 0.161731
0.0101475 0.213726 5.99645
1.11488 2.56853 3.18537
1.30901 2.37385 2.84349
1.21686 2.7094 2.51769
1.7303 2.02406 0.161747
1.3982 2.5473 1.99878
1.60693 1.96347 2.06909
0.612871 0.0365216 5.72031
0.0851331 3.07535 3.84216
1.49098 2.67911 0.161733
0.916596 3.17895 2.42219
0.060705 2.14312 5.07247
1.29144 2.83218 1.7681
1.48413 0.0821512 4.04041
0.0420096 1.42966 5.6099
0.804761 3.03575 3.0977
0.753036 0.0438624 5.56849
1.30874 0.0729657 4.55264
