1.11294 3.32957
1.40594 2.85263
1.60401 2.39887
1.63186 2.32255
1.19186 3.21862
1.97651 0.646734
1.87779 1.39358
0.684824 3.7627
1.8983 1.2775
1.79888 1.76147
1.72471 2.03667
1.0078 3.46069
0.350761 3.94154
1.98337 0.556114
1.8107 1.71235
1.24848 3.1317
0.5957 3.82268
1.77471 1.85695
0.940654 3.53535
1.8452 1.55804
1.65922 2.24372
1.22986 3.161
1.43849 2.78702
1.56083 2.51015
0.210753 3.98089
1.85629 1.5044
0.262273 3.96875
0.150771 3.99162
1.05088 3.40915
0.0661621 4.00059
1.82241 1.66191
0.844721 3.63075
0.46441 3.89452
1.98971 0.456141
1.76243 1.90315
1.71192 2.07939
1.54616 2.54618
1.73742 1.99302
0.869401 3.60742
1.21101 3.18994
1.38928 2.88506
0.7673 3.69868
1.35529 2.94897
1.6726 2.20364
1.95338 0.884626
1.92717 1.09082
1.50112 2.65172
1.68585 2.16288
1.618 2.361
1.64561 2.28343
0.428378 3.91092
1.93618 1.02492
0.532269 3.85979
1.86717 1.44953
0.740343 3.72054
0.308276 3.95562
0.893524 3.58382
1.83394 1.61038
1.9178 1.15508
1.90816 1.21728
1.09257 3.3564
1.3724 2.91717
0.499028 3.87743
1.57536 2.47361
1.02952 3.43507
1.94494 0.956261
1.28509 3.07197
1.69896 2.12147
1.15294 3.27476
0.712928 3.74183
1.58966 2.43676
1.51627 2.61706
1.30292 3.04182
2.00039 0.191147
0.626131 3.80325
0.819548 3.65369
0.564402 3.84156
1.42235 2.81994
1.4858 2.686
1.26691 3.10199
1.74993 1.94875
1.33806 2.98024
1.88817 1.33624
1.13305 3.30237
0.963378 3.51084
1.99546 0.340526
1.53132 2.58179
1.07194 3.38286
1.47024 2.72
0.793656 3.67643
1.45447 2.75368
0.985717 3.486
0.917368 3.55969
0.655917 3.78318
1.78687 1.80973
1.32059 3.01122
1.17252 3.24687
0.390577 3.92663
1.96916 0.731069
1.96143 0.810115
