1.35172 2.96471
0.999981 3.47674
2.0013 0.276176
0.214792 3.98398
0.978139 3.5014
1.38684 2.89924
1.0215 3.45173
0.432347 3.91387
0.910573 3.57322
1.18459 3.23734
1.48781 2.692
1.43807 2.79786
1.77573 1.86874
0.73827 3.72801
1.68394 2.18217
0.684104 3.76884
1.12527 3.32064
0.764395 3.70702
1.88936 1.35114
1.72448 2.05171
1.73759 2.00699
0.789964 3.68565
1.96221 0.83709
1.50405 2.65572
1.92812 1.11029
1.08447 3.37431
1.20393 3.20876
1.04275 3.42632
1.2794 3.09009
1.59745 2.42816
1.62707 2.34826
0.627153 3.80797
0.468249 3.8975
0.887326 3.59643
1.91884 1.173
0.933468 3.54963
1.87902 1.40772
1.96988 0.761249
1.36938 2.93218
1.29776 3.0594
1.86844 1.46303
1.7505 1.96162
1.26083 3.1204
0.502344 3.88066
1.22311 3.17971
1.40407 2.86596
1.58235 2.46733
1.93711 1.04564
1.984 0.595711
0.0694097 4.00385
0.955978 3.52569
1.97716 0.68114
1.71117 2.09579
1.64159 2.30753
1.45483 2.76305
1.16506 3.26548
0.839561 3.64177
0.815026 3.66388
1.90929 1.23386
1.78805 1.82118
1.52009 2.61902
1.82379 1.6734
0.266255 3.97182
1.99037 0.50281
1.24202 3.15035
1.69765 2.13928
0.154296 3.99484
1.83529 1.62231
0.535302 3.86317
0.597476 3.82686
1.06376 3.40049
1.5516 2.54415
1.53593 2.58185
0.711499 3.74864
1.33397 2.99661
0.312445 3.95859
1.14526 3.29328
0.394778 3.92951
1.67002 2.2245
1.47139 2.72781
1.99618 0.399127
1.94581 0.97873
1.95418 0.909373
0.566903 3.84526
1.6559 2.2663
1.56707 2.50599
0.355051 3.94443
0.656012 3.78862
1.89945 1.29326
1.84656 1.57027
0.863656 3.61929
1.42117 2.83211
1.81208 1.72354
1.85761 1.51721
1.61235 2.38848
1.31594 3.02826
1.10499 3.34768
1.80016 1.77279
1.76322 1.91555
2.00546 0.196584
