0.992944529966082
0.99171740140223
0.991722567066602
0.991719836980472
0.99171740140223
0.991721687251596
0.99736899733661
0.994050529375315
0.993641375251332
0.857718691373429
0.889647734262752
0.584997832116911
0.872583829220068
0.986335387455951
0.995175941175553
0.998705896306065
0.992940281785911
0.991696712593969
0.883578413735058
0.837606970704189
0.991644462102299
0.96065264090836
0.966071168294574
0.841029142354859
0.751495380887117
0.473891279017007
0.963830005203794
0.933163317328985
0.902607834358424
