0.992952597893399
0.991717993023373
0.991716695087976
0.259099783356695
0.991717993023373
0.99172349054369
0.997372657293537
0.936294919177065
0.992694241393206
0.637216462258996
0.895630959888906
0.328371147747445
0.604462878452646
0.591153850884039
0.959795148937072
0.966255556130528
0.992966920379433
0.991705483211599
0.879251560447997
0.901274075562445
0.991716737025488
0.819037155909846
0.797884526641839
0.88931235802951
0.661734125650055
0.361883075148612
0.963832924067404
0.9331645135362
0.902622996324686
