0.992964482773361
0.991699378709372
0.991701991255356
0.259099783356695
0.991699378709372
0.991717569032959
0.997371062107559
0.992756330837129
0.990731765380127
0.655944611918916
0.89675949314205
0.106296494370803
0.517030037932913
0.972188848539592
0.990545119152739
0.998676580333462
0.99296213914927
0.991707082025122
0.879256226733312
0.909367113685109
0.991716982364764
0.814983913185296
0.797737880642966
0.884383800057568
0.809518265915007
0.574633077735407
0.963828695767541
0.933173652670789
0.902619351351803
