0.992964028121419
0.991722366328338
0.99170413480977
0.991721014375583
0.991722366328338
0.991711679568631
0.997374092665197
0.989794903600277
0.985496703464015
0.823828956975994
0.906700204673656
0.562091098413577
0.750675661743561
0.980803006387564
0.994873097624599
0.998716059678158
0.992937394045555
0.991719560996509
0.883572098500886
0.843055568931361
0.991646607878122
0.865828982566638
0.968494105825991
0.849010219454507
0.743879479788396
0.584802415374143
0.967369249224593
0.93580518876929
0.90261820363563
