0.99296460800817
0.991709838948973
0.991701563247482
0.99171923564874
0.991709838948973
0.991720148015864
0.997373157932378
0.988946401081997
0.992567647886544
0.870875014226611
0.886002451982542
0.578766658865647
0.899382723388613
0.984088987863982
0.995235214209926
0.998703032281598
0.992934382925494
0.991721291657458
0.879056756125305
0.842712927739591
0.991642494137032
0.959396371083873
0.819498944135649
0.749556157226003
0.718104641990168
0.473891232777824
0.96382493901404
0.933155771355678
0.902619684971275
