0.992968527464067
0.991720263650213
0.991721282458591
0.259099783356695
0.991720263650213
0.991719453351208
0.9973747485852
0.893565131028499
0.983560983919878
0.539969062390756
0.908179001556501
0.474701386160584
0.400804942337922
0.739153535131117
0.985523825768928
0.966248771989542
0.99287233383712
0.991721175869825
0.886562123812475
0.91520971612346
0.991721579257623
0.809055969921391
0.963558238314486
0.873408956530289
0.706837433175057
0.487162939558242
0.963830332067915
0.933172609903302
0.902620169074252
