0.992946833966082
0.991719139446639
0.991713427103865
0.259099783356695
0.991719139446639
0.991719104843392
0.997374687956399
0.838259023843024
0.98210036270814
0.535109318642707
0.905913781188896
0.249499103124088
0.64509843363053
0.966139749563742
0.995256281536201
0.966271828237337
0.992966360824858
0.991719879262081
0.882570329034119
0.906254044655294
0.991722366755066
0.807342433283502
0.797918826400662
0.92324134356884
0.696843972154548
0.36188310209546
0.963830493508677
0.9331694776378
0.902623264072278
