0.992952017000422
0.991709154631349
0.991714138703518
0.991706451903094
0.991709154631349
0.991721952973734
0.997371611333293
0.99224519737175
0.993835562882891
0.850574252765322
0.885352568687859
0.588595902868603
0.857421382606721
0.986519676811322
0.995255729991512
0.998700178904376
0.992923688923754
0.991663166663244
0.879011656696974
0.838304383323403
0.991662795165933
0.957498888283506
0.808635534671648
0.804788799342672
0.712967819187255
0.585899806056087
0.970901091506345
0.956993617096459
0.902618131840257
