0.992964699449193
0.991710759766755
0.991704669067634
0.259099783356695
0.991710759766755
0.991715370783995
0.997372681733391
0.99118554846919
0.987701693900852
0.597039695804898
0.898992065788717
0.0182515535182482
0.592667248278256
0.982071248436401
0.994569198121803
0.96626637972761
0.992965877685195
0.991719366337419
0.883603336209137
0.912069660033426
0.991721386993968
0.822736654549956
0.797941296885284
0.81505887065967
0.661716923716089
0.361883056206533
0.963826658276965
0.933171985313914
0.902621347655805
