0.992967278053244
0.991711582077391
0.991715294996366
0.991717946921749
0.991711582077391
0.991719977146153
0.997374172286007
0.991652113895675
0.992193166630731
0.590455726472522
0.89852703963813
0.0725209783357664
0.632573012393776
0.504542900990911
0.994999801988237
0.966256576896985
0.992967482844712
0.991718269232989
0.879241800790124
0.912543235583114
0.991724446081443
0.818265582863326
0.797945664494994
0.896941978926461
0.752805216460264
0.585752906138635
0.963827975870766
0.933171580177339
0.90261875138058
