0.992959165675973
0.991714232111346
0.991715605136922
0.991714330690569
0.991714232111346
0.991721621972113
0.997371218284202
0.989822932286222
0.993027902439566
0.874544423562307
0.884669248704361
0.579395663549993
0.802049776730452
0.985000852703555
0.995213647638632
0.998700318102631
0.99294632481752
0.991675656426049
0.887977672726452
0.836666473303434
0.991672233564169
0.957241561852766
0.818241453774997
0.782240643164947
0.74623494901935
0.47389066744942
0.966813361774317
0.933168789029833
0.902618481049528
