0.992946094883117
0.991720937375603
0.991717789266597
0.991713213118771
0.991720937375603
0.991721560028656
0.997372055013146
0.991969730642215
0.993421225186879
0.868047238993163
0.885318928498703
0.576014779887003
0.839907235780776
0.987639440004633
0.995000145373157
0.998716894465446
0.992945161447975
0.991700291558133
0.879095233666678
0.837579352722454
0.991693163677551
0.957388592880393
0.818086114295323
0.715255510549205
0.68993316618172
0.585899803244854
0.963827447695476
0.933161357866679
0.902618240953065
