0.992960717127081
0.991715608537724
0.991710067914981
0.259099783356695
0.991715608537724
0.991720303730359
0.997371577387383
0.976553635877278
0.993008130008072
0.576119788080627
0.903557034504357
0.120536595855475
0.347304373608094
0.980482128217133
0.994700095385869
0.966253810997536
0.992968153201608
0.991704751731624
0.882878355647496
0.912199356473529
0.991719362340964
0.829189539677355
0.797883291124523
0.789487190631163
0.682466225365524
0.36188301134741
0.963829792491571
0.933171086276263
0.902618222251713
