0.992961307691467
0.991720985062211
0.991716498604838
0.991711676832537
0.991720985062211
0.991722764601686
0.997370170202516
0.985158242320502
0.992937476817391
0.886618624825641
0.888132347132446
0.57445306052115
0.813621992824377
0.987203917057709
0.994994317263353
0.998672608785452
0.992918246157774
0.991684211971803
0.883910123576363
0.842292226045764
0.991653329865479
0.964631096916408
0.831745900580198
0.847290334148892
0.746258151016236
0.473891554699648
0.963831423918791
0.933165946104051
0.902622401669484
