0.99296602769496
0.991717255305284
0.991703476269512
0.991716604742944
0.991717255305284
0.991719851941129
0.997372228172758
0.954142679338434
0.990589053234528
0.565938473583119
0.89581386566269
0
0.699356183978108
0.584128026681185
0.993930545182568
0.966247477195602
0.992965614837014
0.991715210547676
0.87925278437373
0.88715372391677
0.991719467491685
0.819773208404751
0.797840731544328
0.884905138053341
0.690315106393259
0.361882973144796
0.963831628759932
0.933167004104938
0.902613857017471
