0.992959553004874
0.991703512517807
0.991705514973309
0.99169347706594
0.991703512517807
0.991721819334071
0.997371913830163
0.991706537084569
0.994043976427345
0.880106505491897
0.884971950395675
0.586455831281733
0.796348650416664
0.987000392661527
0.995254354951918
0.998700073703607
0.992945525886519
0.991679235403409
0.887516541569622
0.838792502572308
0.991695445244682
0.956529067944418
0.79797686601222
0.866482109046879
0.774430893063329
0.585899646037239
0.963816608408129
0.935532052777361
0.90260993604985
