0.992949870760459
0.991722424827652
0.991722250626388
0.991721315782592
0.991722424827652
0.99171316960414
0.997372117336648
0.983750687457073
0.992968157642131
0.627963771801592
0.902517127924978
0.0134513313430657
0.608290643300976
0.977296624425541
0.994084110192491
0.966253199729584
0.99296472120083
0.991713274177287
0.883245763732931
0.910283115966977
0.991717832253052
0.817773850228279
0.797831899866181
0.866847437806054
0.690939826262036
0.361882917473203
0.963821662568317
0.9331714162334
0.902621054892365
