0.992968871056484
0.991722202761707
0.991720174569588
0.259099783356695
0.991722202761707
0.991724113612717
0.997372134064621
0.958894412006779
0.986103882174305
0.525304002948272
0.912407187449797
0.609320987205839
0.723596747434738
0.960900096012644
0.994878159050918
0.966248842562806
0.99294281199414
0.990743960713696
0.887233955927736
0.938712347024119
0.991719390027542
0.807091206229745
0.96090450143444
0.887858997514699
0.75105985678236
0.361883114835632
0.963832349248784
0.933173082165803
0.902624474383897
