0.992953969737443
0.991715840078006
0.991704134947564
0.991722286196548
0.991715840078006
0.991668906821921
0.997374522199786
0.985633884743766
0.98514529756308
0.784195475203309
0.904036969102293
0.617794265471533
0.686166869889816
0.977341695951214
0.98701757054573
0.998713312759069
0.992949211742366
0.991706692679205
0.896419113097601
0.840564008272123
0.991669583907503
0.942048391476238
0.969354814892759
0.729902544167348
0.777287297061583
0.584824801936228
0.963823965934785
0.933172006036369
0.902605249475345
