0.992957637570273
0.991723591161794
0.991718637875625
0.991722717111522
0.991723591161794
0.991686564517852
0.997367106176004
0.983573613062672
0.981700838549239
0.819239218974461
0.906909791015129
0.479818190284671
0.667936528828331
0.980092469770496
0.987196794647612
0.998715443485532
0.992930156981752
0.991611139033545
0.892644943424176
0.848018194675284
0.991682836390271
0.815581000226249
0.969195348611302
0.744781337877785
0.746200231853999
0.537914669734247
0.972904278363025
0.939167747510733
0.902619175497953
