0.992962257294983
0.991717033749766
0.991703588267984
0.991720110357831
0.991717033749766
0.99170472737121
0.997370177059498
0.989821526516973
0.984755734915522
0.843315066090981
0.902355828209963
0.478506772374015
0.665393806225534
0.978717088029816
0.986490669406762
0.998715386791809
0.99295457738418
0.991503047115312
0.887763081786001
0.840007384297522
0.991680863061639
0.804203216124411
0.967839371424347
0.76928754969197
0.807832970198057
0.58043400428812
0.971792719284657
0.933171159656379
0.902612920907855
