0.992961456097586
0.991705744889035
0.991701937687654
0.991719714099573
0.991705744889035
0.991691755190771
0.997372128419101
0.985616215201505
0.978814647016856
0.823201605559405
0.903295994630397
0.520763806421898
0.668108515704967
0.980747727021271
0.994865275517963
0.998715458457803
0.992950736766563
0.991279136447974
0.892701240156407
0.845504901976995
0.991696221726672
0.939762544878089
0.969280307550864
0.841736286903707
0.717761332755574
0.473264310293088
0.975988541941763
0.933168191903992
0.902613794307786
