0.992962881116883
0.991706842687987
0.991720053539839
0.991713960528135
0.991706842687987
0.991716553359217
0.997359647038283
0.968529331533925
0.99050862683812
0.553717952790718
0.901239941790744
0.0192910167591242
0.596731663221413
0.982544995613478
0.995282798232629
0.966263756362543
0.992967468117271
0.991716527469455
0.882893477357983
0.919720215742483
0.991716011143122
0.822452363705171
0.797920476916333
0.898435147576395
0.689987847497817
0.361883074357415
0.963829212567061
0.933172785297617
0.902623666829465
