0.992964075333803
0.991716522436129
0.991712472000351
0.991714057644151
0.991716522436129
0.9917086167793
0.997372187301557
0.98806225790435
0.976002101634903
0.841909194972308
0.906435824073359
0.569541020472993
0.667865595401361
0.979246113049517
0.99486584529066
0.998708435796436
0.992927597704031
0.991678916771682
0.89947318247117
0.844623775588227
0.991697136710727
0.919956658268191
0.969387395775377
0.87223600737951
0.774433392449577
0.533118003928722
0.963815376008114
0.933166105358171
0.902621021924037
