0.992946846535369
0.991711318985587
0.991715142912566
0.991710951947189
0.991711318985587
0.99171556987509
0.997367127501032
0.992878070840719
0.989304481247081
0.844000468394743
0.888020457051518
0.577693393529826
0.792680927595388
0.986499711755723
0.992338816890202
0.998703530829587
0.992949412202616
0.991705173975107
0.887958942072217
0.84296137305097
0.991707790927816
0.907901714176484
0.797949244835903
0.771476217962935
0.709916002746993
0.361883126012961
0.963824903758349
0.933170661421247
0.902615058108907
