0.992966456400428
0.991720531868896
0.991697065663186
0.991710843429604
0.991720531868896
0.991709259250895
0.997356940353287
0.979056025810919
0.985059234498354
0.808039757261697
0.904756403666519
0.610329369245255
0.667895957351519
0.979005578147618
0.989943197072396
0.998706413444764
0.992941100798236
0.991682730608893
0.892022605221299
0.846079445478964
0.991651412294964
0.804772694022465
0.974854460534017
0.792943817046661
0.727590747654012
0.583279044064597
0.968888265462734
0.943134715789503
0.912208749073818
