0.992961001711976
0.991716156816185
0.991672039064598
0.991707686272363
0.991716156816185
0.991687618030762
0.997371206267032
0.987320033978239
0.982376722411459
0.832420117065312
0.904721377281425
0.65138663070314
0.668442249108324
0.980112315374259
0.994912948936307
0.998714381662896
0.992936255881513
0.991556708166414
0.896691461592751
0.837361144921649
0.991686124652602
0.943192567167531
0.966483760661604
0.86202194292929
0.773399310570476
0.582405386970503
0.96648183104142
0.933162633463659
0.902620013357167
