0.992941729903147
0.991718360447123
0.991700457819455
0.991713469960382
0.991718360447123
0.991715887246415
0.997372039606422
0.985229562019776
0.981618570218965
0.826254728515216
0.909375128862329
0.571984612610219
0.648539583458749
0.983278940884468
0.99407376559839
0.99870850642947
0.992932695449561
0.991713536268382
0.89044724622265
0.844353165221406
0.991676913591631
0.824981443838757
0.966753036570619
0.854754652386243
0.786836071741389
0.471606593413291
0.966002484193505
0.933160992927221
0.902613552719144
