0.964026385775075
0.963286609715986
0.964256918351954
0.964742508098874
0.964139483325023
0.964826955299444
0.963923776733207
0.965081719079646
0.965819147380739
0.964374471556871
0.964376978891636
0.963502179591498
0.96511091314931
0.965340070772861
0.965247773730409
0.964454847587138
0.963232266729265
0.965862833640596
0.963091218030829
0.965273896731112
0.965345198293916
0.965123966980111
0.962920240006005
0.965009066134207
0.964987226188008
0.964268425302686
0.963524897637689
0.964547161250717
0.964073529077329
0.964883612490168
0.964700034774111
0.964819050693474
0.964626064195933
0.965858912710531
0.965161857270186
