0.990238981308
0.990239110617636
0.990239220841039
0.990239037944857
0.990239473696518
0.990239247288061
0.990239148804233
0.99023909786286
0.990239019520508
0.990239021645126
0.990239159677002
0.990239267113905
0.990239141949866
0.990239042000947
0.990239262193365
0.990239132276022
0.990239380265136
0.990239249987409
0.990239085680459
0.990239213162264
0.990239278410656
0.990239409842554
0.990238978549765
0.990239100343152
0.990239217786017
0.990238923166009
0.99023923744698
0.990239090685796
0.990239218881303
0.990238973153423
0.990239080314738
0.990239235275253
0.990239065962966
0.990238995167483
0.990239667057975
