0.893099728323401
0.878512586981015
0.917708006447479
0.898100473299295
0.916239938771935
0.889292287081578
0.929072732318732
0.880966427436557
0.910165336784816
0.945465896451828
0.930053479213551
0.909857995956886
0.910481780807277
0.928895275477872
0.920771193336107
0.918832543015453
0.899631635543093
0.887388960387972
0.886018765304166
0.911480091997556
0.922094464164135
0.930129990450486
0.924702877894779
0.890677135180471
0.905046876144046
0.893801205328874
0.898318897730636
0.88402892758038
0.919830699005454
0.897381801313805
0.873581737353421
0.905383931205753
0.920201193807932
0.914570789789711
0.895039982751756
