0.923394411882993
0.92232759353259
0.921994046142243
0.911715242481412
0.931676535490775
0.927259717958165
0.926413104252082
0.924935236282983
0.912201363074667
0.926695962968344
0.921684516574108
0.908730759885613
0.91320167245394
0.92639802916484
0.91044517299377
0.921399363080814
0.928303298197302
0.928867784757783
0.927211686779893
0.931447179342302
0.909839440456525
0.925633669666266
0.928075188335212
0.927816147829226
0.921623282450055
0.920349895274327
0.922374234707226
0.921331667007626
0.916830065148184
0.923930542971288
0.926334399495276
0.93062202855353
0.929992558776566
0.926467514369481
0.917720469547046
