0.989919482059589
0.993692132701194
0.984742940166802
0.993622760882974
0.993257786496889
0.991399020314445
0.993717780280892
0.993547443072578
0.993679301080964
0.990754292730385
0.993574869067144
0.993243417413782
0.98995682794959
0.990895161563338
0.993680154198792
0.992457153880783
0.993137170870219
0.992740008199122
0.988614381655405
0.993686064867983
0.993749996370827
0.993726974791646
0.993687171395939
0.993779192512792
0.989983188553593
0.990224679362345
0.993704005060911
0.993436150050534
0.992753365274933
0.990056464541181
0.989986516434937
0.993725941986251
0.993654826027139
0.992020900976636
0.989801768069404
