0.856484958465699
0.855847930410034
0.861228597022435
0.855411319332608
0.859119980554726
0.856224924254127
0.854916085855535
0.849166929007705
0.858820127882803
0.86022214868529
0.861187105765201
0.860515094867245
0.859593401917495
0.855901791112171
0.859502596583211
0.855704277963253
0.856198527939369
0.856006639366045
0.855955820799628
0.855540226333839
0.856717475314028
0.859753752726224
0.855987648318501
0.85535555639517
0.855906908497737
0.858061582457879
0.866338766740169
0.856336336388227
0.854046903871189
0.85593068684041
0.862384016855141
0.856199651462567
0.859534796226294
0.857547406641518
0.852632161925742
