0.83068836179906
0.832917994539732
0.840516506592726
0.83733947565655
0.834844958754832
0.83805402491093
0.822151448644809
0.828956691245735
0.831997264592059
0.831436852174408
0.826470586920765
0.82123990887654
0.845297715769286
0.835752685253418
0.821163310059163
0.827362232229462
0.835704467237281
0.852731722878938
0.829796490539021
0.827671753506129
0.835789475853731
0.829685935882858
0.82360316692058
0.829185670404759
0.834178568896615
0.830463205135958
0.831011118651609
0.829508895567665
0.827867546077131
0.833308760693307
0.834307838207556
0.825311260810897
0.833165059558753
0.835302807471059
0.82924202258099
