0.779216928693424
0.878896483694094
0.884672519660276
0.763330474331432
0.878876359886571
0.766800881989707
0.775382610518018
0.766487971592805
0.765145520355355
0.884032675845501
0.772314424302265
0.774461440793438
0.764010130712952
0.769842032732972
0.884653172327715
0.773309445168632
0.880020157535746
0.884272248759588
0.88905971608015
0.889540341781339
0.77758925946292
0.766560838814173
0.784165196887587
0.878173346026415
0.883349295135118
0.772920089867334
0.880145800940372
0.77203774434302
0.765092335711904
0.883904626042318
0.771494911984974
0.771834976628057
0.769546408058715
0.765801965691511
0.771918873617792
