0.894697264326516
0.711828459134829
0.884489478659941
0.894930758762921
0.872336363775687
0.880974864009222
0.88944076989015
0.872036232122427
0.894379863266777
0.779288837397246
0.852610486379476
0.896713065068318
0.846888874269398
0.904959548077681
0.881070722009473
0.912925402966001
0.86717296815478
0.711432669143827
0.882378011726703
0.8856958450535
0.901641686692507
0.847710615620738
0.865291373565768
0.861336470013688
0.853447743089726
0.852844609361828
0.902613725111916
0.711058135336219
0.903353810074724
0.892702417158384
0.911243838113043
0.893389273509315
0.90183870349303
0.710155116799465
0.853542798205745
