0.958189681248517
0.564371947268852
0.962056189125168
0.36823174699833
0.958486402452252
0.971594596684775
0.971341459171541
0.251119646435479
0.947017881458908
0.969123395015905
0.486595059036454
0.948557058235274
0.953731434673754
0.958195524838723
0.949679662410748
0.65726370677396
0.483498627200576
0.957824601572022
0.667086963071016
0.641267058301473
0.96086424522697
0.977610506299838
0.498281581479217
0.589661065226124
0.966280261998316
0.518347884911897
0.547301375848386
0.959732088972521
0.968212953283784
0.962039414413874
0.951542326923623
0.969801344079469
0.953314857617563
0.952862324371311
0.950436332639351
