0.897060854560703
0.896081665004382
0.902599292097004
0.89104746974836
0.897751112369047
0.89469654031763
0.898246955256702
0.891740138435698
0.89678796939053
0.895617392262255
0.88147900859823
0.912104545576047
0.888263317874448
0.914339590546568
0.890631369462698
0.908123770126144
0.883498560350021
0.892264200120455
0.890486109720956
0.900674390981968
0.907919994264344
0.893672673390008
0.8889993864495
0.891135051813594
0.902596255884853
0.897826850603
0.880688860444284
0.895086447522948
0.89534441974861
0.8885452508414
0.903723505728654
0.88316791487494
0.882113362573483
0.89139050303746
0.901640247380969
