0.991722682457584
0.991722971222496
0.991716811548513
0.991724307531438
0.991720718160979
0.991721994429587
0.991717092577959
0.991722745163659
0.991724404767529
0.991723723282152
0.991720054005632
0.991719332296981
0.991721409214142
0.991721820514629
0.991716757356386
0.991721351030792
0.99171876963558
0.991723584568284
0.991718954211932
0.991724140730211
0.99172008249686
0.991724155071555
0.99172325259967
0.991722832345219
0.991723191874612
0.99172229726456
0.991723101404394
0.991724071221777
0.991723309207849
0.991723688926404
0.991720967231097
0.991722779434646
0.991722511672271
0.991723546858436
0.991723544344977
