0.980254361804735
0.980367636306766
0.979054343096788
0.981187975159803
0.981116530441378
0.980075884170901
0.980929033231869
0.981195136366328
0.980866672373748
0.980276097580476
0.980944661535995
0.980963974270002
0.980898715808938
0.981061019119923
0.979770251909403
0.980350235645075
0.980580022959493
0.981012624836888
0.981447949835141
0.979299488261555
0.980877677021381
0.979944899598569
0.979804299292555
0.981290237751301
0.980747272345635
0.981176518288175
0.981022377365533
0.980748100056239
0.980801706452879
0.980546909768225
0.981088464621135
0.980573285064519
0.980202275670756
0.98004436308124
0.980884422547732
