0.929833880295101
0.929845004227655
0.929897335238258
0.929855001873354
0.929499899579942
0.929828576745975
0.929882392062655
0.930126757819409
0.929562744638019
0.929262687053705
0.929957025296164
0.929534014399175
0.929889288169074
0.930020745566101
0.929836940394438
0.92983684816385
0.92991711955967
0.929902160561745
0.929847604649974
0.929849421268131
0.929909189128194
0.929823647034669
0.929962985588158
0.929851950507073
0.929840361873974
0.93004258192282
0.929864224437697
0.929862304102254
0.9298389558712
0.929872382010942
0.929900246276322
0.92996675235304
0.929829854967117
0.929859918673284
0.929896609438639
