0.982835275977791
0.983499301234236
0.983248159286184
0.983405839547123
0.982643955237379
0.983146222991604
0.982266389865209
0.983805569888204
0.982671679253384
0.982761011806239
0.982656673826261
0.982877470118411
0.982737532862242
0.9830028339987
0.981405251749208
0.983005213698142
0.98309546982176
0.983871593056671
0.983270744512557
0.983060290845462
0.982613322484766
0.982204581833302
0.98356632528163
0.983087641411526
0.982929885062403
0.982583630108907
0.9837398936991
0.982916601195524
0.983465566074785
0.983157901850742
0.983613547366608
0.981882762615707
0.98349886311772
0.983446319394069
0.982833301493759
