0.442474103962909
0.462565280136355
0.634106971046905
0.561457176168787
0.611018075351868
0.396602262408099
0.699625739736418
0.626699865918575
0.324803290039384
0.424437365226524
0.425513361934272
0.618912061948332
0.61187876707242
0.539149132147159
0.374654861108402
0.602725802299603
0.373411009071547
0.657442852122944
0.695958277487309
0.417160901105772
0.58859291235422
0.633403011000096
0.65381718818831
0.642470935056577
0.637588463166007
0.627963941763968
0.686169363652232
0.653792108257273
0.546945632312354
0.273058499584103
0.634269469227716
0.387405962202737
0.539787979338475
0.627444118822746
0.277808811461633
