0.922821027205372
0.926627778859406
0.927446588265619
0.926268843914586
0.926734370410952
0.926724032546452
0.926955293334025
0.928921441645398
0.924600079981284
0.927567837946277
0.927032997166144
0.924355340811409
0.92228446550573
0.92302876747927
0.926562490324073
0.927718611734717
0.926863515814603
0.928447219129446
0.925467942748292
0.927504509231368
0.926142892245287
0.928282776794509
0.923950948285528
0.926084807289508
0.926608870282182
0.922132523478623
0.92514811021379
0.923275004563237
0.924915063487263
0.924729285269099
0.922340326502943
0.922507708420771
0.92694520038076
0.925011072951132
0.922923818466958
