0.98135269006663
0.985426195129274
0.988274566701767
0.986687533019504
0.987107971149514
0.982046884063519
0.988621764534025
0.987557363640084
0.978645795634767
0.978189994558343
0.986928479248703
0.982746593154601
0.987169462532528
0.982840347616148
0.987113636302725
0.988895003581162
0.988609696524665
0.989393030453594
0.9872824120521
0.985734349098318
0.988465017467813
0.989490406217046
0.982842809013379
0.988895044528193
0.979273715996061
0.974664146565726
0.98780021217406
0.977325977510654
0.984688866776073
0.981198000884918
0.982488724930572
0.986316075563864
0.988904143173512
0.986566829151684
0.972136594316638
