0.957808413085959
0.978822775421678
0.963207073263875
0.97943096039731
0.973860525812368
0.970315918141077
0.972955680751651
0.974629762700092
0.975354356637463
0.970323713472988
0.972029084320224
0.975987703557059
0.969342758528325
0.967396916351033
0.968539355080092
0.974895938231508
0.967125275722662
0.96570301702438
0.977514743461099
0.97445289621164
0.975856658202848
0.962300458756466
0.981180906625797
0.977771631567459
0.969575393505783
0.96989798816247
0.962378007723054
0.974220928701671
0.977072110960649
0.979611480373696
0.980604096989147
0.978216612161594
0.970989375492422
0.979045348000147
0.97406339408614
