0.991744908906159
0.993511721531337
0.993289075761754
0.993037864738393
0.992948770447687
0.99351559505799
0.993864348925249
0.975964555846657
0.990611011707944
0.990470246525606
0.993461452936499
0.991457152478186
0.991409673781323
0.987076499454149
0.993062644562453
0.990570868496193
0.993485907441133
0.98356476663197
0.993523689594811
0.992041962014378
0.950951047456593
0.99136413642548
0.989518708211136
0.990685222753796
0.993514071076517
0.990918396245048
0.991259158551715
0.992069494693349
0.984247108675948
0.991236468978176
0.993425717780082
0.98799236092891
0.989499025981179
0.990857567324264
0.992876034113639
