0.989657499054235
0.989654399579079
0.989719267706473
0.989659512480856
0.98965474540331
0.989654932247174
0.98987101059205
0.989758275130805
0.989656528356519
0.989817616766881
0.989771054797175
0.989656048354874
0.989654126431156
0.989654282956947
0.989658932065481
0.989671921252694
0.989655996900287
0.989736927103047
0.989655979916991
0.989670606235291
0.98968817384821
0.989655307470901
0.989654510173324
0.989655046963214
0.989660437877121
0.98965425791844
0.989657205063225
0.989810601772756
0.989885875067958
0.989724170890151
0.989668865132056
0.989655560165864
0.989659054963425
0.989655298390741
0.989610862876208
