0.972419063724332
0.977338902108142
0.800169063012133
0.973108299016895
0.974388446356305
0.959950497614539
0.965281186381008
0.974138308676102
0.972465231802515
0.973837581670523
0.799261130987758
0.970711849917586
0.973459531353295
0.974987504782689
0.973828391176275
0.966480689644917
0.97301803449196
0.97219707658368
0.973014983684467
0.97145397562602
0.973186229893687
0.973213057432059
0.97281444375536
0.969539120634652
0.97498305213113
0.970548339038464
0.966597077258606
0.80066755968256
0.7962885297696
0.972743074638281
0.962725234853468
0.97147675785744
0.967251656124124
0.972806234881543
0.975772967864428
