0.859397  2.307  
3.83362e-05  3.99996  
0.251423  3.57319  
0.660937  3.37473  
0.684636  3.19997  
0.0911922  3.83973  
0.705027  3.0456  
0.723206  2.9094  
0.73979  2.78978  
0.138815  3.72713  
0.755162  2.68552  
0.769574  2.59567  
0.17495  3.65063  
0.783193  2.51945  
0.796136  2.45616  
0.0387123  3.94747  
0.808457  2.4052  
0.204575  3.60377  
0.820173  2.36596  
0.0571854  3.91346  
0.105399  3.80629  
0.831197  2.33777  
0.635601  3.54784  
0.149897  3.70208  
0.115264  3.78274  
0.228405  3.58078  
0.0683481  3.89061  
0.638983  3.52585  
0.0178781  3.97912  
0.663831  3.35391  
0.64187  3.50677  
0.185628  3.6317  
0.666354  3.33561  
0.841383  2.31965  
0.687025  3.18196  
0.157811  3.68493  
0.122218  3.76613  
0.64435  3.49018  
0.668558  3.31952  
0.707151  3.02953  
0.689131  3.16606  
0.0755926  3.87499  
0.725191  2.89479  
0.646487  3.47573  
0.709029  3.01535  
0.67049  3.30535  
0.690987  3.15201  
0.741718  2.7763  
0.726944  2.88194  
0.215777  3.59115  
0.648335  3.46312  
0.710694  3.0028  
0.757088  2.67303  
0.672181  3.2929  
0.692626  3.1396  
0.0265178  3.96692  
0.045426  3.93571  
0.743414  2.76453  
0.127135  3.75445  
0.771556  2.58401  
0.192889  3.62008  
0.163372  3.67333  
0.728506  2.87053  
0.712168  2.9917  
0.649936  3.45212  
0.673671  3.28189  
0.694072  3.12864  
0.785291  2.50855  
0.758777  2.66219  
0.0804418  3.86425  
0.744903  2.75427  
0.798399  2.44609  
0.0954579  3.82979  
0.77327  2.57408  
0.72987  2.86062  
0.713465  2.98196  
0.695361  3.11887  
0.674979  3.2722  
0.651334  3.44246  
0.760248  2.65284  
0.85012  2.31038  
0.00861199  3.99069  
0.810976  2.39599  
0.787086  2.49942  
0.74621  2.74532  
0.731082  2.85185  
0.714612  2.97335  
0.696487  3.11033  
0.676131  3.26364  
0.774758  2.56558  
0.652543  3.43406  
0.130616  3.74624  
0.800288  2.43792  
0.823063  2.35773  
0.761527  2.64478  
0.747362  2.73747  
0.167207  3.66559  
0.142186  3.7194  
0.732146  2.84417  
0.0495743  3.9281  
