0.859403  2.307  
3.96336e-05  3.99996  
0.251413  3.57319  
0.660938  3.37473  
0.684638  3.19995  
0.0911877  3.83974  
0.705033  3.04555  
0.723212  2.90936  
0.739799  2.78971  
0.138812  3.72713  
0.755169  2.68548  
0.769587  2.59559  
0.174942  3.65065  
0.783209  2.51936  
0.796148  2.4561  
0.0387126  3.94747  
0.808467  2.40517  
0.204563  3.60378  
0.820176  2.36595  
0.0571877  3.91346  
0.1054  3.80629  
0.831202  2.33776  
0.635602  3.54784  
0.149895  3.70208  
0.115264  3.78274  
0.228406  3.58078  
0.0683535  3.8906  
0.638981  3.52587  
0.0178777  3.97912  
0.663831  3.35391  
0.641869  3.50678  
0.18563  3.6317  
0.666357  3.33559  
0.841356  2.31969  
0.687028  3.18194  
0.157816  3.68492  
0.122213  3.76615  
0.64435  3.49018  
0.66856  3.31951  
0.70716  3.02947  
0.689136  3.16601  
0.0755909  3.875  
0.725201  2.89471  
0.646488  3.47572  
0.709037  3.01529  
0.670489  3.30536  
0.690994  3.15196  
0.741724  2.77626  
0.726954  2.88187  
0.21578  3.59115  
0.648343  3.46307  
0.710699  3.00276  
0.757102  2.67294  
0.672181  3.2929  
0.692634  3.13954  
0.0265139  3.96693  
0.0454256  3.93572  
0.743429  2.76443  
0.12712  3.75449  
0.192918  3.62004  
0.771571  2.58393  
0.163375  3.67333  
0.728502  2.87057  
0.71217  2.99169  
0.649943  3.45207  
0.673666  3.28193  
0.694085  3.12855  
0.7853  2.50851  
0.758786  2.66213  
0.0804431  3.86425  
0.744928  2.7541  
0.798412  2.44603  
0.0954539  3.8298  
0.729868  2.86063  
0.773287  2.57399  
0.71347  2.98192  
0.695363  3.11886  
0.674978  3.27221  
0.651333  3.44247  
0.76026  2.65277  
0.850117  2.31038  
0.0086103  3.99069  
0.810996  2.39591  
0.787083  2.49943  
0.746235  2.74515  
0.731075  2.85189  
0.71462  2.97329  
0.696493  3.11029  
0.67613  3.26365  
0.774769  2.56551  
0.652544  3.43406  
0.130603  3.74627  
0.800308  2.43784  
0.823056  2.35775  
0.761542  2.64469  
0.747384  2.73733  
0.167206  3.66559  
0.142175  3.71942  
0.732143  2.84418  
0.0495792  3.92809  
