1  0  8.20528e-14  
6.12323e-17  1  6.82315e-14  
3.25037e-17  5.18932e-17  1  
0.577369  0.577356  0.577326  
0.682791  0.682778  0.260021  
0.259972  0.682794  0.682796  
0.682808  0.259892  0.68281  
0.739734  0.672899  5.47129e-18  
1.80661e-08  0.73984  0.672783  
0.739871  0  0.672749  
0.471488  0.394522  0.788703  
0.471475  0.788753  0.394437  
0.790298  0.462572  0.401816  
0.288578  0.499335  0.816938  
0.558914  0.819236  0.128328  
0.558649  0.128007  0.819467  
0.291295  0.81996  0.492761  
0.109109  0.560497  0.820937  
0.821505  0.284124  0.494372  
0.831512  0.504276  0.233011  
0.135991  0.844781  0.517543  
0.845463  0.128585  0.518323  
0.849019  0.521996  0.0817732  
0.507364  0.861732  0  
0.506845  0  0.862037  
6.9435e-10  0.863282  0.504723  
0.341077  0.364976  0.86629  
0.343945  0.867642  0.359025  
0.869093  0.338251  0.36092  
0.869084  0  0.494665  
2.04336e-09  0.491004  0.871157  
0.392182  0.24958  0.885383  
0.393536  0.886075  0.24495  
0.886644  0.39062  0.247546  
0.677517  0.570095  0.464718  
0.465249  0.570777  0.676578  
0.23303  0.889264  0.393582  
0.680209  0.459877  0.570815  
0.568419  0.676486  0.468342  
0.571489  0.462968  0.678046  
0.892288  0.451466  3.39181e-05  
0.892609  0.230712  0.387326  
0.233946  0.384189  0.893142  
0.461754  0.679102  0.570621  
0.0217388  0.638531  0.769289  
0.407393  0.15  0.90085  
0.408264  0.901104  0.146057  
0.642625  0.0470105  0.764737  
0.642565  0.764728  0.0479747  
0.134867  0.903181  0.407523  
0.906214  0.13542  0.400547  
0.140409  0.397696  0.90671  
0.727389  0.366721  0.580017  
0.368325  0.727055  0.57958  
0.415362  0.908072  0.0536637  
0.414676  0.0553333  0.908285  
0.0400998  0.909329  0.414141  
0.301396  0.283938  0.910241  
0.742925  0.584224  0.326718  
0.298799  0.911439  0.282838  
0.911826  0.297854  0.282589  
0.91229  0.0443017  0.407141  
0.0515875  0.404228  0.913202  
0.91535  0.366743  0.166233  
0.808227  0.588815  0.00813758  
0.381642  0.563114  0.732992  
0.329321  0.202636  0.922218  
0.60417  0.697109  0.386029  
0.329592  0.922436  0.201196  
0.923032  0.374253  0.0891464  
0.234544  0.76798  0.595982  
0.60283  0.386716  0.697887  
0.208223  0.923782  0.321358  
0.769422  0.228288  0.596552  
0.924061  0.220778  0.312037  
0.223871  0.307939  0.924692  
0.715314  0.495023  0.493232  
0.494308  0.713965  0.495897  
0.92593  0.377402  0.0148953  
0.49758  0.491526  0.714714  
0.796454  0.0735258  0.600212  
0.369636  0  0.929176  
0.369121  0.929382  0  
0.798499  3.38409e-07  0.601997  
0.0846702  0.793244  0.602988  
0.93079  0.297206  0.212835  
0.138404  0.930778  0.338374  
0.931155  0.151402  0.331704  
0.609838  0.508578  0.607822  
0.154117  0.329002  0.931668  
0.575466  0.324207  0.750819  
0.507317  0.610887  0.607822  
0.575623  0.751118  0.323233  
0.414661  0.75223  0.51206  
0.0151375  0.795843  0.605314  
1.27274e-09  0.360943  0.932588  
5.71259e-17  0.932937  0.360053  
0.933584  0  0.358357  
0.755765  0.405507  0.514182  
0.610767  0.610755  0.503927  
