0.577351  0.577351  0.577349  
0.577351  0.577351  0.577349  
4.32978e-17  4.32978e-17  1  
0.707108  0.707113  0  
0.430896  0.430896  0.792879  
0.34244  0.34244  0.874911  
0.626594  0.626594  0.463423  
0.508278  0.508278  0.695202  
0.283234  0.283234  0.916273  
0.652324  0.652324  0.385937  
0.240915  0.240915  0.94017  
0.667513  0.667513  0.329929  
0.541045  0.541045  0.643848  
0.473128  0.473128  0.743168  
0.397227  0.397227  0.827298  
0.209218  0.209218  0.955226  
0.677224  0.677224  0.287638  
0.597106  0.597106  0.535657  
0.18468  0.18468  0.965291  
0.683796  0.683796  0.254648  
0.376874  0.376874  0.846127  
0.557303  0.557303  0.615488  
0.165092  0.165092  0.972363  
0.323366  0.323366  0.889308  
0.454321  0.454321  0.76628  
0.688442  0.688442  0.228245  
0.608314  0.608314  0.509811  
0.635238  0.635238  0.439254  
0.491321  0.491321  0.719172  
0.524126  0.524126  0.671256  
0.149158  0.149158  0.977499  
0.691851  0.691851  0.206601  
0.416983  0.416983  0.80762  
0.13596  0.13596  0.981341  
0.310651  0.310651  0.898327  
0.694421  0.694421  0.188567  
0.36427  0.36427  0.857097  
0.271389  0.271389  0.923416  
0.58543  0.58543  0.560842  
0.615022  0.615022  0.493453  
0.640769  0.640769  0.422882  
0.565995  0.565995  0.599416  
0.12478  0.12478  0.984307  
0.65673  0.65673  0.370689  
0.696396  0.696396  0.17339  
0.444002  0.444002  0.778283  
0.115284  0.115284  0.98662  
0.69795  0.69795  0.160413  
0.532099  0.532099  0.658591  
0.548413  0.548413  0.631258  
0.48262  0.48262  0.73086  
0.464466  0.464466  0.754018  
0.302062  0.302062  0.904167  
0.262974  0.262974  0.928272  
0.499875  0.499875  0.707283  
0.107099  0.107099  0.988463  
0.516005  0.516005  0.683723  
0.408888  0.408888  0.815856  
0.389249  0.389249  0.834847  
0.644407  0.644407  0.411679  
0.6992  0.6992  0.149124  
0.356357  0.356357  0.863724  
0.233059  0.233059  0.944123  
0.659777  0.659777  0.359707  
0.61918  0.61918  0.482942  
0.670002  0.670002  0.319679  
0.0999873  0.0999873  0.989952  
0.590104  0.590104  0.550958  
0.700207  0.700207  0.139355  
0.601425  0.601425  0.525905  
0.335852  0.335852  0.880004  
0.570827  0.570827  0.590181  
0.0937409  0.0937409  0.991174  
0.701039  0.701039  0.13072  
0.25696  0.25696  0.931635  
0.424978  0.424978  0.799241  
0.296204  0.296204  0.908034  
0.227159  0.227159  0.946994  
0.438261  0.438261  0.784764  
0.629541  0.629541  0.455364  
0.661909  0.661909  0.351785  
0.0881985  0.0881985  0.992191  
0.646852  0.646851  0.403939  
0.20376  0.20376  0.957582  
0.671805  0.671805  0.31202  
0.701729  0.701729  0.123094  
0.678733  0.678733  0.280435  
0.351343  0.351343  0.867822  
0.0832754  0.0832754  0.993041  
0.552384  0.552384  0.624295  
0.561089  0.561089  0.608571  
0.384413  0.384413  0.839317  
0.702309  0.702309  0.116292  
0.621801  0.621801  0.476158  
0.536244  0.536244  0.651831  
0.372094  0.372094  0.850348  
0.580681  0.580681  0.570631  
0.404139  0.404139  0.820575  
0.459813  0.459813  0.7597  
0.449691  0.449691  0.771723  
