0.85941  2.307  
2.21484e-05  3.99998  
0.251426  3.57319  
0.66094  3.37472  
0.684641  3.19993  
0.0911876  3.83974  
0.705034  3.04555  
0.723213  2.90935  
0.739808  2.78965  
0.138813  3.72713  
0.755182  2.68539  
0.769598  2.59553  
0.174939  3.65065  
0.783217  2.51932  
0.796159  2.45605  
0.0386981  3.9475  
0.808504  2.40503  
0.20457  3.60377  
0.820228  2.36579  
0.0571759  3.91348  
0.105398  3.80629  
0.831271  2.33762  
0.635603  3.54783  
0.149909  3.70205  
0.11526  3.78275  
0.228415  3.58077  
0.0683389  3.89063  
0.63898  3.52587  
0.0178482  3.97916  
0.663837  3.35386  
0.641877  3.50673  
0.185617  3.63172  
0.666358  3.33558  
0.687039  3.18186  
0.84143  2.31959  
0.157826  3.68489  
0.12222  3.76613  
0.644358  3.49012  
0.668573  3.31942  
0.707164  3.02943  
0.689143  3.16596  
0.0755918  3.875  
0.725206  2.89468  
0.646499  3.47565  
0.709046  3.01522  
0.670506  3.30524  
0.691003  3.15189  
0.741747  2.7761  
0.72697  2.88175  
0.215771  3.59116  
0.648347  3.46304  
0.710706  3.00271  
0.757114  2.67286  
0.672196  3.29279  
0.69264  3.13949  
0.0264944  3.96696  
0.0454063  3.93575  
0.743443  2.76433  
0.127145  3.75443  
0.192914  3.62005  
0.771577  2.58389  
0.163389  3.6733  
0.728519  2.87044  
0.71218  2.99161  
0.649949  3.45203  
0.673679  3.28183  
0.694085  3.12854  
0.785322  2.50839  
0.758804  2.66202  
0.080451  3.86423  
0.74494  2.75402  
0.798454  2.44585  
0.0954609  3.82978  
0.773297  2.57393  
0.72989  2.86048  
0.713502  2.98168  
0.695372  3.11879  
0.675003  3.27202  
0.651364  3.44225  
0.760277  2.65265  
0.00858637  3.99072  
0.850147  2.31036  
0.811047  2.39573  
0.787111  2.49929  
0.746247  2.74507  
0.73113  2.8515  
0.714648  2.97308  
0.69651  3.11016  
0.676149  3.2635  
0.774812  2.56527  
0.652577  3.43383  
0.130626  3.74621  
0.8231  2.35762  
0.800354  2.43764  
0.761567  2.64453  
0.747398  2.73723  
0.142201  3.71936  
0.167232  3.66554  
0.732189  2.84385  
0.0495717  3.9281  
