0.57735  0.57735  0.577351  
0.57735  0.57735  0.577351  
4.32978e-17  4.32978e-17  1  
0.707114  0.707109  0  
0.430898  0.430898  0.792877  
0.342441  0.342441  0.87491  
0.626588  0.626588  0.463438  
0.508285  0.508285  0.695192  
0.283236  0.283236  0.916272  
0.652323  0.652323  0.38594  
0.240904  0.240904  0.940176  
0.667512  0.667512  0.329932  
0.541039  0.541039  0.643858  
0.473131  0.473131  0.743165  
0.397235  0.397235  0.82729  
0.209224  0.209224  0.955223  
0.677221  0.677221  0.287651  
0.597116  0.597116  0.535634  
0.184655  0.184655  0.9653  
0.683798  0.683797  0.254641  
0.376877  0.376877  0.846125  
0.557298  0.557298  0.615498  
0.165069  0.165069  0.972371  
0.323359  0.323359  0.889313  
0.454318  0.454318  0.766283  
0.688443  0.688443  0.228238  
0.608325  0.608325  0.509785  
0.635235  0.635235  0.439265  
0.491317  0.491317  0.719177  
0.524131  0.524131  0.671248  
0.149152  0.149152  0.977501  
0.691854  0.691854  0.206585  
0.416988  0.416988  0.807615  
0.135951  0.135951  0.981343  
0.310669  0.310669  0.898315  
0.694424  0.694424  0.18855  
0.364282  0.364282  0.857087  
0.271383  0.271383  0.923419  
0.585431  0.585431  0.560841  
0.640762  0.640762  0.422905  
0.615036  0.615036  0.493419  
0.565988  0.565988  0.59943  
0.124835  0.124835  0.984293  
0.656732  0.656732  0.370683  
0.696401  0.696401  0.173353  
0.444007  0.444007  0.778278  
0.115309  0.115309  0.986614  
0.697954  0.697954  0.160378  
0.532104  0.532104  0.658582  
0.548419  0.548419  0.631247  
0.482616  0.482616  0.730866  
0.464473  0.464473  0.754009  
0.302081  0.302081  0.904154  
0.262967  0.262967  0.928276  
0.499881  0.499881  0.707275  
0.107147  0.107147  0.988453  
0.516023  0.516023  0.683696  
0.408897  0.408897  0.815847  
0.389263  0.389263  0.834835  
0.6444  0.6444  0.411701  
0.356366  0.356366  0.863717  
0.699198  0.699198  0.149144  
0.233051  0.233051  0.944127  
0.659772  0.659772  0.359724  
0.619179  0.619179  0.482943  
0.669994  0.669994  0.319713  
0.100002  0.100002  0.989949  
0.590127  0.590127  0.550909  
0.70021  0.70021  0.139325  
0.601438  0.601438  0.525876  
0.335851  0.335851  0.880004  
0.57082  0.57082  0.590194  
0.0937382  0.0937382  0.991174  
0.701042  0.701042  0.130691  
0.256932  0.256932  0.93165  
0.424976  0.424976  0.799244  
0.296242  0.296242  0.90801  
0.227225  0.227225  0.946962  
0.438264  0.438264  0.78476  
0.629537  0.629537  0.455376  
0.66191  0.66191  0.35178  
0.0881825  0.0881825  0.992193  
0.646847  0.646847  0.403952  
0.203746  0.203746  0.957588  
0.671806  0.671806  0.312014  
0.70173  0.70173  0.123083  
0.678739  0.678739  0.280405  
0.351364  0.351364  0.867806  
0.0832663  0.0832663  0.993043  
0.55239  0.55239  0.624284  
0.561095  0.561095  0.608559  
0.384439  0.384439  0.839294  
0.702318  0.702318  0.116183  
0.621794  0.621795  0.476176  
0.53626  0.53626  0.651806  
0.372108  0.372108  0.850336  
0.404144  0.404144  0.82057  
0.580688  0.580688  0.570617  
0.459813  0.459813  0.7597  
0.449691  0.449691  0.771723  
