0.859416  0.859401  2.61401  
0.859416  0.859401  2.61401  
5.83921e-05  5.9043e-05  5.99988  
2.97771e-17  0.694602  5.12463  
0.767148  0  4.61018  
0.00459389  0.8594  4.30221  
0.857487  0.18655  3.93731  
0.186051  0.113254  5.41854  
0.251403  0.8594  3.8802  
0.251408  0.251385  5.14639  
0.85714  0.653915  3.73169  
0.660974  0.856722  3.68176  
0.25072  0.663294  4.93099  
0.805648  0  4.41597  
4.56466e-18  0.102421  5.81337  
4.56466e-18  0.222157  5.58538  
0.856695  0.678806  3.551  
0.684642  0.858319  3.50698  
0.251423  0.68662  4.75821  
0.691678  0.691323  4.29625  
0.0868732  0.696326  4.96124  
0.851332  0.700223  3.39155  
0.0926216  0.859236  4.14342  
0.706347  0.859407  3.34261  
0.85941  0.0335766  4.26298  
0.2426  0.706893  4.6058  
0.699524  0.704181  4.1393  
0.0987299  0.711631  4.81784  
0.708688  0.713902  3.99668  
0.853  0.718987  3.24928  
0.724893  0.856722  3.20427  
0.251531  0.724933  4.46988  
0.719616  0.723988  3.85855  
0.114267  0.727343  4.66414  
0.638931  0.12313  5.29016  
0.132795  0  5.74112  
0.843752  0.737197  3.12462  
0.126391  0.741237  4.53593  
0.133473  0.24783  5.31291  
0.725766  0.738669  3.68823  
0.649472  0.251119  5.02852  
0.24042  0.741581  4.3522  
0.652  0.134526  5.17492  
0.744894  0.852108  3.06343  
2.97771e-17  0.745046  4.75344  
0.643267  0  5.49745  
0.203319  0  5.60537  
0.251395  0.136109  5.30658  
0.745883  0.251896  4.32075  
0.139905  0.856722  4.03191  
0.848805  0.75276  3.01269  
0.740597  0.739372  3.57684  
0.664294  0.142995  5.06813  
0.856512  0.0849477  4.16141  
0.139614  0.75296  4.42527  
0.248833  0.756616  4.24937  
0.0854619  0.122707  5.63308  
0.760717  0.849943  2.96038  
0.668226  0.0154844  5.30422  
0.668226  0.185723  4.95349  
2.97771e-17  0.763256  4.63399  
0.760717  0.24144  4.22451  
0.741299  0.752517  3.48212  
0.155806  0.764954  4.31273  
0.764989  0.146469  4.33309  
0.849414  0.766841  2.92294  
0.0373727  0.770091  4.54235  
0.0926216  0.169216  5.49803  
0.252425  0.770743  4.16198  
0.68122  0.0390907  5.17246  
0.757831  0.756612  3.34435  
0.188644  0.192769  5.24701  
0.0470296  0.0164627  5.91379  
0.679805  0.198069  4.84871  
0.776516  0.844023  2.87191  
0.774856  0.251509  4.13822  
0.777568  0.154103  4.24268  
0.690123  0.100819  4.97571  
0.175705  0.859401  3.95623  
0.781251  0.638376  4.05957  
0.755917  0.771798  3.26321  
0.690137  0.197904  4.77115  
0.0489706  0.785072  4.44753  
0.856512  0.785542  2.8146  
0.253764  0.783991  4.08855  
0.0129364  0.143787  5.70128  
0.771225  0.771798  3.17252  
0.69363  0.126677  4.88753  
0.854949  0.115428  4.09013  
0.172505  0.786438  4.15794  
0.784591  0.181242  4.15139  
0.784778  0.653915  3.93568  
0.251403  0.0442657  5.51099  
0.639167  0.790561  4.00689  
0.789374  0.24783  4.06142  
0.789912  0.859407  2.80099  
0.649338  0.790561  3.93849  
0.701653  0.129458  4.82012  
0.130332  0.0578058  5.66094  
0.781251  0.676355  3.79174  
