0.57735  0.57735  0.57735  
0.57735  0.57735  0.57735  
4.32978e-17  4.32978e-17  1  
0.707107  0.707107  8.71967e-17  
0.430893  0.430893  0.792882  
0.342439  0.342439  0.874912  
0.626579  0.626579  0.463464  
0.508277  0.508277  0.695204  
0.283238  0.283238  0.916271  
0.652318  0.652318  0.385957  
0.240929  0.240929  0.940163  
0.667507  0.667507  0.329952  
0.541042  0.541042  0.643854  
0.473127  0.473127  0.74317  
0.397227  0.397227  0.827298  
0.209253  0.209253  0.95521  
0.677218  0.677218  0.287666  
0.597102  0.597102  0.535667  
0.184693  0.184693  0.965286  
0.683789  0.683789  0.254686  
0.376873  0.376873  0.846128  
0.557299  0.557299  0.615497  
0.16513  0.16513  0.97235  
0.323373  0.323373  0.889303  
0.454319  0.454319  0.766283  
0.688441  0.688441  0.228248  
0.608312  0.608312  0.509817  
0.635226  0.635226  0.439291  
0.491315  0.491315  0.71918  
0.524118  0.524118  0.671268  
0.14921  0.14921  0.977483  
0.691847  0.691847  0.20663  
0.416982  0.416982  0.807621  
0.135991  0.135991  0.981332  
0.310674  0.310674  0.898311  
0.694409  0.694409  0.188661  
0.364275  0.364275  0.857093  
0.271394  0.271394  0.923413  
0.585429  0.585429  0.560844  
0.640753  0.640753  0.422932  
0.615015  0.615015  0.49347  
0.565988  0.565988  0.599429  
0.124877  0.124877  0.984282  
0.656728  0.656728  0.370697  
0.696383  0.696383  0.173496  
0.443999  0.443999  0.778286  
0.115391  0.115391  0.986595  
0.697937  0.697937  0.160525  
0.53209  0.53209  0.658605  
0.548401  0.548401  0.631278  
0.482614  0.482614  0.730867  
0.46446  0.46446  0.754025  
0.302093  0.302093  0.904146  
0.262977  0.262977  0.92827  
0.499874  0.499874  0.707284  
0.107216  0.107216  0.988438  
0.516001  0.516001  0.683729  
0.408891  0.408891  0.815853  
0.389248  0.389248  0.834848  
0.699181  0.699181  0.149308  
0.644393  0.644393  0.411722  
0.356358  0.356358  0.863723  
0.233079  0.233079  0.944113  
0.659769  0.659769  0.359735  
0.619163  0.619163  0.482984  
0.669991  0.669991  0.319725  
0.100091  0.100091  0.989931  
0.590108  0.590108  0.550949  
0.700192  0.700192  0.139507  
0.601418  0.601418  0.52592  
0.33586  0.33586  0.879998  
0.57082  0.57082  0.590194  
0.0938201  0.0938201  0.991159  
0.701027  0.701027  0.130854  
0.256952  0.256952  0.931639  
0.424972  0.424972  0.799248  
0.29625  0.29625  0.908005  
0.227218  0.227218  0.946966  
0.438258  0.438258  0.784767  
0.629526  0.629526  0.455404  
0.661903  0.661903  0.351808  
0.088287  0.088287  0.992175  
0.646843  0.646843  0.403966  
0.203794  0.203794  0.957568  
0.671797  0.671797  0.312053  
0.701718  0.701718  0.123217  
0.678721  0.678721  0.280493  
0.351355  0.351355  0.867813  
0.552373  0.552373  0.624314  
0.0833032  0.0833032  0.993036  
0.561091  0.561091  0.608568  
0.384422  0.384422  0.839309  
0.702299  0.702299  0.11641  
0.621784  0.621784  0.476203  
0.536249  0.536249  0.651823  
0.372102  0.372102  0.850341  
0.404134  0.404134  0.82058  
0.580679  0.580679  0.570634  
0.459809  0.459809  0.759705  
0.449684  0.449684  0.771731  
