1  1.5828e-14  
2.83277e-16  1  
0.70711  0.707103  
0.545331  0.838221  
0.838225  0.545325  
0.442227  0.896903  
0.896905  0.442223  
0.370897  0.928674  
0.928676  0.370892  
0.638507  0.769616  
0.769621  0.638501  
0.947845  0.318732  
0.318731  0.947845  
0.279018  0.960286  
0.960287  0.279013  
0.600163  0.799878  
0.799881  0.600159  
0.509123  0.860694  
0.860701  0.509111  
0.675165  0.737666  
0.737679  0.675152  
0.24782  0.968806  
0.968807  0.247818  
0.974886  0.222704  
0.222697  0.974888  
0.48611  0.873897  
0.873896  0.486113  
0.577984  0.816048  
0.816052  0.577978  
0.420733  0.907184  
0.907188  0.420725  
0.202067  0.979372  
0.979374  0.202055  
0.982772  0.184821  
0.184801  0.982776  
0.658299  0.752756  
0.752758  0.658297  
0.783176  0.6218  
0.621799  0.783177  
0.722234  0.691649  
0.691657  0.722226  
0.471212  0.88202  
0.882026  0.471201  
0.9139  0.40594  
0.405939  0.9139  
0.985408  0.170207  
0.170213  0.985407  
0.934065  0.357103  
0.3571  0.934066  
0.531617  0.846985  
0.846992  0.531606  
0.825157  0.564903  
0.564917  0.825148  
0.157694  0.987488  
0.987488  0.157694  
0.146838  0.989161  
0.989165  0.14681  
0.9184  0.395654  
0.395665  0.918395  
0.937832  0.347089  
0.347081  0.937835  
0.461469  0.887156  
0.887163  0.461456  
0.137318  0.990527  
0.990527  0.137316  
0.790519  0.612438  
0.612426  0.790528  
0.950937  0.309383  
0.30938  0.950938  
0.590879  0.80676  
0.806769  0.590867  
0.64925  0.760575  
0.760596  0.649225  
0.523161  0.852234  
0.852247  0.52314  
0.991649  0.128965  
0.128945  0.991652  
0.500784  0.865573  
0.865568  0.500791  
0.683732  0.729733  
0.729758  0.683706  
0.667244  0.744839  
0.744855  0.667227  
0.557125  0.830429  
0.830434  0.557117  
0.714633  0.6995  
0.699501  0.714632  
0.631061  0.775733  
0.775743  0.631049  
0.121522  0.992589  
0.992591  0.121504  
0.940514  0.339754  
0.339739  0.94052  
0.388459  0.921466  
0.921474  0.38844  
0.953213  0.302298  
0.302289  0.953216  
0.900282  0.435307  
0.435307  0.900282  
0.272391  0.962187  
