1  1.19521e-14  1.08105e-13  
5.83439e-15  1  7.44605e-14  
4.82324e-16  1.50709e-16  1  
0.577382  0.577298  0.577372  
0.682786  0.259945  0.682811  
0.68266  0.682862  0.260145  
0.25836  0.683038  0.683161  
0.673067  0.739582  0  
0.672948  0  0.73969  
4.53426e-17  0.7405  0.672056  
0.394504  0.471469  0.788723  
0.788994  0.395605  0.47009  
0.458384  0.790896  0.405423  
0.817152  0.499689  0.287355  
0.125362  0.559753  0.819122  
0.819389  0.128538  0.558641  
0.493112  0.291033  0.819842  
0.821309  0.560767  0.104846  
0.280899  0.822424  0.494686  
0.504131  0.830785  0.235898  
0.517979  0.136118  0.844494  
0.125741  0.846002  0.518141  
0.52211  0.848717  0.0841472  
0.861515  3.41807e-11  0.507732  
0.504974  0  0.863135  
3.09849e-17  0.506022  0.86252  
0.866854  0.363912  0.340781  
0.353568  0.345175  0.869393  
0.334417  0.869224  0.364163  
3.45034e-05  0.871385  0.4906  
0.872528  0.488564  0  
0.885534  0.248237  0.392693  
0.390496  0.886222  0.249247  
0.464332  0.677746  0.570138  
0.676671  0.570791  0.465095  
0.571071  0.464108  0.677113  
0.24117  0.389454  0.888911  
0.567755  0.682029  0.460966  
0.396337  0.223293  0.890538  
0.680836  0.461198  0.568999  
0.452151  0.89194  0.001355  
0.458124  0.570121  0.681971  
0.894139  0.381466  0.234519  
0.228802  0.89433  0.384477  
0.770092  0.637713  0.0167526  
0.900595  0.149055  0.408303  
0.0450092  0.643006  0.764538  
0.764612  0.0485948  0.642656  
0.144216  0.403098  0.903722  
0.369921  0.728097  0.577091  
0.405254  0.124261  0.90572  
0.579601  0.369541  0.726293  
0.907211  0.396145  0.141552  
0.907876  0.0555769  0.415539  
0.136872  0.907606  0.396885  
0.0205788  0.414451  0.909839  
0.414396  0.0216611  0.909839  
0.583998  0.741131  0.331167  
0.29968  0.911447  0.281881  
0.911519  0.291131  0.290474  
0.0434791  0.913596  0.404293  
0.283647  0.290222  0.913956  
0.913829  0.40256  0.0534863  
0.367299  0.914914  0.167405  
0.589069  0.808035  0.00878009  
0.733743  0.56173  0.382206  
0.922245  0.201953  0.329665  
0.374933  0.922781  0.0888839  
0.696822  0.384013  0.605783  
0.596412  0.235272  0.767424  
0.223943  0.924649  0.308015  
0.197548  0.325404  0.924709  
0.492636  0.715756  0.494978  
0.381146  0.599827  0.703516  
0.377903  0.925751  0.0132332  
0.29236  0.746149  0.598153  
0.496414  0.492218  0.715049  
0.0688754  0.798023  0.598678  
0.92673  0.313095  0.20771  
0.312345  0.21761  0.924709  
0.715893  0.490614  0.496784  
0.928847  0  0.370463  
0.506783  0.607394  0.611755  
0.606767  0.611816  0.50746  
0.602713  0.0845823  0.793463  
0.611321  0.506828  0.607793  
0.297101  0.930795  0.212962  
2.33881e-12  0.801158  0.598453  
0.751204  0.322938  0.575676  
0.153452  0.932167  0.3279  
0.605433  0.0051573  0.79588  
0.51264  0.413155  0.752664  
0.93197  0.362534  0  
0.347768  0.0856508  0.93366  
0.0973197  0.344099  0.933876  
3.70085e-05  0.934651  0.355567  
0.802567  0.437084  0.40601  
4.59007e-07  0.354026  0.935235  
0.619319  0.677441  0.396885  
0.402395  0.757531  0.514028  
