1  1.2967e-13  
6.12323e-17  1  
0.707106  0.707107  
0.545329  0.838222  
0.838219  0.545334  
0.896901  0.442232  
0.442232  0.896901  
0.370901  0.928672  
0.928673  0.3709  
0.638502  0.76962  
0.769616  0.638507  
0.318742  0.947841  
0.947848  0.318723  
0.279026  0.960284  
0.96029  0.279005  
0.600155  0.799884  
0.799881  0.600159  
0.860691  0.509127  
0.509123  0.860694  
0.675157  0.737674  
0.737671  0.67516  
0.247808  0.968809  
0.968811  0.247802  
0.97489  0.222688  
0.222687  0.97489  
0.873893  0.486117  
0.486102  0.873902  
0.816049  0.577983  
0.577985  0.816047  
0.420736  0.907183  
0.907185  0.420733  
0.979373  0.202061  
0.20205  0.979375  
0.184795  0.982777  
0.982778  0.18479  
0.658296  0.752759  
0.75276  0.658295  
0.783176  0.6218  
0.621801  0.783175  
0.691659  0.722225  
0.722224  0.69166  
0.882014  0.471223  
0.471215  0.882018  
0.9139  0.405939  
0.405932  0.913903  
0.170201  0.985409  
0.985413  0.170178  
0.934068  0.357096  
0.35711  0.934062  
0.846985  0.531618  
0.531613  0.846987  
0.56491  0.825152  
0.825154  0.564908  
0.987492  0.157667  
0.157661  0.987493  
0.146818  0.989163  
0.989166  0.146799  
0.9184  0.395653  
0.395647  0.918402  
0.937836  0.347078  
0.347101  0.937828  
0.887153  0.461475  
0.461456  0.887163  
0.137322  0.990526  
0.990528  0.137309  
0.790521  0.612435  
0.612442  0.790515  
0.309389  0.950935  
0.950939  0.309379  
0.806763  0.590875  
0.590877  0.806762  
0.649254  0.760571  
0.760575  0.64925  
0.852235  0.52316  
0.523152  0.85224  
0.128959  0.99165  
0.991654  0.128926  
0.500789  0.865569  
0.865568  0.500792  
0.683727  0.729738  
0.729734  0.683731  
0.667241  0.744842  
0.744838  0.667246  
0.557121  0.830431  
0.830439  0.55711  
0.699507  0.714626  
0.714618  0.699515  
0.775733  0.631061  
0.631059  0.775734  
0.121538  0.992587  
0.992589  0.121516  
0.940519  0.339741  
0.339755  0.940514  
0.921469  0.388451  
0.388441  0.921473  
0.95321  0.302307  
0.302292  0.953216  
0.435323  0.900274  
0.90028  0.435311  
0.114908  0.993376  
