1  7.12515e-21  
6.12323e-17  1  
0.707108  0.707105  
0.54533  0.838222  
0.838221  0.54533  
0.442228  0.896903  
0.896905  0.442223  
0.928676  0.370892  
0.370905  0.928671  
0.638501  0.769621  
0.769623  0.638499  
0.318736  0.947844  
0.947843  0.318738  
0.960283  0.279027  
0.278999  0.960291  
0.600153  0.799885  
0.799874  0.600168  
0.50912  0.860696  
0.8607  0.509113  
0.675163  0.737669  
0.737684  0.675146  
0.968808  0.247814  
0.247803  0.968811  
0.974887  0.222699  
0.222654  0.974898  
0.8739  0.486107  
0.48611  0.873898  
0.578  0.816037  
0.81607  0.577954  
0.907185  0.420731  
0.420743  0.90718  
0.97937  0.202074  
0.202009  0.979384  
0.982769  0.184838  
0.184752  0.982785  
0.658306  0.752751  
0.752766  0.658288  
0.621792  0.783182  
0.783191  0.621781  
0.722233  0.69165  
0.691658  0.722225  
0.88202  0.471211  
0.471234  0.882008  
0.913897  0.405947  
0.405939  0.9139  
0.985405  0.170227  
0.170141  0.98542  
0.357122  0.934058  
0.934066  0.357102  
0.846986  0.531616  
0.53161  0.846989  
0.564912  0.825151  
0.825166  0.564891  
0.987494  0.157655  
0.157621  0.9875  
0.989168  0.146788  
0.146767  0.989171  
0.918396  0.395662  
0.395648  0.918402  
0.347101  0.937828  
0.937837  0.347076  
0.461483  0.887149  
0.887164  0.461455  
0.990529  0.137308  
0.137168  0.990548  
0.612444  0.790514  
0.30936  0.950945  
0.950943  0.309368  
0.790513  0.612445  
0.806769  0.590867  
0.590883  0.806757  
0.649255  0.760571  
0.760573  0.649253  
0.52315  0.852241  
0.852256  0.523126  
0.991665  0.128842  
0.128772  0.991674  
0.865576  0.500778  
0.500771  0.86558  
0.729754  0.68371  
0.683729  0.729736  
0.667245  0.744838  
0.744848  0.667234  
0.557117  0.830434  
0.83044  0.557109  
0.699508  0.714625  
0.714643  0.699489  
0.775746  0.631045  
0.631063  0.775732  
0.992601  0.121425  
0.121356  0.992609  
0.339766  0.94051  
0.940522  0.339732  
0.921467  0.388457  
0.388437  0.921475  
0.302289  0.953216  
0.953212  0.302302  
0.900278  0.435316  
0.43532  0.900276  
0.272356  0.962197  
