0.859395  2.307  
3.58503e-05  3.99996  
0.251402  3.57319  
0.66094  3.37471  
0.684642  3.19993  
0.0911862  3.83974  
0.705033  3.04555  
0.723221  2.90929  
0.739807  2.78966  
0.138816  3.72712  
0.755182  2.68539  
0.769595  2.59554  
0.174946  3.65065  
0.783216  2.51933  
0.796171  2.45599  
0.0387091  3.94748  
0.808493  2.40507  
0.204561  3.60379  
0.820209  2.36585  
0.057185  3.91347  
0.105385  3.80632  
0.831245  2.33767  
0.635601  3.54785  
0.149902  3.70206  
0.115253  3.78276  
0.228387  3.58079  
0.068341  3.89062  
0.638978  3.52588  
0.0178705  3.97913  
0.663836  3.35387  
0.641866  3.5068  
0.18563  3.6317  
0.66636  3.33556  
0.687031  3.18192  
0.841394  2.31964  
0.157818  3.68491  
0.122208  3.76616  
0.644347  3.4902  
0.668566  3.31947  
0.707161  3.02945  
0.689138  3.166  
0.0755871  3.87501  
0.725206  2.89468  
0.646485  3.47574  
0.709046  3.01522  
0.670497  3.3053  
0.690996  3.15194  
0.741738  2.77616  
0.726969  2.88175  
0.215767  3.59116  
0.648336  3.46312  
0.710708  3.00269  
0.75711  2.67288  
0.672189  3.29285  
0.692634  3.13954  
0.0265148  3.96693  
0.0454266  3.93571  
0.743434  2.7644  
0.127147  3.75442  
0.192906  3.62006  
0.77158  2.58387  
0.163375  3.67333  
0.728517  2.87045  
0.71218  2.99161  
0.649937  3.45212  
0.673673  3.28187  
0.694095  3.12847  
0.785314  2.50844  
0.758802  2.66203  
0.0804455  3.86424  
0.744923  2.75413  
0.798434  2.44594  
0.0954508  3.8298  
0.729886  2.86051  
0.773302  2.5739  
0.713478  2.98186  
0.67498  3.27219  
0.695372  3.11879  
0.65134  3.44242  
0.760277  2.65265  
0.850128  2.31037  
0.00860944  3.99069  
0.811012  2.39586  
0.7871  2.49935  
0.746231  2.74518  
0.731088  2.8518  
0.714631  2.97321  
0.696507  3.11019  
0.676129  3.26365  
0.774782  2.56544  
0.652548  3.43403  
0.130621  3.74622  
0.800336  2.43772  
0.823089  2.35766  
0.761556  2.6446  
0.747383  2.73733  
0.167216  3.66557  
0.142185  3.7194  
0.732158  2.84408  
0.0495746  3.9281  
