1  2.36261e-47  
6.12323e-17  1  
0.707107  0.707107  
0.545329  0.838222  
0.838225  0.545324  
0.442234  0.8969  
0.896907  0.44222  
0.928676  0.370893  
0.37091  0.928669  
0.769621  0.638502  
0.638503  0.76962  
0.318728  0.947846  
0.947839  0.318751  
0.960282  0.279033  
0.278975  0.960298  
0.600159  0.799881  
0.79988  0.60016  
0.860696  0.50912  
0.509118  0.860697  
0.675151  0.73768  
0.73766  0.675173  
0.96881  0.247805  
0.247754  0.968823  
0.222629  0.974903  
0.974908  0.222609  
0.873894  0.486116  
0.486111  0.873897  
0.577981  0.816051  
0.816056  0.577973  
0.907191  0.42072  
0.420734  0.907184  
0.201992  0.979387  
0.979394  0.201958  
0.982787  0.184743  
0.184723  0.982791  
0.752759  0.658296  
0.658293  0.752762  
0.783173  0.621804  
0.62178  0.783192  
0.691654  0.722229  
0.722214  0.691669  
0.882011  0.47123  
0.471197  0.882028  
0.913898  0.405943  
0.405913  0.913912  
0.985417  0.170156  
0.170144  0.985419  
0.357084  0.934072  
0.934066  0.357101  
0.846991  0.531608  
0.531624  0.84698  
0.825153  0.564909  
0.564895  0.825163  
0.157606  0.987502  
0.987502  0.157606  
0.989173  0.146752  
0.146628  0.989192  
0.918399  0.395655  
0.395586  0.918429  
0.347072  0.937839  
0.93783  0.347094  
0.887151  0.46148  
0.461429  0.887177  
0.990545  0.137191  
0.137169  0.990548  
0.790517  0.61244  
0.309339  0.950952  
0.950939  0.309377  
0.612447  0.790512  
0.806767  0.590869  
0.590863  0.806772  
0.760574  0.649252  
0.649257  0.760569  
0.523159  0.852235  
0.852237  0.523155  
0.99167  0.128807  
0.128761  0.991676  
0.865566  0.500796  
0.500764  0.865584  
0.729729  0.683736  
0.683727  0.729737  
0.744835  0.667249  
0.66723  0.744852  
0.830432  0.557119  
0.557101  0.830445  
0.699507  0.714626  
0.714626  0.699507  
0.631056  0.775737  
0.77573  0.631065  
0.121341  0.992611  
0.992617  0.121294  
0.940511  0.339765  
0.339746  0.940517  
0.921478  0.38843  
0.388404  0.921489  
0.302245  0.95323  
0.953215  0.302295  
0.900285  0.4353  
0.435298  0.900286  
0.27236  0.962195  
