0.859401  0.859401  2.61401  
0.859401  0.859401  2.61401  
5.89464e-05  1.00104e-05  5.99993  
0.694586  0  5.12475  
0  0.767239  4.60963  
0.859383  0.0044358  4.30238  
0.187018  0.859669  3.9364  
0.113421  0.18575  5.41864  
0.859401  0.251403  3.8802  
0.251461  0.251501  5.14639  
0.654012  0.855458  3.73142  
0.849528  0.661445  3.68191  
0.663308  0.248687  4.93099  
0  0.8073  4.40958  
0.102369  2.07948e-19  5.81349  
0.194379  0  5.61784  
0.678797  0.85901  3.55078  
0.847827  0.685275  3.5074  
0.686735  0.246591  4.75768  
0.69676  0.0851904  4.96179  
0.700303  0.851677  3.39073  
0.857663  0.0926008  4.14358  
0.690521  0.693346  4.28969  
0.856304  0.706422  3.34242  
0.706726  0.24766  4.60614  
0.0341238  0.85901  4.2621  
0.711813  0.10167  4.80952  
0.704067  0.703207  4.13332  
0.718832  0.854522  3.24976  
0.847648  0.725275  3.20657  
0.724796  0.238916  4.47314  
0.709702  0.719596  3.96115  
0.123165  0.638999  5.28962  
0.729068  0.112121  4.6567  
0.720266  0.725275  3.82533  
0  0.132792  5.74113  
0.246589  0.0617392  5.49326  
0.73584  0.853951  3.12587  
0.855914  0.741388  3.0862  
0.246589  0.133586  5.3128  
0.254494  0.649498  5.02847  
0.741317  0.25169  4.3523  
0.133949  0.652385  5.17358  
0.733195  0.733804  3.681  
0  0.213132  5.59385  
0.000642919  0.651  5.45605  
0.746649  2.62885e-19  4.74232  
0.854372  0.140098  4.03217  
0.247085  0.747963  4.30706  
0.744026  0.128179  4.51738  
0.136655  0.251836  5.30532  
0.751889  0.849515  3.01789  
0.00702025  0.664047  5.34532  
0.146202  0.664522  5.05922  
0.0861089  0.850858  4.16129  
0.859401  0.757695  2.97612  
0.756204  0.249128  4.25202  
0.734033  0.753379  3.54139  
0.192036  0.668136  4.94409  
0.763718  0.00391668  4.62712  
0.766442  0.851778  2.92373  
0.750822  0.146089  4.42473  
0.027029  0.675316  5.23586  
0.150133  0.094663  5.5332  
0.765596  0.14916  4.32581  
0.246471  0.763069  4.2092  
0.157088  0.763558  4.31871  
0.8594  0.771944  2.88876  
0.0157071  0.0473303  5.91423  
0.754745  0.764752  3.31301  
0.769999  0.248889  4.16644  
0.0520625  0.68314  5.13463  
0.199086  0.18575  5.24255  
0.250494  0.77939  4.113  
0.779943  0.0550159  4.45457  
0.780384  0.85155  2.84383  
0.776279  0.164904  4.22993  
0.114628  0.68794  4.96013  
0.778992  0.765751  3.16072  
0.169836  0.109526  5.45685  
0.856124  0.175852  3.95638  
0.18515  0.688289  4.80492  
0.780384  0.635037  4.0859  
0.166472  0.777715  4.21607  
0.862401  0.786354  2.81048  
0.0411088  0.251812  5.51656  
0.782915  0.249432  4.09416  
0.115641  0.859669  4.08884  
0.780384  0.650229  3.98539  
0.0456358  0.697604  5.04875  
0.182957  0.789334  4.12455  
0.0341238  0.0672227  5.84808  
0.794625  0.851833  2.7723  
0.788162  0.184277  4.12801  
0.197857  0.698903  4.70478  
0.79487  0.779807  3.01772  
0.780629  0.662371  3.89753  
0.0341238  0.140543  5.67825  
0.247085  0.796834  4.02693  
0.0456358  0.708921  4.96306  
