1  2.77589e-59  3.50387e-21  
6.12323e-17  1  2.00851e-13  
5.52319e-17  2.64354e-17  1  
0.577439  0.577159  0.577453  
0.682796  0.68276  0.260056  
0.260209  0.682823  0.682674  
0.682843  0.26018  0.682665  
4.52724e-17  0.739355  0.673316  
0.739421  6.45822e-32  0.673243  
0.673175  0.739483  7.09556e-22  
0.788831  0.471008  0.394839  
0.396113  0.469258  0.789234  
0.401002  0.790215  0.463419  
0.498978  0.285795  0.818133  
0.819298  0.558762  0.128591  
0.128236  0.558707  0.819391  
0.819923  0.290555  0.493258  
0.494519  0.821263  0.284565  
0.560802  0.105448  0.821207  
0.231764  0.831504  0.504864  
0.844487  0.135386  0.518183  
0.518276  0.845327  0.129665  
0.0807897  0.848949  0.522263  
0.861694  0.507428  0.000137876  
3.10125e-17  0.506473  0.862256  
0.863215  7.00056e-42  0.504836  
0.867371  0.34252  0.361038  
0.360509  0.340825  0.868258  
0.495743  0.868469  6.14568e-05  
0.360507  0.869066  0.33876  
0.489339  5.16224e-48  0.872094  
0.885772  0.393292  0.246438  
0.247098  0.886518  0.391188  
0.570205  0.677245  0.464979  
0.570729  0.46474  0.676967  
0.241054  0.391734  0.88794  
0.459729  0.679487  0.571792  
0.678184  0.567062  0.467447  
0.890431  0.232604  0.391188  
0.461754  0.569572  0.680331  
0.387327  0.892441  0.231357  
0.00345069  0.893623  0.448804  
0.684394  0.452391  0.571792  
0.380765  0.230843  0.895394  
0.637489  1.33402e-07  0.770473  
0.901269  0.408165  0.145314  
0.135724  0.407645  0.902997  
0.764809  0.642477  0.0478611  
0.042975  0.642145  0.765378  
0.903358  0.132507  0.407978  
0.578828  0.72673  0.369893  
0.40098  0.905935  0.136001  
0.908058  0.4158  0.0504064  
0.0289555  0.415343  0.909204  
0.3946  0.132811  0.909204  
0.909446  0.0394049  0.41395  
0.729476  0.357288  0.583275  
0.910848  0.302003  0.281335  
0.325966  0.742978  0.584576  
0.279142  0.911489  0.302108  
0.407774  0.911826  0.0478882  
0.287471  0.290009  0.912828  
0.404044  0.00478323  0.914727  
1.33173e-05  0.809068  0.587716  
0.169456  0.916989  0.361131  
0.561016  0.382599  0.734084  
0.698784  0.600287  0.389046  
0.922508  0.329775  0.200565  
0.767786  0.233979  0.596455  
0.385061  0.586956  0.712188  
0.596833  0.769017  0.228919  
0.195448  0.33059  0.923315  
0.310429  0.923333  0.226031  
0.092276  0.923955  0.371205  
0.494554  0.713649  0.496106  
0.92458  0.20493  0.321179  
0.714083  0.492899  0.497128  
0.0113222  0.926756  0.375494  
0.310191  0.211542  0.926839  
0.600727  0.795797  0.0763805  
0.491806  0.491568  0.718671  
0.60268  0.797967  0.00506707  
0.930105  0.367293  3.67249e-05  
0.506696  0.608734  0.610493  
0.330191  0.931125  0.154853  
0.612456  0.508311  0.605413  
0.608943  0.608629  0.508685  
0.75137  0.573772  0.325926  
0.750366  0.413896  0.515403  
0.794087  0.0538813  0.605411  
0.930793  0.137354  0.33876  
0.111192  0.343418  0.932577  
0.212383  0.931816  0.294315  
0.359028  0.933325  0.00162436  
0.934009  2.35926e-07  0.35725  
0.326829  0.145578  0.933871  
0.512943  0.755685  0.407223  
0.320547  0.575447  0.752403  
0.00824311  0.349608  0.93686  
0.937056  0.256969  0.236417  
