1  1.69162e-14  1.42769e-13  
9.49411e-16  1  2.17687e-17  
1.53841e-15  4.93237e-16  1  
0.577357  0.577426  0.577268  
0.682812  0.259787  0.682846  
0.259586  0.682866  0.682868  
0.682733  0.682767  0.2602  
0.739502  0.673155  2.1706e-17  
0.739451  0  0.67321  
4.53154e-17  0.740056  0.672545  
0.394625  0.471431  0.788685  
0.46556  0.789824  0.39929  
0.790344  0.462186  0.40217  
0.499753  0.287764  0.816969  
0.558716  0.819337  0.128544  
0.123847  0.559503  0.819523  
0.560511  0.107952  0.821081  
0.821427  0.283748  0.494716  
0.286468  0.820757  0.494262  
0.831313  0.504399  0.233451  
0.845343  0.128761  0.518474  
0.129871  0.845327  0.518225  
0.848946  0.522139  0.0816168  
0.50753  0.861634  1.27281e-18  
3.08737e-17  0.504205  0.863584  
0.36566  0.340498  0.86623  
0.33914  0.868326  0.361932  
0.868775  0.336371  0.363434  
5.31976e-17  0.868783  0.495194  
0.869018  0  0.494781  
0.490527  3.38323e-18  0.871426  
0.393099  0.885664  0.247128  
0.886129  0.390511  0.249552  
0.251005  0.388555  0.886578  
0.677112  0.464925  0.570408  
0.57014  0.677245  0.46506  
0.465298  0.570784  0.676538  
0.68106  0.568452  0.46154  
0.568599  0.462346  0.680391  
0.459625  0.682019  0.568854  
0.892345  0.451354  4.53453e-19  
0.892996  0.229265  0.387293  
0.383854  0.233357  0.893421  
0.232402  0.891544  0.388765  
0.638091  0.0205316  0.769687  
0.408467  0.900919  0.146624  
0.152635  0.405206  0.901394  
0.0199554  0.64223  0.766252  
0.642693  0.764583  0.0485622  
0.726147  0.370145  0.579399  
0.906153  0.134737  0.400915  
0.397394  0.140029  0.906901  
0.125121  0.906975  0.40217  
0.366354  0.72789  0.579622  
0.414645  0.908648  0.0492855  
0.0539947  0.411822  0.909663  
0.286125  0.297731  0.910763  
0.910964  0.301373  0.281634  
0.742399  0.584442  0.327523  
0.299004  0.911405  0.282732  
0.912319  0.0470149  0.406771  
0.00726535  0.912881  0.408161  
0.403574  0.0521833  0.913458  
0.915144  0.366428  0.168054  
0.80814  0.588941  0.00763576  
0.563205  0.378831  0.734362  
0.386674  0.604129  0.696786  
0.604644  0.69615  0.387015  
0.32905  0.922308  0.202665  
0.922853  0.374259  0.0909572  
0.207207  0.324123  0.923043  
0.222398  0.923732  0.311864  
0.769209  0.227833  0.597  
0.923933  0.222763  0.311005  
0.228617  0.769133  0.596799  
0.30848  0.222293  0.924892  
0.715086  0.493366  0.495218  
0.494998  0.714969  0.493757  
0.926085  0.376946  0.0167088  
0.491725  0.497161  0.714869  
0.796071  0.0744626  0.600605  
0.0748528  0.796822  0.599559  
0.000317275  0.798027  0.602622  
0.507178  0.612168  0.606648  
0.799205  0.00108355  0.601057  
0.611348  0.607382  0.507289  
0.000217093  0.367949  0.929846  
0.152708  0.930528  0.332864  
0.607879  0.507398  0.610761  
0.365258  0.930906  2.1706e-17  
0.930928  0.153582  0.331339  
0.575469  0.750589  0.324733  
0.931952  0.292744  0.21393  
0.325652  0.573732  0.75152  
0.933586  0  0.358352  
0.357448  1.15974e-15  0.933933  
0.40839  0.754502  0.513755  
0.755722  0.406064  0.513805  
0.436869  0.407179  0.802091  
0.0795678  0.93534  0.344685  
