0.57735  0.57735  0.577351  
0.57735  0.57735  0.577351  
6.71335e-16  6.71335e-16  1  
0.707107  0.707108  0  
0.430897  0.430897  0.792878  
0.342443  0.342443  0.874909  
0.626581  0.626581  0.463456  
0.50828  0.50828  0.695199  
0.283234  0.283234  0.916274  
0.652318  0.652318  0.385956  
0.240924  0.240924  0.940166  
0.667509  0.667509  0.329943  
0.541043  0.541043  0.643852  
0.47313  0.47313  0.743166  
0.397226  0.397226  0.827299  
0.209249  0.209249  0.955212  
0.677222  0.677222  0.287646  
0.597104  0.597104  0.535661  
0.184703  0.184703  0.965282  
0.683792  0.683792  0.254673  
0.376874  0.376874  0.846128  
0.557301  0.557301  0.615493  
0.165125  0.165125  0.972351  
0.323374  0.323374  0.889302  
0.45432  0.45432  0.766282  
0.688439  0.688439  0.228261  
0.608311  0.608311  0.509819  
0.635227  0.635227  0.439286  
0.49131  0.49131  0.719186  
0.52412  0.52412  0.671265  
0.1492  0.1492  0.977486  
0.69184  0.69184  0.206673  
0.416983  0.416983  0.80762  
0.135998  0.135998  0.98133  
0.694403  0.694403  0.188703  
0.310673  0.310673  0.898312  
0.364277  0.364277  0.857091  
0.271387  0.271387  0.923417  
0.585432  0.585432  0.560839  
0.640754  0.640754  0.422928  
0.615019  0.615019  0.493461  
0.565991  0.565991  0.599424  
0.124866  0.124866  0.984285  
0.656726  0.656726  0.370705  
0.696381  0.696381  0.173513  
0.443999  0.443999  0.778287  
0.115389  0.115389  0.986596  
0.697938  0.697938  0.160513  
0.532086  0.532086  0.658612  
0.548407  0.548407  0.631268  
0.482614  0.482614  0.730868  
0.464461  0.464461  0.754023  
0.302084  0.302084  0.904151  
0.262973  0.262973  0.928273  
0.499871  0.499871  0.707289  
0.107208  0.107208  0.98844  
0.516003  0.516003  0.683727  
0.408891  0.408891  0.815853  
0.389251  0.389251  0.834845  
0.644396  0.644396  0.411714  
0.699187  0.699187  0.149252  
0.356359  0.356359  0.863722  
0.233073  0.233073  0.944115  
0.659762  0.659762  0.359763  
0.619171  0.619171  0.482965  
0.669994  0.669994  0.319714  
0.100086  0.100086  0.989932  
0.59011  0.59011  0.550945  
0.601419  0.601419  0.525918  
0.700231  0.700231  0.139117  
0.335861  0.335861  0.879997  
0.570821  0.570821  0.590192  
0.0938188  0.0938188  0.991159  
0.256945  0.256945  0.931643  
0.701176  0.701176  0.12925  
0.424974  0.424974  0.799246  
0.296241  0.296241  0.90801  
0.227228  0.227228  0.946961  
0.438258  0.438258  0.784767  
0.629531  0.629531  0.455392  
0.661897  0.661897  0.351831  
0.0882671  0.0882671  0.992178  
0.646852  0.646852  0.403937  
0.203788  0.203788  0.95757  
0.6718  0.6718  0.31204  
0.701893  0.701893  0.121212  
0.678725  0.678725  0.280474  
0.351348  0.351348  0.867819  
0.0833167  0.0833167  0.993034  
0.552381  0.552381  0.624299  
0.561097  0.561097  0.608556  
0.384426  0.384426  0.839305  
0.536248  0.536248  0.651825  
0.62179  0.62179  0.476189  
0.372097  0.372097  0.850346  
0.404139  0.404139  0.820575  
0.580683  0.580683  0.570626  
0.45981  0.45981  0.759704  
0.449684  0.449684  0.771731  
0.70248  0.70248  0.11421  
