0.859399  2.307  
3.84854e-05  3.99996  
0.251411  3.57319  
0.660941  3.37471  
0.684639  3.19994  
0.0911876  3.83974  
0.705032  3.04556  
0.723211  2.90937  
0.739794  2.78975  
0.13881  3.72714  
0.755162  2.68552  
0.769573  2.59567  
0.174944  3.65064  
0.783208  2.51937  
0.796147  2.45611  
0.0387085  3.94748  
0.808471  2.40515  
0.204556  3.60379  
0.820191  2.3659  
0.0571853  3.91346  
0.105392  3.80631  
0.831221  2.33772  
0.635601  3.54785  
0.149892  3.70208  
0.115261  3.78274  
0.228392  3.58079  
0.0683464  3.89061  
0.638979  3.52587  
0.0178759  3.97913  
0.663832  3.3539  
0.641871  3.50677  
0.185623  3.63171  
0.666354  3.33561  
0.84137  2.31967  
0.68703  3.18192  
0.157803  3.68494  
0.122211  3.76615  
0.644351  3.49018  
0.668559  3.31952  
0.707156  3.0295  
0.689136  3.16602  
0.0755882  3.875  
0.725194  2.89476  
0.646489  3.47571  
0.709033  3.01531  
0.670497  3.3053  
0.690994  3.15196  
0.741719  2.77629  
0.726948  2.88191  
0.215758  3.59117  
0.648339  3.46309  
0.710701  3.00274  
0.757091  2.67301  
0.672189  3.29284  
0.692636  3.13953  
0.0265147  3.96693  
0.0454317  3.9357  
0.743419  2.7645  
0.127138  3.75445  
0.192906  3.62006  
0.771561  2.58399  
0.163369  3.67334  
0.7285  2.87058  
0.712171  2.99168  
0.649942  3.45208  
0.673673  3.28187  
0.694081  3.12857  
0.785297  2.50852  
0.758788  2.66212  
0.0804419  3.86425  
0.74491  2.75422  
0.798424  2.44598  
0.095456  3.82979  
0.773277  2.57404  
0.729866  2.86065  
0.713475  2.98188  
0.695358  3.11889  
0.674987  3.27214  
0.651333  3.44247  
0.760255  2.65279  
0.850115  2.31038  
0.00860924  3.99069  
0.810996  2.39591  
0.787085  2.49942  
0.746218  2.74527  
0.731069  2.85194  
0.714622  2.97328  
0.696492  3.1103  
0.676133  3.26362  
0.774757  2.56558  
0.652545  3.43405  
0.130617  3.74623  
0.800315  2.43781  
0.823067  2.35772  
0.76154  2.6447  
0.747365  2.73745  
0.167203  3.6656  
0.142183  3.7194  
0.732142  2.84419  
0.0495764  3.92809  
