1  1.17755e-16  1.08372e-16  
6.12323e-17  1  2.70502e-17  
5.27025e-17  3.11744e-17  1  
0.577363  0.577357  0.577331  
0.682773  0.682764  0.260105  
0.682778  0.260122  0.682752  
0.260104  0.682747  0.682791  
0.673059  1.38139e-17  0.739589  
0.672948  0.73969  0  
4.1213e-17  0.673059  0.739589  
0.788721  0.471484  0.39449  
0.396811  0.789237  0.468664  
0.401432  0.463043  0.790218  
0.816866  0.288185  0.49968  
0.128063  0.819273  0.558919  
0.819344  0.558638  0.12884  
0.493359  0.82041  0.289006  
0.820882  0.108579  0.56068  
0.49451  0.283952  0.821481  
0.232883  0.504407  0.831468  
0.517871  0.844927  0.13382  
0.518503  0.128461  0.845371  
0.0794252  0.522166  0.849137  
0.861493  0.50777  7.85387e-06  
9.87469e-09  0.861868  0.507133  
0.501625  0.865085  4.26182e-18  
0.866151  0.340491  0.365852  
0.361149  0.867831  0.341234  
0.36275  0.337168  0.868752  
0.495185  1.04593e-17  0.868788  
0.871087  2.58488e-05  0.491129  
0.884871  0.392575  0.250776  
0.246757  0.885819  0.392983  
0.248709  0.390708  0.88628  
0.570086  0.464821  0.677454  
0.570469  0.676931  0.465113  
0.460086  0.678631  0.572522  
0.678777  0.56582  0.468091  
0.392127  0.890315  0.231465  
0.460864  0.569402  0.680724  
0.682135  0.457819  0.570169  
0.387709  0.229572  0.892737  
7.3764e-13  0.450428  0.892813  
0.893198  0.233482  0.384297  
0.769688  0.020579  0.638089  
0.90035  0.408078  0.151133  
0.147613  0.901038  0.407848  
0.0469533  0.764779  0.642579  
0.7645  0.642764  0.0489206  
0.405319  0.904077  0.135503  
0.578789  0.369648  0.726887  
0.579353  0.725921  0.370659  
0.400974  0.134082  0.906232  
0.90685  0.139691  0.397629  
0.907734  0.41547  0.0583396  
0.0556277  0.908141  0.414952  
0.909898  0.302027  0.284369  
0.41177  0.91016  0.0453279  
0.280302  0.910665  0.303512  
0.281534  0.301049  0.911103  
0.327673  0.584897  0.741975  
0.406414  0.0442117  0.912619  
0.913118  0.052864  0.404254  
0.167733  0.365649  0.915514  
0.00514376  0.588686  0.808346  
0.735192  0.375928  0.564067  
0.695873  0.603579  0.389171  
0.921773  0.329426  0.204481  
0.200923  0.922381  0.329914  
0.315676  0.922654  0.221491  
0.383294  0.697201  0.605802  
0.0899376  0.373518  0.923253  
0.596288  0.768304  0.232701  
0.310466  0.224525  0.923688  
0.596991  0.227502  0.769314  
0.924123  0.224832  0.308945  
0.494702  0.713087  0.496766  
0.494715  0.494153  0.714891  
0.0144214  0.376652  0.926242  
0.71661  0.492499  0.493877  
0.927929  0.372757  0  
0.60071  0.0654708  0.796782  
5.68755e-17  0.928847  0.370464  
0.601936  0.794082  0.0843061  
0.335359  0.929851  0.151364  
0.506123  0.608791  0.610912  
0.610964  0.507362  0.607706  
0.331529  0.15543  0.930685  
0.212628  0.296526  0.931054  
0.750485  0.574608  0.326494  
0.609646  0.608185  0.508372  
0.931424  0.155673  0.32896  
0.604341  0.796576  0.0154671  
0.322465  0.751232  0.575906  
0.932278  1.91341e-17  0.361744  
0.360936  0.93259  0.000408463  
0.5125  0.753204  0.412344  
0.597034  1.22535e-17  0.802216  
0.513363  0.406972  0.755535  
0.936063  0.26296  0.233748  
