0.859399  2.307  
3.31943e-05  3.99997  
0.251418  3.57319  
0.660943  3.3747  
0.684645  3.1999  
0.0911917  3.83973  
0.705041  3.04549  
0.72322  2.90929  
0.739813  2.78962  
0.138823  3.72711  
0.755185  2.68537  
0.769594  2.59555  
0.174939  3.65065  
0.783215  2.51933  
0.796172  2.45599  
0.0387129  3.94747  
0.808511  2.405  
0.204601  3.60374  
0.820223  2.36581  
0.0571843  3.91347  
0.105389  3.80631  
0.831275  2.33761  
0.635601  3.54785  
0.149912  3.70204  
0.115301  3.78265  
0.228448  3.58075  
0.0683554  3.89059  
0.638983  3.52585  
0.0178789  3.97912  
0.663836  3.35387  
0.641871  3.50677  
0.185639  3.63168  
0.666363  3.33554  
0.687034  3.18189  
0.841419  2.3196  
0.157838  3.68487  
0.64436  3.49011  
0.122247  3.76606  
0.668568  3.31945  
0.707165  3.02942  
0.68914  3.16599  
0.0755919  3.875  
0.725211  2.89464  
0.646502  3.47562  
0.709046  3.01522  
0.670508  3.30523  
0.691001  3.15191  
0.741738  2.77616  
0.726965  2.88178  
0.215829  3.5911  
0.648349  3.46303  
0.710709  3.00269  
0.757113  2.67287  
0.672214  3.29266  
0.69264  3.1395  
0.0265151  3.96693  
0.0454247  3.93572  
0.743435  2.76439  
0.192935  3.62001  
0.127159  3.7544  
0.771579  2.58388  
0.163373  3.67333  
0.728518  2.87045  
0.712181  2.9916  
0.649952  3.45202  
0.69409  3.12851  
0.673701  3.28167  
0.785311  2.50845  
0.758798  2.66206  
0.0804585  3.86421  
0.744923  2.75413  
0.79844  2.44591  
0.729885  2.86051  
0.0954704  3.82976  
0.77331  2.57386  
0.71348  2.98185  
0.695367  3.11882  
0.675003  3.27202  
0.651345  3.44238  
0.760272  2.65269  
0.00860913  3.99069  
0.85019  2.31033  
0.81104  2.39576  
0.787094  2.49938  
0.746239  2.74512  
0.731091  2.85178  
0.714641  2.97314  
0.696504  3.1102  
0.676159  3.26343  
0.774804  2.56532  
0.652553  3.43399  
0.130641  3.74618  
0.800338  2.43771  
0.823104  2.35761  
0.76156  2.64457  
0.747384  2.73733  
0.167215  3.66557  
0.142194  3.71938  
0.732157  2.84409  
0.0495808  3.92808  
