1  4.80633e-14  
2.83277e-16  1  
0.707107  0.707107  
0.545329  0.838222  
0.838221  0.545331  
0.896906  0.44222  
0.442216  0.896908  
0.928676  0.370892  
0.370891  0.928676  
0.769619  0.638504  
0.638497  0.769624  
0.318736  0.947843  
0.947858  0.318693  
0.279024  0.960284  
0.960293  0.278994  
0.799876  0.600165  
0.600153  0.799885  
0.860696  0.50912  
0.509114  0.860699  
0.675157  0.737675  
0.737673  0.675158  
0.247811  0.968808  
0.968828  0.247735  
0.222694  0.974888  
0.974948  0.222432  
0.8739  0.486105  
0.486097  0.873905  
0.57798  0.816051  
0.81605  0.577982  
0.420726  0.907188  
0.907192  0.420717  
0.202059  0.979373  
0.979403  0.201917  
0.184805  0.982775  
0.982775  0.184805  
0.752759  0.658296  
0.658289  0.752765  
0.783173  0.621804  
0.621786  0.783187  
0.691656  0.722227  
0.722229  0.691654  
0.471205  0.882024  
0.882015  0.471221  
0.405944  0.913898  
0.91391  0.405917  
0.985409  0.170203  
0.170173  0.985414  
0.934068  0.357096  
0.35711  0.934062  
0.846984  0.531619  
0.531607  0.846991  
0.564908  0.825154  
0.825149  0.564915  
0.987492  0.157669  
0.157667  0.987492  
0.989164  0.146812  
0.146811  0.989165  
0.395645  0.918403  
0.918394  0.395667  
0.347094  0.93783  
0.937834  0.347085  
0.461454  0.887164  
0.887162  0.461457  
0.137328  0.990526  
0.990527  0.137316  
0.790514  0.612444  
0.612436  0.79052  
0.309383  0.950937  
0.950955  0.30933  
0.806763  0.590875  
0.590868  0.806768  
0.760575  0.64925  
0.649242  0.760582  
0.852237  0.523156  
0.523145  0.852244  
0.128946  0.991652  
0.991654  0.128926  
0.50078  0.865575  
0.865564  0.500798  
0.68372  0.729744  
0.729741  0.683724  
0.744844  0.667239  
0.667248  0.744836  
0.557115  0.830435  
0.830436  0.557113  
0.714626  0.699507  
0.699506  0.714627  
0.775732  0.631062  
0.631058  0.775736  
0.121531  0.992588  
0.992595  0.121473  
0.94052  0.339738  
0.339752  0.940515  
0.921464  0.388463  
0.388444  0.921472  
0.302305  0.953211  
0.953274  0.302107  
0.435309  0.900281  
0.900287  0.435298  
0.962205  0.272328  
