1  5.66779e-16  
2.83277e-16  1  
0.707106  0.707108  
0.545324  0.838225  
0.838217  0.545336  
0.896897  0.442239  
0.442227  0.896903  
0.370899  0.928673  
0.928674  0.370896  
0.769616  0.638507  
0.638506  0.769616  
0.947842  0.318739  
0.318722  0.947848  
0.960286  0.279019  
0.279006  0.960289  
0.600167  0.799875  
0.799879  0.600162  
0.860692  0.509126  
0.509123  0.860694  
0.67516  0.737671  
0.737676  0.675155  
0.968806  0.247819  
0.247807  0.96881  
0.974887  0.222701  
0.22268  0.974892  
0.486116  0.873894  
0.873904  0.486099  
0.577984  0.816048  
0.81605  0.577982  
0.907185  0.420732  
0.420733  0.907184  
0.979373  0.202062  
0.201996  0.979386  
0.982771  0.18483  
0.184775  0.982781  
0.6583  0.752755  
0.752756  0.6583  
0.621804  0.783173  
0.783177  0.621798  
0.722223  0.69166  
0.69166  0.722224  
0.471221  0.882015  
0.882024  0.471205  
0.40595  0.913895  
0.913897  0.405946  
0.985405  0.170227  
0.170173  0.985414  
0.357099  0.934067  
0.93406  0.357116  
0.846983  0.53162  
0.531619  0.846983  
0.56491  0.825152  
0.825163  0.564895  
0.98749  0.15768  
0.157568  0.987508  
0.989162  0.146825  
0.14674  0.989175  
0.918396  0.395663  
0.39566  0.918397  
0.347082  0.937835  
0.937831  0.347091  
0.461473  0.887154  
0.88716  0.461461  
0.990524  0.13734  
0.137235  0.990539  
0.612444  0.790514  
0.790518  0.612439  
0.309364  0.950944  
0.950943  0.309368  
0.590876  0.806762  
0.806777  0.590855  
0.649256  0.76057  
0.760587  0.649235  
0.523162  0.852233  
0.852234  0.52316  
0.991648  0.128976  
0.128881  0.99166  
0.865569  0.500789  
0.500792  0.865568  
0.683726  0.729738  
0.729745  0.683719  
0.744841  0.667242  
0.667239  0.744844  
0.55712  0.830432  
0.830437  0.557112  
0.714623  0.69951  
0.699509  0.714623  
0.775733  0.631061  
0.631062  0.775733  
0.992586  0.121542  
0.121373  0.992607  
0.940512  0.339759  
0.339738  0.94052  
0.921471  0.388447  
0.388449  0.92147  
0.302287  0.953217  
0.953217  0.302288  
0.900273  0.435326  
0.435319  0.900276  
0.993378  0.114896  
