1  1.53491e-66  1.00968e-57  
6.12323e-17  1  7.00617e-22  
3.30262e-17  5.15623e-17  1  
0.577365  0.577295  0.57739  
0.682739  0.260086  0.682805  
0.682784  0.682846  0.259859  
0.2603  0.682604  0.682859  
4.52733e-17  0.739368  0.673301  
0.739634  2.33251e-27  0.673009  
0.739935  0.672678  3.13924e-19  
0.394617  0.471482  0.788659  
0.470522  0.788889  0.395302  
0.790301  0.400617  0.463606  
0.499505  0.28781  0.817105  
0.558876  0.819377  0.127591  
0.127697  0.558709  0.819474  
0.290524  0.82004  0.493082  
0.560235  0.10798  0.821266  
0.821374  0.494005  0.285137  
0.831499  0.232049  0.504741  
0.133766  0.84526  0.517341  
0.845629  0.518191  0.128025  
0.849204  0.0811995  0.521785  
0.506675  0.862137  4.64276e-71  
3.10409e-17  0.506937  0.861983  
5.29457e-17  0.864669  0.502343  
0.365375  0.341049  0.866133  
0.343018  0.867595  0.360107  
0.868932  0.361709  0.337823  
0.869425  0.49407  2.44068e-11  
0.490417  1.24269e-22  0.871488  
0.250096  0.391925  0.885351  
0.886445  0.247383  0.391173  
0.392267  0.886565  0.245214  
0.677476  0.570116  0.464752  
0.465282  0.676566  0.570764  
0.570673  0.465425  0.676544  
0.231047  0.890393  0.392195  
0.568966  0.680179  0.46232  
0.462486  0.568403  0.68046  
0.682429  0.458845  0.568992  
0.892273  3.85168e-11  0.451495  
0.893795  0.383974  0.231721  
0.38235  0.233656  0.893987  
0.637832  0.0199132  0.769918  
0.148385  0.40765  0.901001  
0.407575  0.901422  0.146017  
0.642639  0.764723  0.0470526  
0.0458735  0.642787  0.76467  
0.133687  0.903919  0.406273  
0.726746  0.578694  0.370073  
0.36954  0.725896  0.580099  
0.397467  0.138495  0.907105  
0.908362  0.398246  0.12759  
0.414387  0.908486  0.054196  
0.0525608  0.414419  0.908567  
0.0400094  0.910172  0.412294  
0.283552  0.30188  0.910202  
0.911343  0.281425  0.300459  
0.296419  0.911711  0.284464  
0.742929  0.325717  0.584778  
0.912676  0.40686  0.0386098  
0.40338  0.0471108  0.913819  
0.915647  0.16639  0.365933  
0.807984  3.61345e-23  0.589205  
0.562375  0.381815  0.733452  
0.2038  0.329025  0.922067  
0.60441  0.697543  0.384867  
0.330386  0.922762  0.198379  
0.385646  0.600374  0.700591  
0.231957  0.768208  0.596701  
0.214065  0.923762  0.317552  
0.923851  0.0890488  0.372248  
0.768  0.597159  0.231466  
0.307805  0.225452  0.924352  
0.715352  0.495085  0.493115  
0.925405  0.309146  0.219232  
0.926142  0.014408  0.376901  
0.495321  0.712927  0.496379  
0.491446  0.495798  0.716007  
0.796126  0.6008  0.0722653  
0.369095  0.929392  8.47031e-97  
0.0820715  0.793741  0.602693  
0.798213  0.602375  0.000745221  
0.612269  0.506851  0.606819  
0.508199  0.607189  0.610783  
0.134566  0.339884  0.93079  
2.26415e-17  0.369763  0.929156  
0.138773  0.931288  0.336816  
0.608611  0.6089  0.508758  
0.328502  0.156746  0.931406  
0.575613  0.75142  0.32255  
4.87289e-17  0.795804  0.605555  
0.320877  0.576088  0.751772  
0.931676  0.330596  0.150619  
0.413719  0.752699  0.512135  
0.932648  0.215184  0.289592  
0.755484  0.51284  0.407728  
5.71241e-17  0.932907  0.360117  
0.355454  2.45398e-70  0.934694  
