1  5.49339e-15  
5.05322e-16  1  
0.707107  0.707107  
0.838223  0.545327  
0.545327  0.838224  
0.442229  0.896902  
0.896904  0.442226  
0.370902  0.928672  
0.928674  0.370897  
0.6385  0.769622  
0.769627  0.638494  
0.318736  0.947843  
0.947846  0.31873  
0.960286  0.279018  
0.27901  0.960288  
0.600162  0.799879  
0.799892  0.600144  
0.860696  0.50912  
0.509126  0.860692  
0.737673  0.675158  
0.675156  0.737675  
0.968807  0.247816  
0.2478  0.968811  
0.974888  0.222694  
0.222689  0.97489  
0.486113  0.873896  
0.873895  0.486115  
0.577994  0.816041  
0.816057  0.577971  
0.907186  0.42073  
0.420725  0.907188  
0.979376  0.202047  
0.202029  0.97938  
0.982772  0.18482  
0.184797  0.982777  
0.752765  0.658289  
0.658293  0.752762  
0.783183  0.621792  
0.621793  0.783182  
0.722229  0.691654  
0.691652  0.722231  
0.882014  0.471224  
0.471219  0.882016  
0.913896  0.405949  
0.405951  0.913895  
0.985408  0.170207  
0.170198  0.98541  
0.35711  0.934062  
0.934067  0.357098  
0.846987  0.531614  
0.531623  0.846981  
0.564908  0.825154  
0.825154  0.564907  
0.987492  0.157668  
0.157666  0.987493  
0.989162  0.146828  
0.146813  0.989164  
0.918396  0.395664  
0.395675  0.91839  
0.347091  0.937832  
0.937833  0.347088  
0.887158  0.461465  
0.461461  0.887161  
0.990524  0.137339  
0.137338  0.990524  
0.790534  0.612418  
0.612428  0.790526  
0.950939  0.309378  
0.309359  0.950945  
0.59088  0.806759  
0.80677  0.590865  
0.760579  0.649245  
0.649246  0.760578  
0.523163  0.852232  
0.852241  0.523149  
0.991649  0.128964  
0.128954  0.991651  
0.500795  0.865566  
0.865568  0.500791  
0.729742  0.683723  
0.683722  0.729743  
0.744841  0.667242  
0.667234  0.744849  
0.557114  0.830436  
0.830436  0.557114  
0.699503  0.71463  
0.714623  0.69951  
0.775741  0.631051  
0.631049  0.775743  
0.992588  0.121531  
0.121528  0.992588  
0.940517  0.339746  
0.339751  0.940515  
0.388454  0.921468  
0.921474  0.38844  
0.953213  0.302299  
0.30227  0.953222  
0.435317  0.900277  
0.900277  0.435317  
0.114897  0.993377  
