1  0  6.3224e-17  
6.12323e-17  1  7.43803e-18  
1.98598e-16  2.02002e-16  1  
0.577361  0.577328  0.577361  
0.682776  0.260094  0.682765  
0.260037  0.682782  0.68278  
0.682794  0.682745  0.260099  
0.739694  0.672943  8.563e-18  
0.739716  1.82089e-17  0.67292  
4.52945e-17  0.739716  0.67292  
0.471503  0.394469  0.78872  
0.471326  0.788738  0.394645  
0.790214  0.401476  0.46301  
0.288349  0.499621  0.816844  
0.55887  0.128303  0.819269  
0.558468  0.819414  0.129132  
0.291265  0.819934  0.492821  
0.109192  0.560588  0.820864  
0.821388  0.494407  0.284399  
0.83152  0.232866  0.504329  
0.135165  0.844746  0.517817  
0.845395  0.518196  0.129541  
0.849033  0.0818535  0.521961  
0.50804  0.861334  7.27727e-18  
0.507414  2.35645e-17  0.861702  
5.29025e-17  0.863964  0.503553  
0.34063  0.365714  0.866155  
0.343179  0.867456  0.360207  
0.868596  0.495522  9.82139e-18  
0.868876  0.361608  0.338073  
3.01028e-17  0.491616  0.870812  
0.392313  0.250514  0.885061  
0.393877  0.885778  0.245475  
0.886454  0.248008  0.390758  
0.677465  0.464818  0.570075  
0.570681  0.676585  0.465355  
0.464754  0.570842  0.676863  
0.23251  0.889584  0.393166  
0.681544  0.568174  0.461168  
0.46197  0.680759  0.568464  
0.568982  0.461931  0.680352  
0.89215  5.82264e-19  0.451739  
0.892438  0.387976  0.230281  
0.233757  0.384693  0.892955  
7.65568e-07  0.638461  0.769655  
0.407907  0.150352  0.900559  
0.408818  0.900833  0.146176  
0.64269  0.0468737  0.764692  
0.642831  0.764418  0.0493326  
0.135413  0.903384  0.406891  
0.905855  0.401255  0.135726  
0.727473  0.579781  0.366928  
0.140436  0.398292  0.906444  
0.368852  0.725637  0.580862  
0.415864  0.90784  0.0536914  
0.415177  0.0564223  0.907989  
0.0404289  0.909691  0.413313  
0.301824  0.284603  0.909901  
0.301515  0.910955  0.281512  
0.911224  0.280754  0.301411  
0.742633  0.326924  0.58448  
0.912089  0.407205  0.0477313  
0.0526495  0.403807  0.913328  
0.915329  0.166876  0.366504  
0.808194  0.0084564  0.588855  
0.38172  0.562612  0.73332  
0.329633  0.203723  0.921867  
0.604635  0.696279  0.386798  
0.330009  0.922292  0.201176  
0.222507  0.922298  0.316001  
0.922937  0.0897398  0.374344  
0.23454  0.767979  0.595986  
0.599213  0.385307  0.701771  
0.769102  0.596758  0.228828  
0.923839  0.312339  0.221283  
0.224297  0.309355  0.924116  
0.715442  0.493066  0.495004  
0.925856  0.0151308  0.377575  
0.495042  0.714414  0.494515  
0.496167  0.490794  0.716198  
0.795973  0.600546  0.0759767  
0.370472  0.000110573  0.928844  
0.369367  0.929284  0.000406734  
0.151037  0.929511  0.336447  
0.0866961  0.793543  0.602307  
0.798204  0.602362  0.00554563  
0.611841  0.60664  0.507581  
0.507685  0.611296  0.607102  
0.93086  0.332169  0.152197  
0.931033  0.211627  0.297306  
0.60859  0.50595  0.611255  
0.575432  0.750778  0.324362  
0.154524  0.32962  0.931384  
0.414297  0.751867  0.512889  
0.000898059  0.796126  0.60513  
2.21082e-17  0.361055  0.932545  
0.575922  0.322016  0.751412  
0.932965  0.359968  1.9812e-05  
5.71412e-17  0.933187  0.359392  
0.755564  0.513643  0.406565  
