1  8.71967e-15  
6.12323e-17  1  
0.707105  0.707109  
0.838221  0.545331  
0.545335  0.838218  
0.442235  0.896899  
0.896901  0.442232  
0.370903  0.928672  
0.928676  0.370893  
0.6385  0.769622  
0.769626  0.638495  
0.318739  0.947842  
0.947851  0.318712  
0.279003  0.96029  
0.960289  0.279006  
0.600159  0.799881  
0.799881  0.600159  
0.509122  0.860694  
0.8607  0.509112  
0.675157  0.737674  
0.73768  0.675151  
0.968807  0.247817  
0.247794  0.968813  
0.974886  0.222704  
0.222646  0.974899  
0.486121  0.873891  
0.873904  0.486099  
0.816047  0.577985  
0.577988  0.816045  
0.907186  0.42073  
0.420731  0.907185  
0.201996  0.979386  
0.979388  0.20199  
0.184774  0.982781  
0.982785  0.184753  
0.658304  0.752753  
0.752753  0.658303  
0.621803  0.783174  
0.783174  0.621802  
0.722222  0.691662  
0.69166  0.722223  
0.882022  0.471208  
0.471187  0.882033  
0.9139  0.405938  
0.405941  0.913899  
0.170147  0.985419  
0.985423  0.170122  
0.934068  0.357096  
0.35712  0.934059  
0.846989  0.531611  
0.531627  0.846979  
0.564915  0.825149  
0.825152  0.564911  
0.157629  0.987498  
0.9875  0.15762  
0.146792  0.989167  
0.989181  0.146704  
0.918403  0.395645  
0.395691  0.918384  
0.347087  0.937833  
0.937846  0.347051  
0.887161  0.461461  
0.461446  0.887168  
0.137304  0.990529  
0.990538  0.137237  
0.612439  0.790518  
0.79052  0.612437  
0.30937  0.950942  
0.950951  0.309342  
0.590874  0.806764  
0.80675  0.590892  
0.649255  0.760571  
0.76056  0.649267  
0.523157  0.852237  
0.852238  0.523154  
0.128895  0.991658  
0.991665  0.128846  
0.865576  0.500777  
0.500782  0.865574  
0.683724  0.729741  
0.729725  0.683741  
0.667241  0.744842  
0.744849  0.667233  
0.557132  0.830424  
0.830426  0.557129  
0.699509  0.714624  
0.714626  0.699506  
0.631058  0.775736  
0.775743  0.631049  
0.121465  0.992596  
0.9926  0.121427  
0.33976  0.940512  
0.940535  0.339698  
0.388467  0.921463  
0.921483  0.388418  
0.302294  0.953215  
0.953243  0.302205  
0.435313  0.900279  
0.900284  0.435303  
0.962186  0.272392  
