0.499996  3.5194e-06  
4.57798e-06  0.499995  
0.249999  0.250001  
0.374998  0.125002  
0.125003  0.374997  
0.312499  0.187501  
0.437498  0.0625018  
0.062506  0.437494  
0.187501  0.312499  
0.281249  0.218751  
0.406247  0.0937532  
0.34375  0.15625  
0.218751  0.281249  
0.156254  0.343746  
0.468745  0.0312548  
0.0312491  0.468751  
0.093749  0.406251  
0.0468756  0.453124  
0.296874  0.203126  
0.328125  0.171875  
0.203125  0.296875  
0.48437  0.0156305  
0.109373  0.390627  
0.14063  0.35937  
0.265625  0.234375  
0.390621  0.109379  
0.421876  0.0781238  
0.234378  0.265622  
0.171874  0.328126  
0.359377  0.140623  
0.453118  0.0468815  
0.0156243  0.484376  
0.0781298  0.42187  
0.117188  0.382812  
0.226564  0.273436  
0.0390625  0.460938  
0.257811  0.242189  
0.398435  0.101565  
0.492181  0.00781854  
0.195313  0.304687  
0.382809  0.117191  
0.460934  0.0390663  
0.0234356  0.476564  
0.132814  0.367186  
0.32031  0.17969  
0.289059  0.210941  
0.367188  0.132812  
0.273435  0.226565  
0.0546855  0.445315  
0.179684  0.320316  
0.242189  0.257811  
0.414067  0.085933  
0.44531  0.0546904  
0.351559  0.148441  
0.164062  0.335938  
0.101565  0.398435  
0.335933  0.164067  
0.476562  0.0234375  
0.210932  0.289068  
0.00781153  0.492188  
0.429683  0.0703173  
0.0703234  0.429677  
0.148448  0.351552  
0.304696  0.195304  
0.0859464  0.414054  
0.300785  0.199215  
0.35547  0.14453  
0.496089  0.00391124  
0.121096  0.378904  
0.41016  0.0898398  
0.261718  0.238282  
0.253905  0.246095  
0.433589  0.0664114  
0.230472  0.269528  
0.222659  0.277341  
0.378903  0.121097  
0.292969  0.207031  
0.0273411  0.472659  
0.0351572  0.464843  
0.26953  0.23047  
0.27734  0.22266  
0.238282  0.261718  
0.371093  0.128907  
0.0664106  0.433589  
0.214837  0.285163  
0.285155  0.214845  
0.464838  0.0351618  
0.457023  0.0429772  
0.175779  0.324221  
0.441402  0.0585975  
0.128907  0.371093  
0.449214  0.0507863  
0.0585895  0.44141  
0.402338  0.0976616  
0.19141  0.30859  
0.167965  0.332035  
0.316406  0.183594  
0.0976619  0.402338  
0.207028  0.292972  
0.0195325  0.480468  
