0.859399  0.859398  2.61401  
0.859399  0.859398  2.61401  
5.97124e-05  5.84948e-05  5.99988  
7.32679e-18  0.694582  5.12478  
0.767118  0  4.61036  
0.00450413  0.859395  4.30231  
0.855499  0.186661  3.93759  
0.185673  0.113495  5.41859  
0.251407  0.859395  3.8802  
0.251408  0.25141  5.14639  
0.854498  0.653963  3.7321  
0.660985  0.857081  3.68161  
0.247849  0.663303  4.9311  
0.805715  0  4.41571  
7.32679e-18  0.102258  5.81375  
7.32679e-18  0.198445  5.61195  
0.853814  0.678872  3.55144  
0.684735  0.855307  3.50688  
0.250049  0.686668  4.75788  
0.690874  0.691644  4.29991  
0.0854801  0.696742  4.96127  
0.859399  0.699854  3.3918  
0.0926823  0.856674  4.14357  
0.705931  0.847471  3.35132  
0.859399  0.0335165  4.26308  
0.250268  0.706513  4.60757  
0.0996598  0.711866  4.81387  
0.698639  0.704289  4.14519  
0.854421  0.718655  3.25112  
0.723904  0.854855  3.21207  
0.709689  0.712216  4.00171  
0.251478  0.724238  4.47499  
0.110809  0.726733  4.67687  
0.638981  0.122828  5.29055  
0.721011  0.721583  3.84703  
0.133292  2.46501e-17  5.73996  
0.854961  0.735608  3.12714  
0.132202  0.736602  4.5548  
0.741224  0.847992  3.09184  
0.133439  0.250724  5.31281  
0.649444  0.251583  5.02871  
0.250693  0.740404  4.35868  
0.730603  0.732949  3.69371  
0.653276  0.135414  5.16396  
0.251649  0.137258  5.30392  
0.196275  0  5.61505  
0.643413  3.48412e-06  5.49703  
0.139874  0.856952  4.03193  
7.32679e-18  0.745879  4.74758  
0.745568  0.24521  4.32347  
0.848584  0.751875  3.01874  
0.141477  0.75089  4.44368  
0.737698  0.742233  3.57726  
0.664775  0.146437  5.05711  
0.854389  0.0851276  4.16166  
0.250613  0.75537  4.25737  
0.758179  0.859481  2.97302  
0.0140548  0.758972  4.64503  
0.660985  0.0230621  5.36341  
0.668441  0.181465  4.95921  
0.0908355  0.102258  5.65431  
0.0908355  0.163382  5.51387  
0.146666  0.762281  4.34933  
0.760039  0.252297  4.22737  
0.745568  0.753188  3.44819  
0.854585  0.765987  2.92513  
0.76314  0.152761  4.3305  
0.0380792  0.768564  4.55023  
0.678911  0.0124733  5.24405  
0.772463  0.856894  2.88599  
0.2533  0.770129  4.16564  
0.0480898  0.0144298  5.91447  
0.183534  0.200551  5.24428  
0.762205  0.763512  3.27295  
0.772463  0.167372  4.244  
0.773828  0.245012  4.14467  
0.682138  0.188098  4.84926  
0.235983  0.0335165  5.5327  
0.855602  0.779753  2.84539  
0.150855  0.777584  4.24969  
0.688565  0.0993556  4.99095  
0.77134  0.767133  3.19559  
0.0649498  0.783564  4.41524  
0.175881  0.856174  3.95632  
0.634357  0.780393  4.0902  
0.110809  0.178093  5.43823  
0.781565  0.638597  4.05644  
0.788798  0.838534  2.81481  
0.250613  0.783251  4.09235  
0.858996  0.115404  4.08941  
0.649516  0.785203  3.96402  
0.783225  0.175562  4.16878  
0.783521  0.652457  3.95239  
0.694231  0.173809  4.78021  
0.786637  0.251261  4.07488  
0.178884  0.787824  4.13914  
0.699114  0.0275399  5.07654  
0.699187  0.0993556  4.91048  
0.783398  0.769417  3.11502  
0.656373  0.792302  3.88111  
