1  1.02949e-24  1.99187e-17  
6.12323e-17  1  2.02007e-26  
6.12221e-17  1.12171e-18  1  
0.577377  0.577364  0.57731  
0.260046  0.682782  0.682778  
0.682755  0.260098  0.682785  
0.682795  0.682779  0.260006  
0.672919  5.27095e-42  0.739717  
4.12038e-17  0.672908  0.739726  
0.739521  0.673134  4.06856e-26  
0.788583  0.394517  0.471693  
0.394021  0.788831  0.471693  
0.402163  0.462206  0.790336  
0.499593  0.816839  0.288411  
0.127964  0.81922  0.55902  
0.819565  0.129568  0.558145  
0.819955  0.49294  0.291005  
0.560362  0.821019  0.10919  
0.49454  0.283329  0.821678  
0.233386  0.504493  0.831275  
0.844752  0.517836  0.135053  
0.518355  0.124461  0.84606  
0.0816521  0.522734  0.848577  
0.861292  0.000196846  0.508111  
5.27759e-17  0.861895  0.507086  
0.864149  0.503284  3.31579e-27  
0.36573  0.866046  0.340888  
0.867445  0.360701  0.342688  
0.360817  0.336961  0.869637  
0.491507  0.870873  7.75875e-22  
0.489254  1.04866e-21  0.872142  
0.250606  0.885116  0.392131  
0.88589  0.245915  0.393351  
0.246671  0.389992  0.887164  
0.465159  0.569341  0.677848  
0.676672  0.570618  0.465306  
0.572159  0.458449  0.680043  
0.466098  0.678684  0.567574  
0.889993  0.39224  0.232509  
0.679118  0.461517  0.57079  
2.77215e-17  0.452726  0.89165  
0.569307  0.681513  0.459814  
0.384457  0.89302  0.233899  
0.38389  0.227111  0.895013  
0.638255  0.769522  0.0216246  
0.150451  0.900687  0.407587  
0.900734  0.145944  0.409119  
0.0469343  0.764789  0.642569  
0.764418  0.0496741  0.642804  
0.903659  0.4062  0.135652  
0.726081  0.578939  0.370995  
0.398092  0.90655  0.140318  
0.57976  0.364253  0.728834  
0.907852  0.0536188  0.415848  
0.397156  0.133531  0.907985  
0.0578833  0.907991  0.414973  
0.909704  0.412814  0.0449812  
0.286526  0.910309  0.298732  
0.910827  0.281211  0.302182  
0.326567  0.584476  0.742793  
0.281037  0.299267  0.911843  
0.404626  0.912956  0.052813  
0.403262  0.0419627  0.914122  
0.162566  0.366186  0.916232  
4.12726e-06  0.588092  0.808794  
0.562961  0.734857  0.378233  
0.387467  0.697441  0.602865  
0.205722  0.921938  0.328189  
0.922312  0.199474  0.330985  
0.92221  0.315196  0.224009  
0.696862  0.384251  0.605586  
0.768035  0.596283  0.2336  
0.596465  0.227225  0.769804  
0.49553  0.493622  0.714694  
0.31016  0.924571  0.221289  
0.0775629  0.372049  0.924967  
0.308909  0.221385  0.924967  
0.713699  0.494948  0.495641  
0.59889  0.0639786  0.798271  
0.492422  0.715949  0.494911  
2.33029e-17  0.380566  0.924777  
0.000296339  0.928564  0.371172  
0.929276  0.00020116  0.369387  
0.929565  0.335402  0.153021  
0.793763  0.602209  0.0853504  
0.608434  0.507352  0.610247  
0.606778  0.611689  0.5076  
0.507423  0.609709  0.608914  
0.324105  0.750739  0.575627  
0.751221  0.322752  0.575759  
0.796196  0.604896  0.0131298  
0.361983  0.932185  6.75926e-05  
0.93233  0.361608  0.000472627  
0.752615  0.51144  0.414728  
0.329999  0.145439  0.93271  
0.213102  0.290333  0.932896  
0.512343  0.406484  0.756489  
0.399574  0.617141  0.677848  
0.590455  1.04212e-46  0.807071  
0.437052  0.801838  0.407481  
