1  0  
6.12323e-17  1  
0.707106  0.707107  
0.838222  0.545329  
0.545328  0.838223  
0.896901  0.442231  
0.442229  0.896902  
0.928673  0.3709  
0.370899  0.928673  
0.769619  0.638504  
0.638505  0.769618  
0.318737  0.947843  
0.947841  0.318744  
0.960285  0.27902  
0.279015  0.960287  
0.60016  0.79988  
0.799878  0.600162  
0.509121  0.860695  
0.8607  0.509112  
0.737671  0.67516  
0.675159  0.737672  
0.968806  0.247821  
0.247821  0.968806  
0.974886  0.222706  
0.222705  0.974886  
0.486117  0.873894  
0.873892  0.486119  
0.816048  0.577983  
0.577987  0.816046  
0.907181  0.42074  
0.420739  0.907182  
0.202062  0.979373  
0.979373  0.202061  
0.982771  0.184828  
0.184826  0.982771  
0.752757  0.658298  
0.658296  0.752759  
0.621799  0.783177  
0.783176  0.621801  
0.69166  0.722224  
0.722221  0.691662  
0.882009  0.471232  
0.471221  0.882015  
0.913892  0.405958  
0.405959  0.913891  
0.985404  0.170233  
0.17022  0.985406  
0.357115  0.93406  
0.934064  0.357106  
0.531618  0.846984  
0.846983  0.53162  
0.564913  0.82515  
0.825151  0.564913  
0.157701  0.987487  
0.987492  0.157672  
0.146844  0.98916  
0.989165  0.146806  
0.918393  0.39567  
0.395667  0.918394  
0.347097  0.937829  
0.937834  0.347083  
0.461471  0.887155  
0.887146  0.461489  
0.137343  0.990524  
0.990535  0.137259  
0.612439  0.790518  
0.790522  0.612434  
0.309386  0.950936  
0.950938  0.309381  
0.590876  0.806762  
0.806765  0.590872  
0.760572  0.649254  
0.649257  0.760569  
0.523158  0.852236  
0.852233  0.523162  
0.128989  0.991646  
0.991658  0.128898  
0.500789  0.86557  
0.865565  0.500797  
0.729738  0.683727  
0.683721  0.729744  
0.744841  0.667242  
0.667248  0.744835  
0.557122  0.83043  
0.83043  0.557123  
0.714624  0.699509  
0.699506  0.714627  
0.631062  0.775732  
0.775731  0.631064  
0.12155  0.992585  
0.992592  0.121493  
0.339756  0.940514  
0.940518  0.339743  
0.388459  0.921466  
0.921468  0.388455  
0.953212  0.302302  
0.302322  0.953206  
0.435322  0.900275  
0.900275  0.435322  
0.962186  0.272395  
