0.577352  0.577352  0.577347  
0.577352  0.577352  0.577347  
4.32978e-17  4.32978e-17  1  
0.707116  0.707109  0  
0.430898  0.430898  0.792877  
0.342446  0.342446  0.874907  
0.626582  0.626581  0.463456  
0.508279  0.508279  0.695202  
0.283232  0.283232  0.916275  
0.652324  0.652324  0.385936  
0.240921  0.240921  0.940167  
0.667517  0.667517  0.329911  
0.541042  0.541042  0.643854  
0.473128  0.473128  0.743169  
0.397221  0.397221  0.827304  
0.209233  0.209233  0.955219  
0.677224  0.677224  0.287639  
0.597112  0.597112  0.535643  
0.18467  0.18467  0.965295  
0.683807  0.683807  0.254588  
0.37687  0.37687  0.846131  
0.557295  0.557295  0.615504  
0.165121  0.165121  0.972353  
0.323367  0.323367  0.889307  
0.454321  0.454321  0.76628  
0.688455  0.688455  0.228168  
0.608317  0.608317  0.509805  
0.635231  0.635231  0.439277  
0.491319  0.491319  0.719174  
0.524117  0.524117  0.67127  
0.149194  0.149194  0.977488  
0.691863  0.691863  0.206523  
0.416987  0.416987  0.807616  
0.135983  0.135983  0.981334  
0.310669  0.310669  0.898315  
0.694423  0.694423  0.188557  
0.364272  0.364272  0.857096  
0.271374  0.271374  0.923424  
0.585437  0.585437  0.560828  
0.615025  0.615025  0.493447  
0.640776  0.640777  0.422861  
0.56599  0.56599  0.599425  
0.124813  0.124813  0.984299  
0.656737  0.656737  0.370665  
0.696395  0.696395  0.173399  
0.444004  0.444004  0.778281  
0.115316  0.115316  0.986613  
0.697955  0.697955  0.160369  
0.532084  0.532084  0.658615  
0.548401  0.548401  0.631279  
0.482601  0.482601  0.730885  
0.464466  0.464466  0.754018  
0.302119  0.302119  0.904128  
0.26295  0.26295  0.928286  
0.499864  0.499864  0.707299  
0.107143  0.107143  0.988454  
0.516003  0.516003  0.683726  
0.408893  0.408893  0.815851  
0.389242  0.389242  0.834854  
0.699198  0.699198  0.149144  
0.644414  0.644414  0.411656  
0.356362  0.356362  0.86372  
0.233059  0.233059  0.944122  
0.659775  0.659775  0.359715  
0.619169  0.619169  0.482969  
0.670007  0.670007  0.319656  
0.100029  0.100029  0.989944  
0.590118  0.590118  0.550927  
0.700209  0.700209  0.139336  
0.601432  0.601432  0.52589  
0.335862  0.335862  0.879997  
0.570822  0.570822  0.59019  
0.0937352  0.0937352  0.991175  
0.701039  0.701039  0.130723  
0.256913  0.256913  0.931661  
0.42497  0.42497  0.799251  
0.296224  0.296224  0.908022  
0.22721  0.22721  0.946969  
0.438266  0.438266  0.784758  
0.629536  0.629536  0.455377  
0.661907  0.661907  0.351793  
0.0881854  0.0881854  0.992193  
0.646857  0.646857  0.40392  
0.203767  0.203767  0.957579  
0.671821  0.67182  0.311953  
0.701732  0.701732  0.123068  
0.678738  0.678738  0.28041  
0.351305  0.351305  0.867853  
0.552373  0.552373  0.624314  
0.0832504  0.0832504  0.993045  
0.561091  0.561091  0.608567  
0.384416  0.384416  0.839315  
0.702313  0.702313  0.116243  
0.536244  0.536244  0.651831  
0.621806  0.621806  0.476145  
0.37209  0.37209  0.850352  
0.404133  0.404133  0.820581  
0.580683  0.580683  0.570626  
0.459811  0.459811  0.759703  
0.449683  0.449683  0.771732  
