0.57735  0.57735  0.57735  
0.57735  0.57735  0.57735  
4.32978e-17  4.32978e-17  1  
0.707107  0.707107  0  
0.430896  0.430896  0.792879  
0.342435  0.342435  0.874915  
0.62658  0.62658  0.46346  
0.508278  0.508278  0.695203  
0.283231  0.283231  0.916276  
0.652316  0.652316  0.385965  
0.240911  0.240911  0.940172  
0.667508  0.667508  0.329947  
0.541041  0.541041  0.643855  
0.473131  0.473131  0.743165  
0.397225  0.397225  0.8273  
0.209231  0.209231  0.95522  
0.677223  0.677223  0.28764  
0.597103  0.597103  0.535664  
0.1846  0.1846  0.965321  
0.683806  0.683806  0.254595  
0.376869  0.376869  0.846132  
0.557299  0.557299  0.615497  
0.165069  0.165069  0.97237  
0.32337  0.32337  0.889306  
0.454322  0.454322  0.766279  
0.68846  0.68846  0.228133  
0.608318  0.608318  0.509803  
0.635227  0.635227  0.439287  
0.491314  0.491314  0.719181  
0.524117  0.524117  0.67127  
0.149085  0.149085  0.977521  
0.69186  0.69186  0.206541  
0.416978  0.416978  0.807626  
0.1358  0.1358  0.981385  
0.310667  0.310667  0.898316  
0.694416  0.694416  0.188605  
0.36427  0.36427  0.857097  
0.271383  0.271383  0.923419  
0.585431  0.585431  0.56084  
0.640753  0.640753  0.422931  
0.615025  0.615025  0.493446  
0.565988  0.565988  0.599429  
0.124564  0.124564  0.984362  
0.656722  0.656722  0.370717  
0.696392  0.696392  0.173428  
0.444004  0.444004  0.778281  
0.115054  0.115054  0.986674  
0.697947  0.697947  0.16044  
0.532088  0.532088  0.658608  
0.548402  0.548402  0.631276  
0.482614  0.482614  0.730867  
0.464459  0.464459  0.754027  
0.302086  0.302086  0.90415  
0.262968  0.262968  0.928276  
0.499871  0.499871  0.707289  
0.106917  0.106917  0.988503  
0.516004  0.516004  0.683725  
0.408881  0.408881  0.815863  
0.389247  0.389247  0.834849  
0.644392  0.644392  0.411725  
0.699192  0.699192  0.149204  
0.35635  0.35635  0.86373  
0.233037  0.233037  0.944133  
0.659759  0.659759  0.359773  
0.619177  0.619177  0.482948  
0.669998  0.669998  0.319696  
0.0998194  0.0998194  0.989986  
0.590114  0.590114  0.550937  
0.700205  0.700205  0.139373  
0.601422  0.601422  0.525911  
0.335855  0.335855  0.880002  
0.570819  0.570819  0.590195  
0.0935373  0.0935373  0.991212  
0.701035  0.701035  0.13077  
0.256948  0.256948  0.931641  
0.424972  0.424972  0.799248  
0.296237  0.296237  0.908013  
0.227119  0.227119  0.947013  
0.438256  0.438256  0.78477  
0.629528  0.629528  0.4554  
0.6619  0.6619  0.351819  
0.0880435  0.0880435  0.992218  
0.646838  0.646838  0.403982  
0.203722  0.203722  0.957599  
0.671809  0.671809  0.312004  
0.701735  0.701735  0.123023  
0.678739  0.678739  0.280402  
0.351336  0.351336  0.867828  
0.552377  0.552377  0.624308  
0.56109  0.56109  0.608569  
0.0826862  0.0826862  0.993139  
0.384425  0.384425  0.839306  
0.536249  0.536249  0.651823  
0.702321  0.702321  0.116147  
0.621792  0.621792  0.476182  
0.372084  0.372084  0.850357  
0.580682  0.580682  0.570628  
0.404132  0.404132  0.820582  
0.459803  0.459803  0.759712  
0.449684  0.449684  0.771731  
