0.57735  0.57735  0.57735  
0.57735  0.57735  0.57735  
4.32978e-17  4.32978e-17  1  
0.707107  0.707107  4.35984e-17  
0.430897  0.430897  0.792878  
0.342444  0.342444  0.874908  
0.626578  0.626578  0.463466  
0.508282  0.508282  0.695196  
0.283237  0.283237  0.916272  
0.652316  0.652316  0.385965  
0.240926  0.240926  0.940165  
0.667506  0.667506  0.329958  
0.541043  0.541043  0.643852  
0.473132  0.473132  0.743164  
0.397229  0.397229  0.827296  
0.209255  0.209255  0.955209  
0.677213  0.677213  0.287689  
0.597103  0.597103  0.535664  
0.184699  0.184699  0.965283  
0.683786  0.683786  0.254705  
0.376877  0.376877  0.846125  
0.557303  0.557303  0.615489  
0.165143  0.165143  0.972345  
0.323373  0.323373  0.889303  
0.454322  0.454322  0.766279  
0.688434  0.688434  0.228295  
0.608313  0.608313  0.509814  
0.635224  0.635224  0.439295  
0.491318  0.491318  0.719175  
0.524123  0.524123  0.67126  
0.149212  0.149212  0.977482  
0.691837  0.691837  0.206693  
0.416984  0.416984  0.807619  
0.136002  0.136002  0.981329  
0.694404  0.694404  0.188696  
0.310671  0.310671  0.898313  
0.364278  0.364278  0.85709  
0.271392  0.271392  0.923414  
0.58543  0.58543  0.560841  
0.64075  0.64075  0.422941  
0.615019  0.615019  0.493461  
0.565987  0.565987  0.599431  
0.124887  0.124887  0.98428  
0.656723  0.656723  0.370716  
0.696382  0.696382  0.173504  
0.443999  0.443999  0.778287  
0.115391  0.115391  0.986595  
0.697941  0.697941  0.160493  
0.532094  0.532094  0.658599  
0.548407  0.548407  0.631269  
0.482618  0.482618  0.730862  
0.46446  0.46446  0.754025  
0.302096  0.302096  0.904144  
0.262973  0.262973  0.928273  
0.499876  0.499876  0.707283  
0.107209  0.107209  0.988439  
0.516008  0.516008  0.683719  
0.408893  0.408893  0.815852  
0.389251  0.389251  0.834846  
0.64439  0.64439  0.411732  
0.699183  0.699183  0.149284  
0.356362  0.356362  0.86372  
0.233078  0.233078  0.944113  
0.659763  0.659763  0.359756  
0.619164  0.619164  0.482982  
0.669992  0.669992  0.319721  
0.100092  0.100092  0.989931  
0.590106  0.590106  0.550955  
0.700195  0.700195  0.139473  
0.601423  0.601423  0.525908  
0.335859  0.335859  0.879999  
0.57082  0.57082  0.590193  
0.0938334  0.0938334  0.991156  
0.701028  0.701028  0.130842  
0.25693  0.25693  0.931651  
0.424976  0.424976  0.799244  
0.296248  0.296248  0.908005  
0.227229  0.227229  0.94696  
0.438261  0.438261  0.784764  
0.629529  0.629529  0.455398  
0.661901  0.661901  0.351814  
0.0882654  0.0882654  0.992179  
0.646841  0.646841  0.403973  
0.203786  0.203786  0.957571  
0.671798  0.671798  0.31205  
0.70172  0.70172  0.123202  
0.678714  0.678714  0.280527  
0.351348  0.351348  0.867818  
0.0833286  0.0833286  0.993032  
0.552378  0.552378  0.624304  
0.561092  0.561092  0.608566  
0.384427  0.384427  0.839305  
0.702306  0.702306  0.116329  
0.621787  0.621787  0.476196  
0.536255  0.536255  0.651813  
0.372102  0.372102  0.850341  
0.404139  0.404139  0.820575  
0.58068  0.58068  0.570632  
0.459809  0.459809  0.759704  
0.449686  0.449686  0.771729  
