1  5.3202e-15  4.42968e-13  
8.27688e-15  1  3.37308e-16  
2.63533e-16  1.03904e-16  1  
0.577226  0.577406  0.577419  
0.682793  0.68272  0.260167  
0.26004  0.682817  0.682744  
0.682919  0.259292  0.682927  
0.673064  0.739584  0  
4.12007e-17  0.672858  0.739771  
0.740417  6.4002e-17  0.672148  
0.788741  0.471301  0.394668  
0.471714  0.394065  0.788796  
0.394122  0.788862  0.471556  
0.559611  0.126746  0.819006  
0.819401  0.558507  0.129046  
0.124586  0.819571  0.559268  
0.492853  0.819864  0.291408  
0.291207  0.492921  0.819895  
0.82023  0.291273  0.492325  
0.517677  0.844812  0.135288  
0.845022  0.135984  0.517152  
0.132841  0.517901  0.845063  
0.861409  0.507912  1.7191e-16  
0.505914  2.16055e-11  0.862584  
0.863407  7.46333e-17  0.504509  
5.28838e-17  0.863657  0.504079  
0.506555  0.862208  3.74149e-17  
3.06461e-17  0.500489  0.865743  
0.343243  0.360191  0.867437  
0.867592  0.343131  0.359923  
0.358329  0.867792  0.344294  
0.885769  0.393711  0.245773  
0.392456  0.244399  0.886706  
0.243567  0.887374  0.391462  
0.6766  0.465344  0.570673  
0.465131  0.676746  0.570673  
0.889532  0.23109  0.394119  
0.39232  0.889515  0.234195  
0.566196  0.467751  0.678699  
0.678749  0.57192  0.460659  
0.233471  0.390864  0.890346  
0.569784  0.679829  0.461712  
0.457186  0.569955  0.68275  
0.900851  0.408774  0.146186  
0.406337  0.146083  0.90197  
0.0425561  0.76569  0.6418  
0.145902  0.902144  0.406015  
0.642701  0.0415113  0.764992  
0.408995  0.903009  0.131517  
0.7645  0.642746  0.049167  
0.903358  0.132991  0.407747  
0.137128  0.404622  0.904144  
0.725947  0.3711  0.579038  
0.580166  0.726427  0.36839  
0.907884  0.415727  0.054026  
0.414479  0.0507883  0.90864  
0.36606  0.580854  0.727055  
0.909415  0.04204  0.41376  
0.0486669  0.909181  0.413547  
0.412511  0.910772  0.0194121  
0.0396412  0.410843  0.910844  
0.277549  0.301609  0.91214  
0.287385  0.912165  0.292173  
0.912122  0.288581  0.291125  
0.601722  0.388716  0.697733  
0.386579  0.696705  0.604284  
0.922296  0.329127  0.202595  
0.318671  0.217805  0.922502  
0.234185  0.595914  0.768143  
0.21061  0.923098  0.321767  
0.696712  0.606094  0.383722  
0.768376  0.234397  0.59553  
0.596667  0.766881  0.236395  
0.320446  0.923939  0.208927  
0.924439  0.19023  0.330492  
0.713282  0.495947  0.495243  
0.493772  0.714236  0.496041  
0.190714  0.324361  0.926667  
0.489278  0.496714  0.716856  
0.929075  0.369891  0  
0.0829214  0.600572  0.795259  
0.507238  0.606611  0.612154  
0.608799  0.609757  0.507503  
0.79352  0.0882134  0.602116  
0.603625  0.792496  0.088009  
0.33738  0.931045  0.139047  
0.00157244  0.603918  0.797045  
0.575489  0.325306  0.750326  
0.338489  0.136185  0.931063  
0.00142337  0.9315  0.363965  
0.608327  0.507208  0.610474  
0.362518  0.000206361  0.931977  
0.413964  0.512962  0.752  
0.751593  0.575479  0.322384  
0.324439  0.750376  0.575913  
0.932583  0  0.360956  
0.752662  0.414294  0.511722  
0.796135  0.0206783  0.604766  
0.605899  0.795481  0.00982039  
0.112311  0.343806  0.932315  
