1  8.18677e-15  2.73877e-15  
2.28168e-15  1  1.06526e-17  
2.45555e-17  5.6093e-17  1  
0.577355  0.577335  0.57736  
0.682768  0.26002  0.682802  
0.259968  0.682806  0.682783  
0.682591  0.682885  0.260263  
0.73951  0.673145  1.70228e-17  
0.672965  2.15842e-17  0.739674  
4.12072e-17  0.672964  0.739675  
0.470689  0.788862  0.395156  
0.789234  0.396674  0.468784  
0.4633  0.401498  0.790033  
0.287372  0.817022  0.499892  
0.81931  0.127622  0.558967  
0.558229  0.819559  0.129246  
0.820349  0.493423  0.289071  
0.107947  0.821024  0.560596  
0.284657  0.49436  0.821327  
0.504455  0.232219  0.831624  
0.844838  0.518102  0.133491  
0.127471  0.518733  0.84538  
0.52145  0.0810119  0.849428  
0.50813  0.86128  8.32651e-10  
0.862167  5.38119e-06  0.506625  
0.86444  0.502736  9.03853e-08  
0.33998  0.866461  0.365593  
0.867797  0.360951  0.341529  
0.337929  0.361249  0.869082  
3.02414e-17  0.49388  0.86953  
0.00123962  0.871979  0.489541  
0.393108  0.884939  0.2497  
0.88623  0.245237  0.393007  
0.390831  0.247197  0.886648  
0.569568  0.465108  0.677692  
0.677017  0.570441  0.465022  
0.465104  0.676675  0.57078  
0.890661  0.390951  0.232121  
0.568536  0.680816  0.461797  
0.459271  0.568852  0.682259  
0.682027  0.457293  0.570722  
0.229794  0.386182  0.893341  
0.448993  9.75882e-05  0.893535  
0.232489  0.893946  0.383157  
0.0152615  0.769931  0.637945  
0.408545  0.900503  0.148948  
0.901458  0.145472  0.40769  
0.764891  0.0432783  0.642704  
0.642503  0.764725  0.0488452  
0.90409  0.406214  0.132706  
0.725672  0.579774  0.370488  
0.139769  0.907388  0.396372  
0.415649  0.907792  0.0561243  
0.908308  0.052934  0.414939  
0.367601  0.579733  0.727172  
0.911007  0.411446  0.0278954  
0.295586  0.911137  0.287155  
0.132515  0.390175  0.911155  
0.911092  0.282711  0.299976  
0.300703  0.28018  0.911634  
0.584274  0.326822  0.74284  
0.00785292  0.406695  0.91353  
0.0516153  0.913687  0.403128  
0.587886  0.000146574  0.808944  
0.36511  0.16436  0.916341  
0.382058  0.732559  0.563373  
0.330056  0.921831  0.203202  
0.922694  0.200982  0.329003  
0.605224  0.697005  0.384562  
0.767398  0.596893  0.234134  
0.698198  0.380956  0.606129  
0.923992  0.317283  0.213473  
0.229206  0.596179  0.769438  
0.37217  0.0837155  0.924382  
0.714066  0.494434  0.495625  
0.225895  0.307393  0.924382  
0.494401  0.494113  0.715136  
0.220023  0.925092  0.309508  
0.375307  0.0029593  0.926896  
0.495698  0.715857  0.491765  
0.370815  0.928707  1.06526e-17  
0.0302116  0.600488  0.799063  
0.611567  0.507039  0.607369  
0.79438  0.601528  0.0844014  
0.507267  0.606427  0.612312  
0.930427  0.0015049  0.366475  
0.607605  0.611088  0.507333  
0.930661  0.336311  0.144104  
0.575534  0.751394  0.322752  
0.296561  0.207352  0.932232  
0.7967  0.60417  0.0157313  
0.151305  0.932705  0.327366  
0.753212  0.512612  0.412189  
0.752497  0.322088  0.574463  
0.405671  0.514402  0.755528  
0.617317  0.399567  0.677692  
0.00685702  0.935375  0.35359  
0.260891  0.937046  0.232121  
0.602879  0.797833  5.44264e-17  
0.154104  0.327407  0.932232  
