1  1.675e-15  9.80249e-19  
6.12323e-17  1  5.04749e-21  
6.11615e-17  2.94435e-18  1  
0.577372  0.577348  0.577331  
0.260126  0.682754  0.682774  
0.682783  0.682755  0.260102  
0.682785  0.260047  0.682774  
4.12086e-17  0.672987  0.739654  
0.673071  0.739578  1.02619e-30  
0.672987  3.74965e-44  0.739654  
0.394551  0.788717  0.471439  
0.788774  0.394722  0.471201  
0.401729  0.46264  0.790303  
0.816852  0.499793  0.288028  
0.819213  0.127906  0.559044  
0.127335  0.819302  0.559044  
0.492678  0.819934  0.291508  
0.821398  0.560264  0.106814  
0.494172  0.284006  0.821666  
0.233116  0.504403  0.831405  
0.51784  0.844665  0.135586  
0.518375  0.127397  0.845611  
0.0817658  0.521915  0.84907  
0.861928  6.96403e-06  0.50703  
0.000186325  0.862355  0.506304  
0.504085  0.863654  1.06319e-41  
0.866435  0.364633  0.341077  
0.359974  0.867546  0.343194  
0.362742  0.337353  0.868684  
0.494353  1.64716e-148  0.869261  
0.870779  0.491674  2.90008e-32  
0.885481  0.249224  0.392186  
0.247395  0.39077  0.88662  
0.243723  0.886784  0.3927  
0.570091  0.464689  0.67754  
0.465405  0.676541  0.570692  
0.676943  0.570014  0.465652  
0.392952  0.889322  0.23387  
0.568502  0.680402  0.462448  
0.680586  0.46148  0.569068  
0.459581  0.568509  0.682336  
2.76357e-17  0.451326  0.892359  
0.893031  0.384396  0.233957  
0.386218  0.230496  0.893145  
0.769532  0.638227  0.0220577  
0.900768  0.149741  0.407671  
0.145301  0.901504  0.40765  
0.764802  0.0472376  0.642531  
0.0436139  0.765017  0.642531  
0.406934  0.903339  0.135584  
0.578755  0.369543  0.726967  
0.906404  0.398324  0.140606  
0.399882  0.133812  0.906746  
0.579983  0.726137  0.369255  
0.907872  0.0578352  0.415239  
0.0517971  0.908524  0.41461  
0.41349  0.909459  0.0437008  
0.910164  0.283676  0.301877  
0.279344  0.911317  0.302437  
0.279579  0.301911  0.91142  
0.32717  0.58438  0.742603  
0.406794  0.0458264  0.91237  
0.91298  0.404701  0.0518043  
0.166358  0.3668  0.915305  
0.00771946  0.588822  0.808226  
0.733354  0.561818  0.382822  
0.386261  0.696613  0.604593  
0.922093  0.202598  0.329695  
0.315752  0.922085  0.22374  
0.08935  0.374221  0.923025  
0.201643  0.922795  0.328314  
0.69717  0.384571  0.605028  
0.596204  0.767778  0.234645  
0.310304  0.224443  0.923762  
0.596804  0.227269  0.769528  
0.924265  0.307494  0.226234  
0.494486  0.493612  0.715424  
0.493936  0.71452  0.495489  
0.011751  0.377096  0.926099  
0.600683  0.0618866  0.797089  
0.716615  0.490949  0.495411  
0.928912  0.00218133  0.370293  
0.336059  0.9293  0.153184  
0.602824  0.79308  0.0873319  
0.000274246  0.930121  0.367253  
0.50666  0.606388  0.612853  
0.611146  0.50701  0.607817  
0.329887  0.155023  0.931205  
0.210987  0.297283  0.931186  
0.93126  0.328783  0.157024  
0.608064  0.609242  0.509002  
0.324748  0.750571  0.575484  
0.750854  0.323198  0.575988  
0.605151  0.795873  0.0194309  
0.36156  0.932349  0.000335699  
0.512726  0.751345  0.415542  
0.932838  0.360294  0.00139989  
0.358608  9.1777e-10  0.933488  
0.513294  0.405645  0.756295  
0.799293  0.000410948  0.600941  
