1  5.7046e-17  4.75716e-17  
6.12323e-17  1  0  
1.21609e-17  6.00126e-17  1  
0.577355  0.577354  0.577342  
0.682765  0.26012  0.682767  
0.682768  0.682766  0.260112  
0.260014  0.682779  0.682793  
0.739681  4.28256e-17  0.672957  
0.673725  0.738982  8.69724e-18  
4.52983e-17  0.739777  0.672852  
0.394532  0.471495  0.788694  
0.788853  0.470812  0.395029  
0.462811  0.790258  0.40162  
0.499541  0.288221  0.816938  
0.128024  0.558894  0.819297  
0.819505  0.558485  0.128474  
0.820049  0.290666  0.492983  
0.560479  0.109082  0.820954  
0.284212  0.821434  0.494438  
0.505117  0.831017  0.232955  
0.844766  0.135299  0.51775  
0.128768  0.845311  0.518525  
0.522412  0.849206  0.0770423  
0.861694  0.507429  1.26662e-06  
1.53383e-12  0.50739  0.861717  
0.864026  5.00248e-17  0.503447  
0.365261  0.340898  0.866241  
0.867522  0.343006  0.360211  
0.337803  0.868841  0.361944  
5.32124e-17  0.869025  0.494769  
0.491395  2.84688e-17  0.870937  
0.250561  0.391464  0.885424  
0.885906  0.393236  0.246039  
0.390562  0.886435  0.248383  
0.57012  0.677423  0.464824  
0.676714  0.465212  0.570645  
0.465743  0.570044  0.676855  
0.889662  0.23229  0.393119  
0.461332  0.681453  0.56815  
0.680102  0.569057  0.462207  
0.568801  0.460454  0.681504  
0.230802  0.892963  0.386456  
0.384339  0.233532  0.893166  
0.448344  0.893861  0.000187666  
0.638254  0.0147006  0.769686  
0.151107  0.407369  0.900676  
0.900962  0.408435  0.146451  
0.0478526  0.642361  0.764907  
0.764675  0.64262  0.0480742  
0.90359  0.133265  0.407144  
0.725479  0.370976  0.579704  
0.367297  0.727339  0.579716  
0.135755  0.90606  0.400782  
0.397505  0.14012  0.906838  
0.0579032  0.415248  0.907864  
0.908032  0.415395  0.0540827  
0.909688  0.0415975  0.413204  
0.284421  0.30105  0.910205  
0.910807  0.302787  0.280626  
0.300636  0.911286  0.281381  
0.585248  0.741585  0.327928  
0.0474682  0.912292  0.40678  
0.404268  0.0502912  0.913257  
0.588557  0.808455  0.000136222  
0.364214  0.915935  0.168684  
0.56419  0.375564  0.735283  
0.203581  0.329166  0.922065  
0.922335  0.222284  0.316051  
0.387936  0.586376  0.711104  
0.922398  0.328564  0.203047  
0.696823  0.605433  0.384563  
0.768057  0.23388  0.596145  
0.223315  0.923899  0.31071  
0.22856  0.769227  0.596699  
0.308395  0.224881  0.924295  
0.37152  0.92477  0.0822963  
0.495217  0.715211  0.493187  
0.714093  0.494094  0.495926  
0.492915  0.495968  0.714878  
0.375547  0.926762  0.00874541  
0.0741878  0.796431  0.600161  
1.08831e-07  0.372349  0.928093  
0.929219  0.36953  4.04635e-05  
0.793711  0.0826732  0.602651  
0.000110319  0.797997  0.602661  
0.929807  0.148007  0.336976  
0.507342  0.611584  0.607099  
0.606812  0.507737  0.611541  
0.610491  0.607826  0.507788  
0.153387  0.930836  0.331689  
0.295571  0.931355  0.21264  
0.328873  0.155278  0.931521  
0.751103  0.575699  0.323133  
0.796115  0.0136689  0.604992  
0.752528  0.413921  0.512221  
0.32063  0.576218  0.751777  
4.04902e-12  0.933162  0.359457  
0.933162  0.000388677  0.359458  
0.406709  0.755431  0.513724  
0.357209  0.000938826  0.934024  
