1  3.94388e-62  4.75535e-14  
6.12323e-17  1  1.55737e-14  
5.59613e-17  2.48541e-17  1  
0.57737  0.577381  0.577299  
0.259973  0.68281  0.682777  
0.682812  0.259968  0.682777  
0.682759  0.682772  0.26012  
0.739661  0.672979  1.18683e-18  
4.11983e-17  0.672819  0.739807  
0.73855  2.69381e-87  0.674205  
0.395418  0.788917  0.470377  
0.462202  0.401316  0.790768  
0.790176  0.399107  0.465121  
0.499729  0.817085  0.287478  
0.128177  0.819268  0.558902  
0.560601  0.820986  0.108205  
0.821777  0.495378  0.281573  
0.274399  0.496391  0.823591  
0.553398  0.124295  0.823591  
0.829673  0.233245  0.507311  
0.845485  0.519297  0.124441  
0.115545  0.519362  0.846707  
0.849865  0.0479747  0.524813  
5.27689e-17  0.861782  0.50728  
0.505102  2.53497e-10  0.863163  
0.361945  0.867222  0.341937  
0.869628  0.362976  0.33467  
0.339226  0.361115  0.86875  
0.491862  0.870673  9.31381e-12  
0.872473  0.488662  0.000151143  
5.47915e-11  0.480403  0.877048  
0.246955  0.885781  0.392944  
0.569717  0.464627  0.677897  
0.677293  0.570041  0.46511  
0.465252  0.676674  0.57066  
0.460706  0.568022  0.681983  
0.568407  0.680755  0.462046  
0.678961  0.462716  0.570005  
0.382979  0.893337  0.23511  
0.891879  0.196718  0.407256  
0.894893  0.384284  0.22692  
0.402538  0.178779  0.897776  
0.638553  0.769578  0.000575756  
0.144852  0.901146  0.408599  
0.89867  3.44484e-54  0.438631  
0.219055  0.37008  0.902804  
0.0475445  0.764628  0.642716  
0.643058  0.00400586  0.765807  
0.365849  0.578819  0.728782  
0.72734  0.579456  0.367728  
0.398459  0.906187  0.141614  
0.0520426  0.908201  0.415286  
0.41074  0.0756194  0.908773  
0.907919  0.397581  0.134017  
0.280239  0.910641  0.303642  
0.314383  0.272969  0.909204  
0.403629  0.913469  0.0552068  
0.914838  0.401566  0.0482143  
0.051685  0.395652  0.916945  
0.917021  0.233331  0.323466  
0.562302  0.734573  0.379762  
0.747749  0.311658  0.586458  
0.387128  0.696566  0.604093  
0.200136  0.922226  0.330824  
0.396678  1.12076e-13  0.918208  
0.3075  0.924081  0.226985  
0.0405107  0.597119  0.801129  
0.713766  0.495212  0.495282  
0.77077  0.596835  0.222968  
0.49356  0.493303  0.716275  
0.239788  0.296416  0.924651  
0.491432  0.715306  0.496822  
0.797685  0.599715  0.0662209  
0.927341  0.279949  0.248551  
0.568164  0.336845  0.751176  
0.923467  0.14567  0.357907  
0.000178965  0.929861  0.36791  
0.507197  0.606792  0.612009  
0.930146  1.42356e-31  0.367391  
0.607479  0.611239  0.507311  
0.610499  0.507512  0.608048  
0.324792  0.750296  0.575818  
0.328032  0.931588  0.156655  
0.32165  0.204593  0.924512  
0.363238  0.931696  1.34317e-11  
0.801423  3.22818e-10  0.598205  
0.755368  0.513383  0.407255  
0.68131  0.396658  0.615428  
0.806437  0.591397  1.89078e-11  
0.934225  0.356692  7.15529e-09  
0.403857  0.513327  0.757291  
0.436822  0.802834  0.405763  
0.295277  0.608853  0.736304  
0.229221  0.936489  0.265417  
2.1442e-17  0.350174  0.936686  
0.577432  0.754338  0.312325  
0.337667  0.132825  0.93186  
0.329686  9.31482e-14  0.944513  
0.00213248  0.790848  0.612009  
0.946157  0.228911  0.229648  
