0.577351  0.577351  0.577348  
0.577351  0.577351  0.577348  
2.00307e-16  2.00307e-16  1  
0.707109  0.707114  0  
0.430895  0.430895  0.79288  
0.342442  0.342442  0.874909  
0.626581  0.626581  0.463456  
0.50828  0.50828  0.695199  
0.283239  0.283239  0.91627  
0.652316  0.652316  0.385962  
0.240929  0.240929  0.940163  
0.667509  0.667509  0.329946  
0.541043  0.541043  0.643851  
0.473128  0.473128  0.743169  
0.397226  0.397226  0.827299  
0.209253  0.209253  0.95521  
0.677215  0.677215  0.28768  
0.597106  0.597106  0.535658  
0.184695  0.184695  0.965285  
0.683789  0.683789  0.254684  
0.376874  0.376874  0.846128  
0.5573  0.5573  0.615494  
0.165142  0.165142  0.972346  
0.323373  0.323373  0.889303  
0.454319  0.454319  0.766282  
0.688438  0.688438  0.228268  
0.60831  0.60831  0.509821  
0.635227  0.635227  0.439288  
0.491318  0.491318  0.719175  
0.52412  0.52412  0.671264  
0.14922  0.14922  0.97748  
0.691842  0.691842  0.206663  
0.416982  0.416982  0.807622  
0.13598  0.13598  0.981335  
0.694409  0.694409  0.188658  
0.310676  0.310676  0.89831  
0.364276  0.364276  0.857092  
0.271391  0.271391  0.923414  
0.585433  0.585433  0.560836  
0.615016  0.615016  0.493469  
0.64075  0.64075  0.42294  
0.56599  0.56599  0.599426  
0.124862  0.124862  0.984286  
0.656728  0.656728  0.370699  
0.696385  0.696385  0.173482  
0.444  0.444  0.778285  
0.115381  0.115381  0.986597  
0.697943  0.697943  0.160474  
0.532088  0.532088  0.658608  
0.548407  0.548407  0.631268  
0.482614  0.482614  0.730868  
0.464458  0.464458  0.754027  
0.302099  0.302099  0.904142  
0.262981  0.262981  0.928268  
0.499872  0.499872  0.707288  
0.107197  0.107197  0.988442  
0.516004  0.516004  0.683724  
0.408888  0.408888  0.815856  
0.389249  0.389249  0.834848  
0.699186  0.699186  0.149261  
0.644389  0.644389  0.411735  
0.356363  0.356363  0.863719  
0.233071  0.233071  0.944116  
0.659765  0.659765  0.359749  
0.619165  0.619165  0.482981  
0.669988  0.669988  0.319737  
0.10008  0.10008  0.989933  
0.590112  0.590112  0.550941  
0.700195  0.700195  0.139477  
0.60142  0.60142  0.525916  
0.335857  0.335857  0.88  
0.570821  0.570821  0.590191  
0.0937937  0.0937937  0.991164  
0.701031  0.701031  0.130812  
0.256933  0.256933  0.931649  
0.424973  0.424973  0.799247  
0.296253  0.296253  0.908002  
0.227227  0.227227  0.946961  
0.438263  0.438263  0.784762  
0.629529  0.629529  0.455396  
0.6619  0.6619  0.35182  
0.0882616  0.0882616  0.992179  
0.646836  0.646836  0.403987  
0.203796  0.203796  0.957567  
0.671793  0.671793  0.312073  
0.701726  0.701726  0.123128  
0.678717  0.678717  0.280512  
0.351349  0.351349  0.867818  
0.0833128  0.0833128  0.993035  
0.552378  0.552378  0.624306  
0.561091  0.561091  0.608568  
0.384423  0.384423  0.839308  
0.702308  0.702308  0.116302  
0.621787  0.621787  0.476196  
0.536249  0.536249  0.651823  
0.372098  0.372098  0.850345  
0.580682  0.580682  0.570628  
0.404133  0.404133  0.820581  
0.459808  0.459808  0.759706  
0.449685  0.449685  0.77173  
