0.859433  0.859401  2.61401  
0.859433  0.859401  2.61401  
5.80254e-05  5.86705e-05  5.99988  
1.52675e-19  0.69461  5.12457  
0.76717  2.42195e-17  4.61004  
0.00464159  0.859401  4.30216  
0.857307  0.18665  3.93718  
0.185849  0.113347  5.41865  
0.25141  0.859401  3.8802  
0.25141  0.251396  5.14639  
0.849077  0.654416  3.73215  
0.662841  0.854579  3.66897  
0.248218  0.663336  4.93082  
0.805964  9.1184e-18  4.41474  
1.52675e-19  0.102469  5.81325  
1.52675e-19  0.250195  5.57322  
0.853028  0.678911  3.55152  
0.686166  0.857044  3.49566  
0.251406  0.686656  4.75794  
0.0857984  0.696811  4.96002  
0.688297  0.69442  4.29836  
0.85343  0.700013  3.392  
0.0928787  0.854894  4.14361  
0.706416  0.855834  3.34259  
0.859119  0.0341805  4.26201  
0.697677  0.705721  4.14165  
0.253657  0.70629  4.60931  
0.104995  0.71084  4.80895  
0.854595  0.718647  3.25111  
0.708875  0.713376  3.99913  
0.724707  0.851859  3.20758  
0.251302  0.723817  4.47809  
0.119628  0.723487  4.67963  
0.717816  0.723317  3.85798  
0.639164  0.122793  5.28943  
0.132955  1.35569e-17  5.74075  
0.855773  0.735608  3.12688  
0.73305  0.732001  3.6829  
0.130278  0.736452  4.56038  
0.741245  0.851771  3.08889  
0.133419  0.249599  5.3129  
0.64966  0.25195  5.02722  
0.251349  0.73978  4.36304  
1.52675e-19  0.744887  4.75438  
0.653659  0.132444  5.16822  
0.241525  1.35569e-17  5.57461  
0.251393  0.136575  5.3055  
0.139908  0.856096  4.03204  
0.656751  0.000742297  5.40583  
0.747944  0.242688  4.30782  
0.737893  0.742857  3.57202  
0.856828  0.751276  3.0184  
0.749535  0.747905  3.45667  
0.142777  0.751395  4.4284  
0.756363  0.855834  2.98522  
0.0197955  0.756762  4.65166  
0.858086  0.0852697  4.16042  
0.246189  0.754832  4.26127  
0.669084  0.00777193  5.30734  
0.669084  0.1773  4.96197  
0.083937  0.107866  5.65679  
0.757736  0.75611  3.34822  
0.0910545  0.161885  5.51644  
0.76244  0.243594  4.21316  
0.856828  0.765902  2.925  
0.0345021  0.767984  4.55962  
0.76724  0.14557  4.32157  
0.773472  0.840684  2.89357  
0.677699  0.0258142  5.21995  
0.156045  0.767584  4.29624  
0.250467  0.768589  4.17473  
0.0462798  0.0169815  5.91448  
0.185845  0.19687  5.24552  
0.682213  0.182392  4.85541  
1.52675e-19  0.15482  5.70337  
0.684839  0.0593936  5.10907  
0.77743  0.248964  4.12386  
0.162522  0.0166779  5.65585  
0.768673  0.761991  3.24291  
0.857865  0.780888  2.839  
0.775958  0.158825  4.2432  
0.175962  0.855153  3.95647  
0.692182  0.18478  4.77609  
0.634943  0.778716  4.09556  
0.251441  0.781609  4.10102  
0.784372  0.859401  2.8203  
0.172005  0.781768  4.1832  
0.69159  0.104963  4.95477  
0.107432  0.17933  5.44409  
0.784372  0.765212  3.13524  
0.855429  0.115687  4.08935  
0.779423  0.654335  3.96149  
0.0857984  0.788249  4.352  
0.789081  0.772376  3.06873  
0.652028  0.789071  3.92782  
0.78654  0.183309  4.14885  
1.52675e-19  0.796183  4.45594  
0.703815  0.00777193  5.04644  
0.243987  0.0443607  5.51162  
0.849715  0.797569  2.76042  
