0.57735  0.57735  0.57735  
0.57735  0.57735  0.57735  
4.32978e-17  4.32978e-17  1  
0.707107  0.707107  8.71967e-17  
0.430896  0.430896  0.792879  
0.34244  0.34244  0.874911  
0.626577  0.626577  0.463467  
0.508282  0.508282  0.695197  
0.283237  0.283237  0.916272  
0.652315  0.652315  0.385966  
0.240923  0.240923  0.940166  
0.667509  0.667509  0.329945  
0.541045  0.541045  0.643849  
0.47313  0.47313  0.743166  
0.397227  0.397227  0.827298  
0.209238  0.209238  0.955217  
0.677219  0.677219  0.287662  
0.597103  0.597103  0.535663  
0.184686  0.184686  0.965289  
0.683789  0.683789  0.254685  
0.376874  0.376874  0.846127  
0.557302  0.557302  0.615491  
0.165134  0.165134  0.972349  
0.32337  0.32337  0.889305  
0.454322  0.454322  0.766279  
0.688444  0.688444  0.228234  
0.60831  0.60831  0.509822  
0.635229  0.635229  0.439282  
0.491318  0.491318  0.719175  
0.524122  0.524122  0.671262  
0.149206  0.149206  0.977484  
0.691846  0.691846  0.206635  
0.416985  0.416985  0.807618  
0.136004  0.136004  0.981329  
0.694408  0.694408  0.188664  
0.310668  0.310668  0.898315  
0.364274  0.364274  0.857094  
0.271391  0.271391  0.923414  
0.585429  0.585429  0.560844  
0.615015  0.615015  0.493469  
0.640759  0.640759  0.422912  
0.565991  0.565991  0.599424  
0.124884  0.124884  0.984281  
0.656725  0.656725  0.370707  
0.696385  0.696385  0.17348  
0.444  0.444  0.778286  
0.1154  0.1154  0.986593  
0.697938  0.697938  0.160512  
0.532093  0.532093  0.658599  
0.548406  0.548406  0.63127  
0.482614  0.482614  0.730868  
0.464463  0.464463  0.754022  
0.302092  0.302092  0.904146  
0.262975  0.262975  0.928272  
0.499875  0.499875  0.707284  
0.10721  0.10721  0.988439  
0.516005  0.516005  0.683723  
0.40889  0.40889  0.815854  
0.389248  0.389248  0.834848  
0.699185  0.699185  0.149267  
0.644398  0.644398  0.411708  
0.356361  0.356361  0.863721  
0.233068  0.233068  0.944118  
0.659764  0.659764  0.359754  
0.619162  0.619162  0.482986  
0.669994  0.669994  0.319712  
0.100086  0.100086  0.989932  
0.590106  0.590106  0.550953  
0.700196  0.700196  0.139465  
0.601419  0.601419  0.525918  
0.335859  0.335859  0.879998  
0.57082  0.57082  0.590194  
0.0938309  0.0938309  0.991157  
0.701027  0.701027  0.130857  
0.256947  0.256947  0.931642  
0.424972  0.424972  0.799248  
0.296248  0.296248  0.908006  
0.227228  0.227228  0.946961  
0.438262  0.438262  0.784763  
0.629531  0.629531  0.455392  
0.661901  0.661901  0.351817  
0.0882855  0.0882855  0.992175  
0.646843  0.646843  0.403967  
0.203781  0.203781  0.957573  
0.671802  0.671802  0.312031  
0.70172  0.70172  0.123194  
0.678721  0.678721  0.28049  
0.351351  0.351351  0.867817  
0.0833549  0.0833549  0.993028  
0.552377  0.552377  0.624307  
0.561092  0.561092  0.608565  
0.384423  0.384423  0.839308  
0.702304  0.702304  0.116351  
0.621785  0.621785  0.4762  
0.536249  0.536249  0.651823  
0.372099  0.372099  0.850344  
0.580681  0.580681  0.570631  
0.404129  0.404129  0.820585  
0.459811  0.459811  0.759702  
0.449687  0.449687  0.771728  
