1  3.22686e-42  3.77136e-31  
6.12323e-17  1  9.45447e-75  
3.74717e-17  4.8428e-17  1  
0.577392  0.577396  0.577262  
0.682778  0.260065  0.682774  
0.682794  0.682799  0.259956  
0.259979  0.682783  0.682802  
0.672956  1.05594e-51  0.739683  
2.81265e-12  0.739799  0.672828  
0.672822  0.739805  2.7607e-31  
0.39214  0.47196  0.789608  
0.790245  0.401468  0.462964  
0.402429  0.790471  0.461743  
0.81852  0.501128  0.280883  
0.819487  0.125585  0.559169  
0.129772  0.55778  0.819781  
0.493269  0.289803  0.820262  
0.82137  0.561393  0.100941  
0.494322  0.821751  0.283497  
0.233955  0.831855  0.503272  
0.516482  0.134183  0.845719  
0.518641  0.84528  0.12851  
0.0822314  0.849031  0.521905  
0.000549947  0.506565  0.862202  
0.863022  7.36145e-29  0.505166  
0.506568  3.67662e-05  0.862207  
0.867731  0.366764  0.335452  
0.361369  0.343382  0.866903  
0.362421  0.868962  0.33698  
0.495294  0.868726  2.30659e-14  
0.874118  0.485713  0.000332077  
0.246609  0.392489  0.88608  
0.886106  0.249174  0.390913  
0.247039  0.88696  0.390222  
0.677496  0.570152  0.464678  
0.464535  0.570161  0.677586  
0.565922  0.679383  0.467088  
0.68054  0.457716  0.572155  
0.571576  0.455941  0.682413  
0.458013  0.682646  0.569402  
0.00130425  0.892638  0.450773  
0.387596  0.89264  0.230137  
0.382085  0.235791  0.893551  
0.895753  0.380453  0.229961  
0.770947  0.636807  0.010796  
0.901844  0.147995  0.405925  
0.132087  0.408315  0.903234  
0.766395  0.0444615  0.640829  
9.85652e-11  0.643064  0.765813  
0.578694  0.72527  0.372957  
0.400721  0.906016  0.136224  
0.404614  0.112821  0.90751  
0.000450776  0.415217  0.909729  
0.909626  0.00322358  0.415417  
0.910289  0.390389  0.137732  
0.91137  0.284907  0.297041  
0.577783  0.361705  0.731684  
0.283297  0.91166  0.297689  
0.41018  5.35039e-43  0.912005  
0.33026  0.740637  0.585136  
0.407703  0.912125  0.0424917  
0.287539  0.291164  0.912439  
0.914885  0.400354  0.0519726  
0.166779  0.916001  0.364866  
5.52825e-12  0.808652  0.588525  
0.735117  0.56012  0.381928  
0.384183  0.604094  0.698193  
0.923372  0.198341  0.328934  
0.203379  0.325507  0.923408  
0.0877336  0.923692  0.372957  
0.596646  0.769362  0.228268  
0.717492  0.382065  0.582436  
0.496098  0.495074  0.713294  
0.314931  0.924896  0.213041  
0.492087  0.71556  0.495806  
0.716693  0.487534  0.498661  
0.0108122  0.926507  0.376123  
0.600059  0.228557  0.76661  
0.600332  0.79624  0.0748584  
0.927915  0.305928  0.213042  
0.32718  0.189217  0.925824  
0.6083  0.506223  0.611318  
0.602018  0.798476  0.00318636  
0.50638  0.61259  0.606888  
0.608484  0.609482  0.508211  
0.208364  0.932373  0.295407  
0.323034  0.575815  0.751091  
0.120299  0.338507  0.933336  
0.933557  0.358428  0.000234761  
0.355959  0.934499  0.00200924  
0.51373  0.756218  0.405235  
0.7534  0.314204  0.577637  
0.754333  0.574814  0.317128  
0.798866  0.336456  0.498609  
0.513991  0.414813  0.751386  
0.936289  0.00557129  0.351787  
0.341902  0.102201  0.934301  
0.432012  0.405893  0.805367  
0.731085  4.43427e-05  0.682352  
0.937026  0.250034  0.243854  
