1  1.04636e-15  
1.3935e-15  1  
0.707107  0.707107  
0.838223  0.545328  
0.545335  0.838218  
0.442233  0.8969  
0.896906  0.442222  
0.370892  0.928676  
0.928676  0.370892  
0.769618  0.638504  
0.638507  0.769616  
0.31873  0.947846  
0.947849  0.318718  
0.278997  0.960292  
0.9603  0.27897  
0.600171  0.799872  
0.79989  0.600147  
0.860698  0.509116  
0.509122  0.860694  
0.67516  0.737672  
0.737678  0.675153  
0.247799  0.968811  
0.968819  0.247771  
0.222693  0.974889  
0.974896  0.222662  
0.873897  0.486112  
0.48611  0.873897  
0.577991  0.816043  
0.816063  0.577963  
0.907186  0.42073  
0.420728  0.907187  
0.202029  0.97938  
0.979381  0.202023  
0.184792  0.982778  
0.982787  0.184741  
0.752758  0.658297  
0.658291  0.752763  
0.783186  0.621788  
0.6218  0.783176  
0.72223  0.691653  
0.691656  0.722227  
0.882012  0.471227  
0.471221  0.882015  
0.913894  0.405954  
0.405952  0.913894  
0.170191  0.985411  
0.98542  0.170141  
0.934064  0.357106  
0.357113  0.934061  
0.531615  0.846986  
0.846998  0.531596  
0.564918  0.825147  
0.825169  0.564886  
0.987497  0.157636  
0.15763  0.987498  
0.146788  0.989168  
0.989172  0.146761  
0.395664  0.918395  
0.9184  0.395653  
0.347085  0.937834  
0.937845  0.347054  
0.887164  0.461454  
0.461464  0.887159  
0.990534  0.13727  
0.137256  0.990536  
0.790532  0.612421  
0.612441  0.790516  
0.950944  0.309364  
0.309375  0.95094  
0.806778  0.590855  
0.590875  0.806763  
0.760573  0.649252  
0.649248  0.760577  
0.852245  0.523143  
0.523133  0.852251  
0.991668  0.128822  
0.86557  0.500788  
0.128763  0.991675  
0.500783  0.865573  
0.729743  0.683722  
0.683725  0.729739  
0.667239  0.744843  
0.744843  0.66724  
0.557131  0.830424  
0.830445  0.557101  
0.71463  0.699503  
0.699487  0.714645  
0.631056  0.775737  
0.775762  0.631025  
0.992601  0.121424  
0.121346  0.99261  
0.339763  0.940511  
0.940521  0.339734  
0.388444  0.921472  
0.921473  0.388441  
0.953219  0.30228  
0.302289  0.953216  
0.435321  0.900275  
0.90029  0.435291  
0.272388  0.962188  
