0.577349  0.577349  0.577352  
0.577349  0.577349  0.577352  
4.32978e-17  4.32978e-17  1  
0.707107  0.707107  0  
0.430893  0.430893  0.792882  
0.342441  0.342441  0.87491  
0.626577  0.626577  0.463467  
0.508282  0.508282  0.695197  
0.283232  0.283232  0.916275  
0.652312  0.652312  0.385977  
0.240927  0.240927  0.940164  
0.667501  0.667501  0.329977  
0.541042  0.541042  0.643853  
0.473131  0.473131  0.743165  
0.397227  0.397227  0.827298  
0.209243  0.209243  0.955214  
0.677215  0.677215  0.287678  
0.597101  0.597101  0.535669  
0.18468  0.18468  0.965291  
0.683786  0.683786  0.254702  
0.376872  0.376872  0.846129  
0.557299  0.557299  0.615497  
0.165121  0.165121  0.972353  
0.323368  0.323368  0.889307  
0.454321  0.454321  0.76628  
0.688436  0.688436  0.228281  
0.608306  0.608306  0.509831  
0.635223  0.635223  0.439298  
0.491319  0.491319  0.719174  
0.524121  0.524121  0.671264  
0.1492  0.1492  0.977486  
0.691839  0.691839  0.20668  
0.416981  0.416981  0.807622  
0.13599  0.13599  0.981332  
0.694403  0.694403  0.188702  
0.310675  0.310675  0.898311  
0.364275  0.364275  0.857093  
0.271394  0.271394  0.923412  
0.585431  0.585431  0.560839  
0.615013  0.615013  0.493477  
0.640753  0.640753  0.422932  
0.565989  0.565989  0.599426  
0.124872  0.124872  0.984284  
0.656722  0.656722  0.37072  
0.69638  0.69638  0.173524  
0.443995  0.443995  0.778291  
0.115388  0.115388  0.986596  
0.697933  0.697933  0.160559  
0.532091  0.532091  0.658603  
0.548405  0.548405  0.631272  
0.482619  0.482619  0.730861  
0.464459  0.464459  0.754026  
0.30209  0.30209  0.904148  
0.262983  0.262983  0.928267  
0.499877  0.499877  0.707281  
0.107195  0.107195  0.988443  
0.516005  0.516005  0.683724  
0.408884  0.408884  0.81586  
0.389249  0.389249  0.834847  
0.69918  0.69918  0.149314  
0.644392  0.644392  0.411727  
0.356362  0.356362  0.86372  
0.23306  0.23306  0.944122  
0.659764  0.659764  0.359754  
0.619165  0.619165  0.482979  
0.66999  0.66999  0.319728  
0.100073  0.100073  0.989935  
0.590107  0.590107  0.550951  
0.700186  0.700186  0.139569  
0.601417  0.601417  0.525923  
0.335858  0.335858  0.879999  
0.57082  0.57082  0.590194  
0.0938118  0.0938118  0.99116  
0.701028  0.701028  0.130842  
0.256943  0.256943  0.931644  
0.424971  0.424971  0.799249  
0.296247  0.296247  0.908006  
0.227218  0.227218  0.946966  
0.43826  0.43826  0.784765  
0.629524  0.629524  0.45541  
0.661901  0.661901  0.351816  
0.0882768  0.0882768  0.992177  
0.646838  0.646838  0.403983  
0.203764  0.203764  0.95758  
0.671795  0.671795  0.312063  
0.701719  0.701719  0.123206  
0.67872  0.67872  0.280495  
0.351353  0.351353  0.867815  
0.0833414  0.0833414  0.99303  
0.552376  0.552376  0.624309  
0.561089  0.561089  0.60857  
0.384424  0.384424  0.839307  
0.702301  0.702301  0.116396  
0.536253  0.536253  0.651817  
0.621788  0.621788  0.476192  
0.372098  0.372098  0.850344  
0.404132  0.404132  0.820582  
0.580683  0.580683  0.570626  
0.459811  0.459811  0.759702  
0.449685  0.449685  0.77173  
