0.57735  0.57735  0.577351  
0.57735  0.57735  0.577351  
4.32978e-17  4.32978e-17  1  
0.707107  0.707107  5.44979e-17  
0.430893  0.430893  0.792883  
0.342442  0.342442  0.87491  
0.626581  0.626581  0.463456  
0.508278  0.508278  0.695203  
0.283238  0.283238  0.916271  
0.652317  0.652317  0.38596  
0.240928  0.240928  0.940163  
0.667509  0.667509  0.329946  
0.541042  0.541042  0.643854  
0.473126  0.473126  0.743171  
0.397226  0.397226  0.827298  
0.20926  0.20926  0.955207  
0.677218  0.677218  0.287664  
0.597103  0.597103  0.535665  
0.184708  0.184708  0.96528  
0.683796  0.683796  0.254647  
0.376875  0.376875  0.846127  
0.557299  0.557299  0.615497  
0.165151  0.165151  0.972343  
0.323373  0.323373  0.889303  
0.454319  0.454319  0.766282  
0.688443  0.688443  0.22824  
0.608309  0.608309  0.509825  
0.63523  0.63523  0.439279  
0.491312  0.491312  0.719183  
0.524116  0.524116  0.671271  
0.149226  0.149226  0.977478  
0.691848  0.691848  0.206622  
0.416978  0.416978  0.807626  
0.136017  0.136017  0.981325  
0.694408  0.694408  0.188664  
0.310671  0.310671  0.898314  
0.364273  0.364273  0.857094  
0.27139  0.27139  0.923415  
0.585428  0.585428  0.560845  
0.615017  0.615017  0.493464  
0.640758  0.640758  0.422918  
0.565988  0.565988  0.59943  
0.124873  0.124873  0.984283  
0.656725  0.656725  0.370709  
0.696384  0.696384  0.173487  
0.443999  0.443999  0.778287  
0.115392  0.115392  0.986595  
0.697938  0.697938  0.160515  
0.532089  0.532089  0.658606  
0.548404  0.548404  0.631273  
0.482614  0.482614  0.730867  
0.464459  0.464459  0.754026  
0.302097  0.302097  0.904143  
0.26298  0.26298  0.928269  
0.49987  0.49987  0.707291  
0.107207  0.107207  0.98844  
0.516002  0.516002  0.683728  
0.408887  0.408887  0.815857  
0.389253  0.389253  0.834844  
0.699182  0.699182  0.149299  
0.644397  0.644397  0.411711  
0.356361  0.356361  0.863721  
0.233082  0.233082  0.944111  
0.659767  0.659767  0.359744  
0.61917  0.61917  0.482968  
0.669991  0.669991  0.319723  
0.100086  0.100086  0.989932  
0.590113  0.590113  0.550939  
0.700191  0.700191  0.139514  
0.601419  0.601419  0.525918  
0.33586  0.33586  0.879998  
0.570824  0.570824  0.590187  
0.0938232  0.0938232  0.991158  
0.701023  0.701023  0.130896  
0.256952  0.256952  0.931639  
0.42497  0.42497  0.79925  
0.296247  0.296247  0.908007  
0.227246  0.227246  0.946952  
0.438258  0.438258  0.784767  
0.629531  0.629531  0.45539  
0.661901  0.661901  0.351814  
0.0882773  0.0882773  0.992177  
0.646847  0.646847  0.403952  
0.203802  0.203802  0.957564  
0.671796  0.671796  0.312059  
0.701715  0.701715  0.123257  
0.678723  0.678723  0.280483  
0.351342  0.351342  0.867823  
0.0833323  0.0833323  0.993031  
0.552376  0.552376  0.624309  
0.56109  0.56109  0.608569  
0.384426  0.384426  0.839305  
0.702299  0.702299  0.116417  
0.536248  0.536248  0.651826  
0.621789  0.621789  0.476191  
0.372098  0.372098  0.850345  
0.404133  0.404133  0.820581  
0.580676  0.580676  0.57064  
0.45981  0.45981  0.759704  
0.449681  0.449681  0.771734  
