0.577351  0.577351  0.57735  
0.577351  0.577351  0.57735  
4.32978e-17  4.32978e-17  1  
0.707107  0.707107  8.71967e-17  
0.430897  0.430897  0.792879  
0.342443  0.342443  0.874909  
0.626579  0.626579  0.463464  
0.508281  0.508281  0.695198  
0.283236  0.283236  0.916272  
0.652313  0.652313  0.385973  
0.240913  0.240913  0.940171  
0.667506  0.667506  0.329956  
0.541044  0.541044  0.64385  
0.473137  0.473137  0.743157  
0.397228  0.397228  0.827297  
0.209241  0.209241  0.955216  
0.677215  0.677215  0.287678  
0.597103  0.597103  0.535664  
0.18469  0.18469  0.965287  
0.683791  0.683791  0.254676  
0.376878  0.376878  0.846124  
0.557302  0.557302  0.615491  
0.165126  0.165126  0.972351  
0.323366  0.323366  0.889308  
0.454325  0.454325  0.766275  
0.688439  0.688439  0.228261  
0.608308  0.608308  0.509826  
0.635224  0.635224  0.439296  
0.491322  0.491322  0.71917  
0.524118  0.524118  0.671268  
0.149199  0.149199  0.977486  
0.691843  0.691843  0.206656  
0.416981  0.416981  0.807622  
0.135983  0.135983  0.981334  
0.694406  0.694406  0.18868  
0.310666  0.310666  0.898317  
0.36427  0.36427  0.857097  
0.271386  0.271386  0.923417  
0.585428  0.585428  0.560846  
0.640751  0.640751  0.422938  
0.615017  0.615017  0.493465  
0.565992  0.565992  0.599421  
0.12486  0.12486  0.984286  
0.656723  0.656723  0.370715  
0.696384  0.696384  0.173491  
0.444008  0.444008  0.778276  
0.115379  0.115379  0.986598  
0.697939  0.697939  0.160506  
0.53209  0.53209  0.658606  
0.548406  0.548406  0.63127  
0.482617  0.482617  0.730864  
0.464469  0.464469  0.754015  
0.302085  0.302085  0.904151  
0.262966  0.262966  0.928277  
0.499869  0.499869  0.707292  
0.10719  0.10719  0.988443  
0.516006  0.516006  0.683721  
0.40889  0.40889  0.815854  
0.389253  0.389253  0.834844  
0.699182  0.699182  0.149297  
0.644393  0.644393  0.411723  
0.356351  0.356351  0.863729  
0.233061  0.233061  0.944122  
0.659764  0.659764  0.359754  
0.619169  0.619169  0.482969  
0.669988  0.669988  0.319736  
0.100061  0.100061  0.989937  
0.590109  0.590109  0.550948  
0.700192  0.700192  0.139505  
0.601421  0.601421  0.525913  
0.335858  0.335858  0.879999  
0.570824  0.570824  0.590187  
0.0938046  0.0938046  0.991162  
0.701023  0.701023  0.130891  
0.256942  0.256942  0.931645  
0.42497  0.42497  0.79925  
0.296244  0.296244  0.908008  
0.2272  0.2272  0.946975  
0.43826  0.43826  0.784765  
0.629529  0.629529  0.455398  
0.661903  0.661903  0.351807  
0.0882721  0.0882721  0.992177  
0.646842  0.646842  0.40397  
0.203784  0.203784  0.957572  
0.671798  0.671798  0.31205  
0.701715  0.701715  0.123253  
0.678718  0.678718  0.280504  
0.35134  0.35134  0.867825  
0.0833374  0.0833374  0.993031  
0.552377  0.552377  0.624306  
0.561097  0.561097  0.608557  
0.384425  0.384425  0.839307  
0.702298  0.702298  0.11642  
0.536248  0.536248  0.651825  
0.621792  0.621792  0.476182  
0.372101  0.372101  0.850342  
0.404138  0.404138  0.820576  
0.58068  0.58068  0.570632  
0.459822  0.459822  0.759689  
0.449682  0.449682  0.771734  
