0.577353  0.577353  0.577345  
0.577353  0.577353  0.577345  
4.32978e-17  4.32978e-17  1  
0.707107  0.707107  3.82987e-17  
0.430895  0.430895  0.792881  
0.342438  0.342438  0.874913  
0.626582  0.626582  0.463456  
0.508284  0.508284  0.695194  
0.283228  0.283228  0.916277  
0.652316  0.652316  0.385965  
0.24092  0.24092  0.940168  
0.667506  0.667506  0.329956  
0.541043  0.541043  0.643852  
0.47313  0.47313  0.743167  
0.397229  0.397229  0.827295  
0.20925  0.20925  0.955212  
0.677214  0.677214  0.287686  
0.597107  0.597107  0.535656  
0.184688  0.184688  0.965288  
0.683795  0.683795  0.254652  
0.37686  0.37686  0.84614  
0.557308  0.557308  0.61548  
0.165101  0.165101  0.97236  
0.323366  0.323366  0.889308  
0.45432  0.45432  0.766281  
0.688443  0.688443  0.228241  
0.60831  0.60831  0.509821  
0.635227  0.635227  0.439288  
0.491317  0.491317  0.719176  
0.524114  0.524114  0.671274  
0.149178  0.149178  0.977493  
0.691848  0.691848  0.206621  
0.416979  0.416979  0.807624  
0.13598  0.13598  0.981335  
0.694409  0.694409  0.188659  
0.31067  0.31067  0.898314  
0.364261  0.364261  0.857105  
0.271377  0.271377  0.923422  
0.585436  0.585436  0.56083  
0.615023  0.615023  0.493451  
0.640772  0.640772  0.422875  
0.565996  0.565996  0.599413  
0.124829  0.124829  0.984294  
0.656725  0.656725  0.370708  
0.696384  0.696384  0.173493  
0.443997  0.443997  0.778289  
0.115354  0.115354  0.986604  
0.697938  0.697938  0.160512  
0.53209  0.53209  0.658604  
0.548411  0.548411  0.631261  
0.482612  0.482612  0.73087  
0.464471  0.464471  0.754011  
0.302091  0.302091  0.904147  
0.499874  0.499874  0.707285  
0.262962  0.262962  0.928279  
0.107182  0.107182  0.988445  
0.516003  0.516003  0.683726  
0.408893  0.408893  0.815851  
0.389246  0.389246  0.83485  
0.699184  0.699184  0.149275  
0.644407  0.644407  0.411678  
0.35635  0.35635  0.86373  
0.23307  0.23307  0.944117  
0.659771  0.659771  0.359728  
0.619171  0.619171  0.482964  
0.669995  0.669995  0.319708  
0.100058  0.100058  0.989938  
0.590112  0.590112  0.55094  
0.700195  0.700195  0.139474  
0.601428  0.601428  0.525898  
0.335854  0.335854  0.880003  
0.570829  0.570829  0.590177  
0.0937885  0.0937885  0.991165  
0.701027  0.701027  0.13085  
0.256939  0.256939  0.931646  
0.424971  0.424971  0.799249  
0.296244  0.296244  0.908008  
0.227228  0.227228  0.946961  
0.438263  0.438263  0.784761  
0.629535  0.629535  0.45538  
0.661909  0.661909  0.351785  
0.0881949  0.0881949  0.992191  
0.646854  0.646854  0.403931  
0.203769  0.203769  0.957578  
0.671794  0.671794  0.312065  
0.701726  0.701726  0.123136  
0.678731  0.678731  0.280444  
0.351333  0.351333  0.86783  
0.552379  0.552379  0.624304  
0.0832196  0.0832196  0.99305  
0.561098  0.561098  0.608554  
0.38441  0.38441  0.83932  
0.702312  0.702312  0.116252  
0.536255  0.536255  0.651814  
0.621787  0.621787  0.476196  
0.372086  0.372086  0.850356  
0.580683  0.580683  0.570627  
0.404152  0.404152  0.820562  
0.459806  0.459806  0.759708  
0.449681  0.449681  0.771735  
