1  2.37872e-13  
6.12323e-17  1  
0.707106  0.707107  
0.545327  0.838223  
0.838227  0.545322  
0.896905  0.442223  
0.442233  0.8969  
0.928674  0.370898  
0.370893  0.928676  
0.769622  0.6385  
0.638502  0.76962  
0.947844  0.318735  
0.318731  0.947845  
0.960288  0.279009  
0.278991  0.960294  
0.600159  0.799881  
0.799884  0.600155  
0.860697  0.509117  
0.509107  0.860703  
0.675157  0.737674  
0.737676  0.675154  
0.96881  0.247806  
0.247803  0.96881  
0.222689  0.97489  
0.974895  0.222666  
0.873896  0.486113  
0.486105  0.8739  
0.577985  0.816047  
0.816055  0.577975  
0.420723  0.907189  
0.90718  0.420742  
0.202057  0.979374  
0.97938  0.202027  
0.184826  0.982771  
0.982775  0.184804  
0.658298  0.752758  
0.752757  0.658299  
0.78318  0.621796  
0.621802  0.783175  
0.691658  0.722225  
0.722219  0.691664  
0.882017  0.471218  
0.471214  0.882019  
0.91389  0.405961  
0.40594  0.9139  
0.170208  0.985408  
0.98541  0.1702  
0.35711  0.934062  
0.934059  0.357119  
0.531612  0.846988  
0.846987  0.531614  
0.825153  0.564909  
0.564901  0.825159  
0.987492  0.157669  
0.157647  0.987496  
0.989162  0.146828  
0.146802  0.989166  
0.39565  0.918401  
0.918407  0.395637  
0.937829  0.347099  
0.347059  0.937843  
0.887158  0.461466  
0.461439  0.887172  
0.990524  0.137343  
0.137251  0.990536  
0.612444  0.790514  
0.790518  0.612439  
0.309378  0.950939  
0.950941  0.309373  
0.806764  0.590873  
0.59087  0.806767  
0.760573  0.649252  
0.649254  0.760572  
0.52314  0.852246  
0.852241  0.523149  
0.991651  0.128954  
0.128893  0.991658  
0.500781  0.865574  
0.865567  0.500793  
0.729734  0.683731  
0.683732  0.729733  
0.744838  0.667245  
0.66725  0.744834  
0.830438  0.557111  
0.557105  0.830442  
0.714621  0.699512  
0.699503  0.71463  
0.775735  0.631059  
0.631054  0.775739  
0.992592  0.121492  
0.121447  0.992598  
0.940512  0.339759  
0.339723  0.940525  
0.388443  0.921473  
0.921475  0.388437  
0.302304  0.953212  
0.953213  0.302299  
0.435323  0.900274  
0.900276  0.43532  
0.962191  0.272377  
