1  9.69129e-17  1.26463e-16  
6.12323e-17  1  0  
3.30747e-17  5.15312e-17  1  
0.577355  0.577357  0.57734  
0.682785  0.682786  0.260014  
0.259967  0.682839  0.682752  
0.683173  0.257941  0.683185  
0.739625  0.673019  1.67398e-17  
4.1201e-17  0.672863  0.739767  
0.741622  0  0.670818  
0.471846  0.394169  0.788665  
0.394746  0.788768  0.471191  
0.790766  0.404696  0.45925  
0.559477  0.125482  0.819292  
0.128672  0.81937  0.558638  
0.558826  0.819438  0.127417  
0.291473  0.492777  0.819886  
0.822833  0.493981  0.280942  
0.831931  0.234904  0.502703  
0.136187  0.517665  0.844675  
0.845728  0.519164  0.123348  
0.8496  0.0841473  0.520672  
0.409624  0.852789  0.324001  
5.27496e-17  0.861466  0.507815  
0.506398  0.8623  9.33778e-06  
0.504813  2.23473e-20  0.863229  
3.09407e-17  0.505301  0.862944  
0.343034  0.360172  0.867528  
0.868205  0.366167  0.334876  
0.872466  0.488681  0  
0.287474  0.876739  0.385659  
0.391371  0.246063  0.886725  
0.886794  0.250396  0.388455  
0.677854  0.569698  0.464712  
0.46513  0.570665  0.676753  
0.232119  0.393548  0.889517  
0.679972  0.457669  0.572868  
0.564049  0.679466  0.469228  
0.571111  0.461163  0.679088  
0.892497  0.00127816  0.451051  
0.395296  0.892311  0.218052  
0.45617  0.681895  0.571865  
0.896464  0.378085  0.231205  
0.180018  0.895162  0.407814  
0.643013  0.0433116  0.76463  
0.406504  0.147564  0.901654  
0.642876  0.764487  0.0477423  
0.048669  0.764735  0.642505  
0.135184  0.407034  0.903354  
0.410361  0.903918  0.120569  
0.728317  0.578782  0.367281  
0.370689  0.579596  0.725713  
0.301285  0.907341  0.293234  
0.413549  0.0536796  0.908898  
0.0838756  0.909213  0.40781  
0.0281843  0.414713  0.909516  
0.906745  0.398441  0.138203  
0.414058  0.909904  0.0250954  
0.302515  0.279681  0.911188  
0.910797  0.2835  0.300128  
0.743658  0.328571  0.58225  
0.562829  0.73274  0.382518  
0.913666  0.403686  0.052482  
0.915086  0.167941  0.366625  
0.808914  0.0028841  0.587921  
5.61984e-17  0.91779  0.397188  
0.222243  0.316183  0.9223  
0.328923  0.200595  0.922806  
0.2349  0.596165  0.76773  
0.92356  0.0817835  0.374632  
0.591666  0.38496  0.708334  
0.714056  0.493056  0.497011  
0.22561  0.919781  0.321291  
0.380676  0.698206  0.606295  
0.316483  0.923458  0.217775  
0.488318  0.778464  0.394458  
0.49532  0.494281  0.714384  
0.799483  0.597392  0.0630276  
0.927148  0.00816416  0.374607  
0.0882918  0.602372  0.793318  
0.366005  2.48055e-20  0.930613  
0.152857  0.33741  0.928864  
0.341237  0.929868  0.138628  
0.508555  0.610554  0.607122  
0.928357  0.32968  0.171685  
0.608034  0.609628  0.508915  
0.930821  0.215589  0.295222  
0.610317  0.504168  0.611007  
0.414923  0.511911  0.752188  
0.32064  0.752154  0.575721  
0.0149646  0.605744  0.795519  
0.577009  0.317812  0.752367  
0.0852748  0.347654  0.933799  
0.488153  0.711109  0.505996  
0.577052  0.753839  0.314226  
2.18285e-17  0.356486  0.934307  
0.349406  0.935855  0.0458289  
0.756263  0.51477  0.403829  
0.6797  0.39388  0.618769  
0.808641  0.588308  1.26463e-16  
