1  6.653e-14  2.95584e-14  
2.05963e-15  1  2.03485e-15  
2.70405e-16  4.26885e-16  1  
0.577055  0.577508  0.577488  
0.682722  0.682748  0.260279  
0.682865  0.259567  0.682877  
0.259798  0.682775  0.682879  
0.739463  0.673197  6.33161e-17  
4.12e-17  0.672847  0.739782  
0.740211  0  0.672374  
0.47131  0.394596  0.788771  
0.470584  0.788882  0.395242  
0.790121  0.463276  0.401354  
0.283908  0.817783  0.500627  
0.55934  0.126442  0.819238  
0.558723  0.819302  0.128736  
0.291151  0.492543  0.820142  
0.821537  0.284783  0.493938  
0.102111  0.821874  0.560443  
0.831334  0.504732  0.232656  
0.135469  0.517434  0.844932  
0.845474  0.12996  0.517962  
0.848885  0.522283  0.0813298  
0.507534  0.861632  0.000183235  
0.50577  1.05803e-19  0.862668  
2.47167e-08  0.511645  0.859197  
0.339615  0.86621  0.366527  
0.341406  0.360303  0.868115  
0.867966  2.95825e-18  0.496623  
0.868904  0.338461  0.361179  
1.95986e-07  0.873572  0.486696  
0.391001  0.885538  0.25088  
0.392051  0.245797  0.886499  
0.886687  0.390214  0.248031  
0.677111  0.465037  0.570317  
0.570655  0.676697  0.465225  
0.464898  0.570725  0.676862  
0.225468  0.400567  0.888093  
0.681034  0.568168  0.461928  
0.460969  0.681082  0.568888  
0.568681  0.461747  0.680729  
0.892061  0.230455  0.388738  
0.892194  0.451652  1.89661e-07  
0.232829  0.895516  0.379264  
0.0102789  0.77134  0.63634  
0.407114  0.147076  0.901458  
0.406748  0.900677  0.152763  
0.642555  0.0406909  0.765158  
0.642522  0.76476  0.0480311  
0.120959  0.409798  0.904121  
0.72678  0.370137  0.57861  
0.905468  0.135284  0.402276  
0.36969  0.579634  0.726192  
0.414341  0.908198  0.0591462  
9.48732e-05  0.418058  0.90842  
0.414058  0.0548905  0.908594  
0.13352  0.909447  0.3938  
0.295752  0.910697  0.288379  
0.742755  0.584597  0.326438  
0.911727  0.042773  0.408564  
0.912021  0.295522  0.284401  
0.264418  0.314723  0.91161  
0.915331  0.366815  0.166179  
0.808238  0.588841  0.00417523  
0.0287086  0.91614  0.39983  
0.379148  0.734489  0.562825  
0.604748  0.696524  0.38618  
0.327649  0.922555  0.203811  
0.923037  0.37426  0.0890607  
0.233877  0.595563  0.768509  
0.329501  0.196018  0.923583  
0.599414  0.385374  0.701562  
0.76903  0.229843  0.596461  
0.9241  0.21855  0.313488  
0.188248  0.334956  0.923237  
0.715057  0.493892  0.494737  
0.493324  0.495908  0.714638  
0.926021  0.37721  0.0140276  
0.496987  0.715441  0.491069  
0.795936  0.0769066  0.600476  
0.187275  0.927896  0.322394  
0.371063  0.928606  0.00187448  
0.368205  1.472e-10  0.929745  
0.798095  0.00262134  0.602526  
0.930437  0.296888  0.214813  
0.507524  0.611079  0.607455  
0.61167  0.606522  0.507929  
0.607627  0.508223  0.610326  
0.931053  0.148841  0.333148  
0.575326  0.750945  0.324162  
0.0872825  0.604841  0.791548  
0.575642  0.32106  0.752035  
0.415214  0.512002  0.751965  
0.933861  3.91946e-10  0.357637  
0.755075  0.40796  0.513255  
0.677256  0.618855  0.397924  
0.0252062  0.350396  0.936262  
0.109682  0.936309  0.33361  
0.243487  0.936511  0.252311  
0.408346  0.429798  0.805312  
