0.8594  2.307  
3.60618e-05  3.99996  
0.251408  3.57319  
0.660941  3.37471  
0.684639  3.19995  
0.0911876  3.83974  
0.705031  3.04557  
0.72321  2.90937  
0.739795  2.78974  
0.138811  3.72713  
0.755164  2.68551  
0.769578  2.59564  
0.174937  3.65066  
0.783198  2.51942  
0.796139  2.45614  
0.0387055  3.94749  
0.808462  2.40519  
0.204546  3.60381  
0.820173  2.36596  
0.0571789  3.91348  
0.105386  3.80632  
0.831216  2.33773  
0.6356  3.54785  
0.149894  3.70208  
0.115253  3.78276  
0.228393  3.58078  
0.0683387  3.89063  
0.638979  3.52588  
0.0178757  3.97913  
0.663835  3.35388  
0.641869  3.50678  
0.185613  3.63172  
0.666355  3.33561  
0.841361  2.31968  
0.687033  3.1819  
0.157801  3.68495  
0.122207  3.76616  
0.644349  3.49019  
0.668561  3.3195  
0.707155  3.0295  
0.689139  3.16599  
0.0755846  3.87501  
0.725195  2.89476  
0.64649  3.47571  
0.709032  3.01533  
0.67049  3.30535  
0.690993  3.15197  
0.741719  2.7763  
0.726949  2.8819  
0.215758  3.59117  
0.648339  3.46309  
0.710693  3.0028  
0.757099  2.67296  
0.672183  3.29289  
0.692631  3.13956  
0.026513  3.96693  
0.0454221  3.93572  
0.743419  2.7645  
0.127128  3.75447  
0.192899  3.62007  
0.771558  2.584  
0.163355  3.67337  
0.728496  2.87061  
0.712163  2.99174  
0.649941  3.45209  
0.673669  3.28191  
0.694076  3.12861  
0.785288  2.50856  
0.758781  2.66216  
0.0804413  3.86425  
0.74491  2.75422  
0.798402  2.44608  
0.0954507  3.8298  
0.729873  2.8606  
0.773275  2.57405  
0.713462  2.98198  
0.695355  3.11891  
0.674973  3.27224  
0.651328  3.4425  
0.760254  2.6528  
0.8501  2.31039  
0.00860547  3.9907  
0.810974  2.39599  
0.787071  2.49949  
0.746218  2.74526  
0.731085  2.85182  
0.714613  2.97334  
0.69649  3.11031  
0.67612  3.26372  
0.774761  2.56556  
0.652539  3.43409  
0.130614  3.74624  
0.823045  2.35778  
0.800296  2.43789  
0.761535  2.64473  
0.747365  2.73745  
0.167191  3.66562  
0.142169  3.71943  
0.732144  2.84418  
0.049566  3.92811  
