1  3.03914e-17  
6.12323e-17  1  
0.707105  0.707109  
0.838228  0.54532  
0.545342  0.838214  
0.44223  0.896902  
0.896906  0.442222  
0.370897  0.928674  
0.92867  0.370906  
0.76962  0.638502  
0.63851  0.769614  
0.947843  0.318739  
0.318744  0.947841  
0.960285  0.279021  
0.279019  0.960286  
0.799881  0.600159  
0.600166  0.799875  
0.509132  0.860688  
0.8607  0.509113  
0.67516  0.737671  
0.737681  0.67515  
0.247821  0.968806  
0.968814  0.24779  
0.222711  0.974885  
0.974897  0.222657  
0.486123  0.873891  
0.873901  0.486103  
0.81605  0.577981  
0.577989  0.816045  
0.420736  0.907183  
0.907183  0.420737  
0.202061  0.979373  
0.979383  0.202012  
0.184822  0.982772  
0.982776  0.184799  
0.752765  0.65829  
0.658312  0.752746  
0.783175  0.621802  
0.621794  0.783181  
0.722227  0.691656  
0.691668  0.722216  
0.471228  0.882012  
0.882022  0.471208  
0.405949  0.913896  
0.913893  0.405955  
0.170211  0.985408  
0.985408  0.170206  
0.934056  0.357126  
0.3571  0.934066  
0.531628  0.846978  
0.846999  0.531595  
0.825154  0.564907  
0.564922  0.825145  
0.987489  0.15769  
0.157612  0.987501  
0.989169  0.146781  
0.146767  0.989171  
0.91839  0.395675  
0.395663  0.918396  
0.937827  0.347104  
0.347083  0.937834  
0.461472  0.887155  
0.88716  0.461462  
0.137292  0.990531  
0.990528  0.137313  
0.612439  0.790518  
0.79053  0.612423  
0.950937  0.309383  
0.309368  0.950942  
0.59088  0.806759  
0.806766  0.590872  
0.760579  0.649245  
0.649274  0.760554  
0.523167  0.85223  
0.852247  0.523139  
0.128936  0.991653  
0.991665  0.128844  
0.865573  0.500783  
0.500793  0.865567  
0.72974  0.683724  
0.68374  0.729726  
0.744849  0.667233  
0.667261  0.744824  
0.830433  0.557118  
0.557135  0.830422  
0.714623  0.69951  
0.699513  0.71462  
0.63106  0.775734  
0.775736  0.631058  
0.121519  0.992589  
0.992599  0.121437  
0.94051  0.339765  
0.339755  0.940514  
0.388454  0.921468  
0.921466  0.388458  
0.953214  0.302296  
0.302301  0.953213  
0.435315  0.900278  
0.900283  0.435306  
0.2724  0.962184  
