1  2.81912e-17  5.20687e-18  
6.12323e-17  1  0  
1.05636e-17  6.03143e-17  1  
0.577334  0.577369  0.577348  
0.260104  0.68277  0.682768  
0.682775  0.260081  0.682771  
0.682773  0.682784  0.260054  
4.12063e-17  0.67295  0.739688  
0.739676  1.95465e-17  0.672963  
0.739688  0.672951  1.01043e-18  
0.471504  0.788697  0.394514  
0.471365  0.39453  0.788772  
0.790256  0.401723  0.462725  
0.288331  0.81685  0.499622  
0.558907  0.819236  0.128358  
0.558923  0.128188  0.819251  
0.291259  0.492831  0.81993  
0.109099  0.820896  0.56056  
0.821455  0.494418  0.284187  
0.831378  0.233139  0.504437  
0.135775  0.517657  0.844746  
0.845395  0.518183  0.129592  
0.849017  0.0820908  0.521949  
0.507479  0.861664  5.05981e-18  
0.507249  1.49643e-07  0.8618  
3.08897e-17  0.504467  0.863431  
0.340676  0.86613  0.365731  
0.343354  0.359981  0.86748  
0.868563  0.495579  0.000109727  
0.868642  0.363036  0.337144  
5.33262e-17  0.870883  0.49149  
0.392427  0.884937  0.250772  
0.393129  0.245853  0.886006  
0.886174  0.249256  0.390599  
0.677433  0.464805  0.570124  
0.465257  0.570667  0.676665  
0.570821  0.676578  0.465194  
0.232599  0.393507  0.88941  
0.68158  0.567937  0.461407  
0.56895  0.462014  0.680323  
0.46202  0.680784  0.568393  
0.89216  6.84755e-06  0.451719  
0.892532  0.388118  0.229675  
0.233437  0.893071  0.384618  
0.0133844  0.769537  0.638462  
0.407887  0.900433  0.15116  
0.407931  0.146907  0.901116  
0.642603  0.764692  0.048046  
0.642609  0.0448303  0.764882  
0.135629  0.407579  0.903042  
0.370739  0.579685  0.725616  
0.905828  0.401398  0.135479  
0.727282  0.57972  0.367404  
0.139721  0.906605  0.398177  
0.415262  0.907801  0.0587684  
0.415177  0.0538451  0.908146  
0.0448366  0.413696  0.90931  
0.301452  0.909977  0.284725  
0.302897  0.280466  0.910819  
0.911083  0.281815  0.300846  
0.74282  0.32686  0.584278  
0.912051  0.407321  0.0474699  
0.0518808  0.912883  0.404911  
0.915125  0.167598  0.366685  
0.808166  0.00800075  0.5889  
0.379173  0.733763  0.563755  
0.604235  0.696558  0.38692  
0.328988  0.921792  0.205099  
0.22363  0.31599  0.92203  
0.330024  0.200571  0.922418  
0.60432  0.384685  0.697722  
0.922839  0.0901812  0.37448  
0.23489  0.59616  0.767737  
0.923546  0.311961  0.223033  
0.769212  0.596639  0.228768  
0.224903  0.924058  0.309089  
0.715371  0.492962  0.495209  
0.49388  0.495962  0.714216  
0.925865  0.015456  0.377537  
0.496866  0.714668  0.492315  
0.795998  0.600451  0.0764604  
0.373122  0.927782  1.75275e-06  
0.152442  0.336677  0.929199  
0.369328  0  0.929299  
0.798097  0.602501  0.00581314  
0.0880072  0.602654  0.793135  
0.61175  0.60673  0.507583  
0.607696  0.5077  0.610693  
0.50779  0.611215  0.607096  
0.930751  0.331991  0.153244  
0.930752  0.21267  0.297444  
0.156037  0.931206  0.329404  
0.575136  0.750801  0.324833  
0.575876  0.322518  0.751232  
2.21885e-17  0.362366  0.932036  
0.0197601  0.605221  0.795812  
0.41439  0.512145  0.752322  
0.933252  0.359223  0.000666479  
0.755201  0.513851  0.406974  
4.92868e-10  0.934477  0.356024  
