1  3.66388e-13  1.79819e-25  
6.12323e-17  1  5.05542e-84  
4.83095e-17  3.76244e-17  1  
0.577324  0.577357  0.57737  
0.682788  0.682752  0.260097  
0.259937  0.682773  0.682827  
0.682824  0.259804  0.682828  
0.673147  0.739509  2.46517e-28  
4.52986e-17  0.739783  0.672846  
0.73994  1.45138e-17  0.672673  
0.471425  0.394583  0.78871  
0.788189  0.472157  0.39475  
0.463602  0.790008  0.401198  
0.28804  0.499725  0.816889  
0.559157  0.12707  0.819266  
0.820404  0.558016  0.124725  
0.108209  0.560649  0.820953  
0.821382  0.286728  0.493071  
0.284378  0.823615  0.491193  
0.506537  0.831462  0.228235  
0.845362  0.131018  0.517877  
0.110363  0.847467  0.519385  
0.520444  0.851705  0.0614343  
0.506135  2.2994e-17  0.862454  
0.862629  0.505848  1.91071e-17  
0.34074  0.365765  0.86609  
0.866969  2.30141e-16  0.498373  
0.866924  0.345088  0.359666  
2.83759e-05  0.490582  0.871395  
0.329053  0.870672  0.365603  
6.23106e-07  0.880503  0.474042  
0.391309  0.25062  0.885476  
0.392113  0.884877  0.251527  
0.887638  0.393412  0.239433  
0.465184  0.676709  0.570674  
0.57079  0.465305  0.676528  
0.677486  0.570059  0.464808  
0.56893  0.680286  0.462093  
0.891842  0.230658  0.389127  
0.462281  0.567754  0.681141  
0.681168  0.460731  0.568979  
0.234186  0.383381  0.893407  
1.40343e-10  0.638083  0.769968  
0.438755  0.89861  8.40215e-07  
0.407  0.151623  0.900756  
0.223496  0.901556  0.370558  
0.902737  0.407247  0.139633  
0.642784  0.0314498  0.765401  
0.766161  0.641276  0.042001  
0.367843  0.728642  0.57773  
0.905218  0.137711  0.402024  
0.140779  0.396046  0.907375  
0.728791  0.368114  0.57737  
0.414758  0.0482391  0.908652  
0.909211  0.414116  0.0429378  
0.298776  0.286344  0.910352  
0.911869  2.66255e-05  0.410488  
0.913093  0.284945  0.291662  
0.126363  0.913181  0.387598  
0.0318661  0.404412  0.914022  
0.303186  0.915848  0.263919  
0.595154  0.710001  0.376418  
0.372002  0.565739  0.735903  
0.0329662  0.920295  0.390593  
0.355828  0.920423  0.179024  
0.60391  0.386541  0.69705  
0.32727  0.205556  0.922302  
0.70464  0.594361  0.387579  
0.00982825  0.803808  0.59481  
0.591328  0.806431  1.8369e-06  
0.22318  0.307791  0.924909  
0.770361  0.228098  0.595446  
0.493402  0.715544  0.494521  
0.92568  0.326561  0.190995  
0.925914  0.210773  0.31362  
0.496396  0.492377  0.714952  
0.714883  0.494909  0.493981  
0.3624  0.927626  0.090441  
0.225178  0.927  0.300205  
0.796442  0.0523072  0.602452  
0.368546  0.929653  7.63468e-12  
0.607858  0.610501  0.507737  
0.507465  0.607101  0.61148  
0.611643  0.508025  0.606473  
0.365038  0.000111957  0.930993  
0.575661  0.323256  0.751079  
0.60282  0.738393  0.302299  
0.148588  0.328573  0.932717  
0.753164  0.572687  0.323692  
0.93173  0.347105  0.108146  
0.297417  0.737385  0.606472  
0.934409  0.356192  0.00277262  
0.748752  0.420453  0.512435  
0.935278  0.0712571  0.346692  
0.262369  0.23302  0.936411  
0.0817723  0.340841  0.936559  
7.80538e-05  0.34916  0.937063  
0.93788  0.00082179  0.346996  
0.802051  0.597277  4.14458e-13  
0.407768  0.751076  0.519389  
