1  2.25693e-17  6.26879e-14  
6.12323e-17  1  0  
4.56047e-17  4.08609e-17  1  
0.577353  0.577339  0.577359  
0.260072  0.682777  0.682773  
0.682785  0.682733  0.260154  
0.682797  0.260019  0.682773  
0.739626  0.673018  5.35683e-18  
4.12056e-17  0.672939  0.739698  
0.739622  1.46692e-17  0.673022  
0.471408  0.788722  0.394578  
0.472615  0.390712  0.789923  
0.790284  0.400963  0.463336  
0.287988  0.816893  0.499749  
0.558595  0.128685  0.819397  
0.558224  0.819514  0.129547  
0.28989  0.49233  0.820716  
0.103731  0.821281  0.561014  
0.821462  0.494022  0.284856  
0.831438  0.232546  0.504612  
0.845277  0.518264  0.130039  
0.131472  0.517666  0.845421  
0.84939  0.0735779  0.522611  
0.508319  0.861169  5.76036e-18  
0.506489  2.87002e-06  0.862247  
0.34073  0.866059  0.365849  
1.80634e-15  0.499826  0.866126  
0.342819  0.359827  0.867755  
0.868016  0.496537  0  
0.869414  0.358816  0.339662  
0.00135355  0.873544  0.486744  
0.392869  0.88477  0.250671  
0.886904  0.245318  0.391433  
0.464492  0.570102  0.677665  
0.677144  0.465113  0.570232  
0.570783  0.67648  0.465383  
0.395268  0.230926  0.889065  
0.233428  0.390503  0.890547  
0.567943  0.46182  0.681296  
0.681925  0.567037  0.462004  
0.458292  0.681818  0.570169  
0.892596  0.38806  0.229527  
0.23502  0.894127  0.381186  
0.894783  0.000876293  0.446501  
0.0143424  0.771417  0.636168  
0.408428  0.900425  0.149741  
0.642273  0.0477145  0.764991  
0.642854  0.764364  0.0498679  
0.137679  0.403621  0.90451  
0.404401  0.135395  0.904526  
0.727686  0.579878  0.366353  
0.369237  0.578834  0.727059  
0.415874  0.907625  0.0571545  
0.907657  0.396858  0.137244  
0.14287  0.908111  0.39361  
0.302006  0.909914  0.284338  
0.411907  0.0357103  0.910526  
0.743445  0.325633  0.584168  
0.911481  0.408469  0.049262  
0.0089026  0.409994  0.912045  
0.304611  0.274269  0.912134  
0.91143  0.279534  0.30192  
0.0558701  0.914462  0.400797  
0.808416  1.60336e-17  0.588616  
0.916784  0.165282  0.363578  
0.377225  0.735407  0.562919  
0.604554  0.696126  0.3872  
0.328356  0.921991  0.205221  
0.231239  0.596132  0.768866  
0.603414  0.383696  0.699058  
0.768731  0.596967  0.229527  
0.9241  0.310867  0.222284  
0.22831  0.306253  0.924167  
0.226742  0.924655  0.305944  
0.925141  0.0831702  0.370483  
0.715615  0.492203  0.495612  
0.493623  0.49508  0.715005  
0.496514  0.71492  0.492304  
0.331433  0.193632  0.923428  
0.795849  0.600819  0.0751025  
0.371565  0.928407  0.000684515  
0.0827254  0.602239  0.794028  
0.797876  0.602804  0.00456683  
0.505699  0.612021  0.608029  
0.607683  0.506765  0.611488  
0.930682  0.00436345  0.365892  
0.156055  0.330066  0.93097  
0.0104264  0.603953  0.796952  
0.574039  0.751493  0.325172  
0.610822  0.605969  0.509606  
0.157913  0.932377  0.325172  
0.576311  0.321455  0.751353  
0.413704  0.511079  0.753424  
0.933104  0.21387  0.289096  
0.933255  0.359212  0.000852293  
0.00102636  0.933269  0.359176  
0.344507  0.0939515  0.934071  
0.756039  0.514119  0.405354  
0.677797  0.398918  0.617621  
0.40767  0.802763  0.435295  
