0.57735  0.57735  0.57735  
0.57735  0.57735  0.57735  
4.32978e-17  4.32978e-17  1  
0.707107  0.707107  0  
0.430897  0.430897  0.792878  
0.342442  0.342442  0.87491  
0.626579  0.626579  0.463463  
0.508281  0.508281  0.695199  
0.283236  0.283236  0.916272  
0.652313  0.652313  0.385972  
0.240927  0.240927  0.940164  
0.667503  0.667503  0.329967  
0.541041  0.541041  0.643855  
0.473129  0.473129  0.743167  
0.397227  0.397227  0.827298  
0.209254  0.209254  0.95521  
0.677213  0.677213  0.287692  
0.597103  0.597103  0.535664  
0.184703  0.184703  0.965282  
0.683784  0.683784  0.254714  
0.376873  0.376873  0.846129  
0.557301  0.557301  0.615493  
0.165136  0.165136  0.972348  
0.323375  0.323375  0.889302  
0.454319  0.454319  0.766282  
0.688438  0.688438  0.228269  
0.608306  0.608306  0.509832  
0.635225  0.635225  0.439292  
0.491317  0.491317  0.719177  
0.524116  0.524116  0.671272  
0.149213  0.149213  0.977482  
0.691844  0.691844  0.20665  
0.416982  0.416982  0.807621  
0.135969  0.135969  0.981338  
0.694407  0.694407  0.188675  
0.310673  0.310673  0.898312  
0.364275  0.364275  0.857092  
0.271391  0.271391  0.923414  
0.585432  0.585432  0.560837  
0.615013  0.615013  0.493475  
0.640751  0.640751  0.422937  
0.565988  0.565988  0.599429  
0.124833  0.124833  0.984293  
0.656721  0.656721  0.370724  
0.696386  0.696386  0.173475  
0.444003  0.444003  0.778282  
0.115359  0.115359  0.986603  
0.697943  0.697943  0.160474  
0.532092  0.532092  0.658601  
0.548404  0.548404  0.631273  
0.482617  0.482617  0.730863  
0.464459  0.464459  0.754027  
0.302094  0.302094  0.904145  
0.262977  0.262977  0.928271  
0.49987  0.49987  0.707291  
0.107173  0.107173  0.988447  
0.516005  0.516005  0.683723  
0.408887  0.408887  0.815857  
0.389254  0.389254  0.834843  
0.64439  0.64439  0.411733  
0.699185  0.699185  0.149267  
0.356362  0.356362  0.86372  
0.233085  0.233085  0.944109  
0.659762  0.659762  0.359762  
0.619167  0.619167  0.482974  
0.669995  0.669995  0.319707  
0.100018  0.100018  0.989946  
0.590111  0.590111  0.550943  
0.700196  0.700196  0.139469  
0.601417  0.601417  0.525923  
0.335856  0.335856  0.880001  
0.570821  0.570821  0.590192  
0.0937822  0.0937822  0.991166  
0.701027  0.701027  0.130849  
0.256942  0.256942  0.931645  
0.424969  0.424969  0.799252  
0.296247  0.296247  0.908006  
0.227239  0.227239  0.946956  
0.438267  0.438267  0.784757  
0.62953  0.62953  0.455394  
0.661901  0.661901  0.351814  
0.0882274  0.0882274  0.992185  
0.646843  0.646843  0.403967  
0.203792  0.203792  0.957569  
0.6718  0.6718  0.31204  
0.701719  0.701719  0.123209  
0.678719  0.678719  0.2805  
0.351348  0.351348  0.867819  
0.552379  0.552379  0.624304  
0.0833147  0.0833147  0.993034  
0.56109  0.56109  0.608569  
0.384425  0.384425  0.839306  
0.702303  0.702303  0.116369  
0.621786  0.621786  0.476199  
0.53625  0.53625  0.651823  
0.372095  0.372095  0.850347  
0.404136  0.404136  0.820578  
0.580686  0.580686  0.57062  
0.45981  0.45981  0.759704  
0.449686  0.449686  0.771729  
