0.499995  4.69673e-06  
3.96849e-06  0.499996  
0.249999  0.250001  
0.374998  0.125002  
0.125  0.375  
0.437496  0.0625038  
0.312497  0.187503  
0.0625019  0.437498  
0.187497  0.312503  
0.218748  0.281252  
0.343748  0.156252  
0.468745  0.031255  
0.156248  0.343752  
0.0937501  0.40625  
0.031252  0.468748  
0.406246  0.0937539  
0.281247  0.218753  
0.328122  0.171878  
0.359373  0.140627  
0.203121  0.296879  
0.484371  0.0156289  
0.171873  0.328127  
0.45312  0.0468797  
0.296871  0.203129  
0.421872  0.0781277  
0.0156278  0.484372  
0.109376  0.390624  
0.140625  0.359375  
0.0468752  0.453125  
0.234371  0.265629  
0.0781239  0.421876  
0.265621  0.234379  
0.390619  0.109381  
0.210934  0.289066  
0.273434  0.226566  
0.398433  0.101567  
0.0546891  0.445311  
0.0859366  0.414063  
0.132812  0.367188  
0.32031  0.17969  
0.35156  0.14844  
0.335935  0.164065  
0.414058  0.0859418  
0.101564  0.398436  
0.242183  0.257817  
0.304683  0.195317  
0.00781594  0.492184  
0.367187  0.132813  
0.429684  0.0703161  
0.0390635  0.460936  
0.148437  0.351563  
0.28906  0.21094  
0.117189  0.382811  
0.0703127  0.429687  
0.195308  0.304692  
0.226561  0.273439  
0.476556  0.0234444  
0.25781  0.24219  
0.164062  0.335938  
0.382809  0.117191  
0.179683  0.320317  
0.0234382  0.476562  
0.492187  0.00781343  
0.460938  0.0390624  
0.445317  0.0546826  
0.441408  0.0585917  
0.246091  0.253909  
0.417965  0.0820349  
0.394527  0.105473  
0.0273454  0.472655  
0.308591  0.191409  
0.36328  0.13672  
0.332029  0.167971  
0.0898429  0.410157  
0.183589  0.316411  
0.136718  0.363282  
0.199215  0.300785  
0.0585959  0.441404  
0.324216  0.175784  
0.050781  0.449219  
0.339841  0.160159  
0.488277  0.0117231  
0.00390968  0.49609  
0.292965  0.207035  
0.0429691  0.457031  
0.0976556  0.402344  
0.128905  0.371095  
0.480461  0.019539  
0.371092  0.128908  
0.300777  0.199223  
0.222654  0.277346  
0.410153  0.0898471  
0.230466  0.269534  
0.355465  0.144535  
0.316402  0.183598  
0.152342  0.347658  
0.191403  0.308597  
0.0195333  0.480467  
0.207026  0.292974  
0.0664079  0.433592  
