0.57735  0.57735  0.57735  
0.57735  0.57735  0.57735  
4.32978e-17  4.32978e-17  1  
0.707111  0.707108  1.48651e-18  
0.430895  0.430895  0.79288  
0.342441  0.342441  0.874911  
0.626583  0.626583  0.463453  
0.508274  0.508274  0.695208  
0.283233  0.283233  0.916274  
0.652318  0.652318  0.385956  
0.240918  0.240918  0.940169  
0.667517  0.667517  0.32991  
0.541039  0.541039  0.643859  
0.473121  0.473121  0.743178  
0.397227  0.397227  0.827298  
0.209224  0.209224  0.955223  
0.677228  0.677228  0.287617  
0.597106  0.597106  0.535657  
0.184633  0.184633  0.965309  
0.683787  0.683787  0.254698  
0.376875  0.376875  0.846126  
0.557296  0.557296  0.615501  
0.165089  0.165089  0.972364  
0.323373  0.323373  0.889303  
0.45431  0.45431  0.766293  
0.688434  0.688434  0.228291  
0.608313  0.608313  0.509814  
0.635225  0.635225  0.439294  
0.491313  0.491313  0.719182  
0.524119  0.524119  0.671266  
0.149167  0.149167  0.977496  
0.691839  0.691839  0.206683  
0.416981  0.416981  0.807622  
0.13593  0.13593  0.981349  
0.694407  0.694407  0.188675  
0.310673  0.310673  0.898312  
0.364264  0.364264  0.857101  
0.271381  0.271381  0.92342  
0.585428  0.585428  0.560847  
0.64075  0.64075  0.42294  
0.615019  0.615019  0.493461  
0.565989  0.565989  0.599428  
0.124822  0.124822  0.984296  
0.656722  0.656722  0.37072  
0.696382  0.696382  0.173503  
0.44399  0.44399  0.778297  
0.115348  0.115348  0.986605  
0.697944  0.697944  0.16046  
0.532088  0.532088  0.658607  
0.548406  0.548406  0.631271  
0.482613  0.482613  0.730869  
0.464444  0.464444  0.754045  
0.302094  0.302094  0.904145  
0.262967  0.262967  0.928276  
0.499874  0.499874  0.707285  
0.107164  0.107164  0.988449  
0.516002  0.516002  0.683728  
0.408887  0.408887  0.815857  
0.389247  0.389247  0.83485  
0.644393  0.644393  0.411723  
0.699187  0.699187  0.149249  
0.356356  0.356356  0.863725  
0.233057  0.233057  0.944123  
0.659762  0.659762  0.359762  
0.619168  0.619168  0.482973  
0.669997  0.669997  0.319701  
0.10003  0.10003  0.989943  
0.590106  0.590106  0.550954  
0.700198  0.700198  0.139452  
0.601422  0.601422  0.525913  
0.335858  0.335858  0.879999  
0.57082  0.57082  0.590195  
0.09377  0.09377  0.991168  
0.701029  0.701029  0.130834  
0.256943  0.256943  0.931644  
0.424974  0.424974  0.799246  
0.296233  0.296233  0.908015  
0.227215  0.227215  0.946967  
0.438254  0.438254  0.784772  
0.62954  0.62954  0.455366  
0.661907  0.661907  0.351792  
0.0882087  0.0882087  0.992189  
0.646842  0.646842  0.40397  
0.203761  0.203761  0.957582  
0.671796  0.671796  0.312056  
0.70172  0.70172  0.123194  
0.678715  0.678715  0.28052  
0.351344  0.351344  0.867822  
0.0832833  0.0832833  0.99304  
0.552377  0.552377  0.624307  
0.561092  0.561092  0.608565  
0.384435  0.384435  0.839297  
0.702313  0.702313  0.116241  
0.536244  0.536244  0.651832  
0.621785  0.621785  0.4762  
0.372102  0.372102  0.850342  
0.580679  0.580679  0.570634  
0.404142  0.404142  0.820573  
0.459799  0.459799  0.759717  
0.44968  0.44968  0.771736  
