1  3.63407e-24  
6.12323e-17  1  
0.707102  0.707111  
0.545329  0.838222  
0.838228  0.54532  
0.442226  0.896904  
0.896903  0.442228  
0.370897  0.928674  
0.928686  0.370867  
0.638503  0.769619  
0.769609  0.638516  
0.318745  0.94784  
0.947856  0.318699  
0.279001  0.960291  
0.960304  0.278957  
0.799881  0.600159  
0.600143  0.799893  
0.509123  0.860694  
0.860697  0.509117  
0.737669  0.675162  
0.675146  0.737684  
0.247802  0.968811  
0.968817  0.247776  
0.222661  0.974896  
0.974896  0.222661  
0.48612  0.873892  
0.873901  0.486103  
0.816045  0.577988  
0.577993  0.816042  
0.907193  0.420715  
0.420711  0.907195  
0.979382  0.202019  
0.201988  0.979388  
0.982777  0.184795  
0.184738  0.982788  
0.75275  0.658306  
0.658288  0.752767  
0.783171  0.621806  
0.621824  0.783157  
0.691648  0.722235  
0.722233  0.69165  
0.47122  0.882016  
0.882018  0.471216  
0.913903  0.405933  
0.405898  0.913919  
0.985409  0.170202  
0.170119  0.985423  
0.357111  0.934062  
0.93408  0.357063  
0.846987  0.531613  
0.531588  0.847003  
0.564917  0.825148  
0.825167  0.564889  
0.987489  0.157687  
0.157605  0.987502  
0.989163  0.146819  
0.146772  0.98917  
0.918402  0.395648  
0.395597  0.918424  
0.937846  0.347051  
0.347064  0.937841  
0.461474  0.887154  
0.887164  0.461455  
0.99053  0.137294  
0.137255  0.990536  
0.790516  0.612442  
0.612466  0.790497  
0.950954  0.309331  
0.30937  0.950942  
0.806763  0.590875  
0.590891  0.806751  
0.760566  0.64926  
0.649244  0.76058  
0.852237  0.523156  
0.523134  0.852251  
0.991659  0.128886  
0.128818  0.991668  
0.50079  0.865569  
0.865581  0.500769  
0.68371  0.729754  
0.729745  0.683719  
0.667226  0.744855  
0.744833  0.667251  
0.557128  0.830427  
0.830444  0.557102  
0.714632  0.699501  
0.699491  0.714642  
0.775724  0.631073  
0.631059  0.775735  
0.992597  0.121457  
0.121289  0.992617  
0.940532  0.339705  
0.339726  0.940525  
0.921475  0.388437  
0.388392  0.921494  
0.953225  0.30226  
0.302273  0.953221  
0.900278  0.435315  
0.435313  0.900279  
0.272373  0.962192  
