0.49999  4.89899e-06  4.94647e-06  
4.38324e-06  0.499991  4.94646e-06  
1.73813e-06  3.31453e-06  0.499995  
0.166669  0.16666  0.166671  
0.257466  0.242534  0  
1.29781e-17  0.233792  0.266208  
0.30548  0  0.19452  
0.145141  0.0151668  0.339693  
0.0258  0.352809  0.121391  
0.359449  0.093097  0.0474541  
0.0118604  0.110406  0.377734  
0.132695  0.367119  0.000185887  
0.195204  0.0587092  0.246086  
0.0695712  0.259937  0.170492  
0.157938  0.275602  0.06646  
0.409802  0.0017579  0.0884397  
0.0799578  0.145067  0.274976  
0.271119  0.147576  0.0813047  
0.0638777  0.0178466  0.418276  
0.0471122  0.420575  0.0323123  
0.240299  0.0861902  0.173511  
0.190567  0.207954  0.101479  
0.0971448  0.192817  0.210038  
0.341672  0.0327639  0.125564  
0.303779  0.17968  0.0165409  
0.00389429  0.295142  0.200964  
0.0127462  0.170892  0.316362  
0.191854  0.308142  4.94646e-06  
0.440919  0.044128  0.0149532  
0.100773  0.287532  0.111695  
0.0906342  0.0837066  0.325659  
0.21437  6.08604e-10  0.28563  
0.140748  0.0842596  0.274993  
0.291784  0.0981224  0.110094  
0.00357918  0.04542  0.451001  
0.25589  0.00705819  0.237052  
0.0841282  0.370172  0.0456999  
0.364584  0.135414  2.05185e-06  
0.141843  0.128672  0.229485  
0.00176515  0.452966  0.0452689  
0.131153  0.237007  0.131839  
0.224122  0.151487  0.124391  
0.0960151  0.0303229  0.373662  
0.210718  0.2332  0.0560819  
0.116438  0.32808  0.0554819  
0.36797  0.0513518  0.0806777  
0.0343952  0.192109  0.273496  
0.187313  0.125707  0.18698  
0.0213248  0.0695927  0.409082  
0.041373  0.130591  0.328036  
0.0317816  0.308844  0.159375  
0.175638  0.0245637  0.299799  
0.21436  0.269673  0.0159671  
0.0593308  0.221676  0.218993  
0.0131843  0.404355  0.0824609  
0.403502  0.0563105  0.0401871  
0.268797  0.0489611  0.182242  
0.32251  0.107857  0.0696326  
0.258606  0.199396  0.0419989  
0.443158  0.00451763  0.0523246  
0.0198778  0.249111  0.231011  
0.0345585  0.465326  0.000115208  
0.156853  0.320174  0.0229735  
0.132392  0.190771  0.176837  
0.386706  0.101675  0.0116194  
0.0466085  0.0773758  0.376016  
0.085283  0.414654  6.26613e-05  
0.233447  0.17786  0.0886929  
0.260612  0.106336  0.133052  
0.139911  0.0532908  0.306799  
0.0980069  0.114107  0.287886  
0.191437  0.0926509  0.215913  
0.224149  0.0199847  0.255867  
0.0645918  0.190734  0.244674  
0.072077  0.294871  0.133052  
0.337596  0.0752662  0.0871383  
0.332187  0.00142496  0.166388  
0.152402  0.243531  0.104068  
0.180825  0.28274  0.0364347  
0.229045  0.0609174  0.210038  
0.00987512  0.0176183  0.472507  
0.0036094  0.205437  0.290953  
0.336571  0.130234  0.0331947  
0.000895469  0.324902  0.174203  
0.279616  0.215595  0.00478875  
0.0454802  0.163566  0.290953  
0.0595151  0.437828  0.00265641  
0.279691  0.170925  0.0493854  
0.044036  0.275416  0.180548  
0.141556  0.154471  0.203972  
0.00768873  0.472499  0.0198121  
1.9496e-17  0.351209  0.148791  
0.0165168  0.131341  0.352142  
0.0413959  0.328052  0.130552  
0.0939465  0.259915  0.146138  
0.0606872  0.364977  0.0743357  
0.3406  0.157152  0.00224777  
0.299043  0.115713  0.0852439  
0.267361  0.122545  0.110094  
0.229284  0.038321  0.232395  
