0.499995  4.57098e-06  
4.61951e-06  0.499995  
0.249999  0.250001  
0.374997  0.125003  
0.125001  0.374999  
0.187499  0.312501  
0.437497  0.0625025  
0.0625015  0.437499  
0.312501  0.187499  
0.281251  0.218749  
0.218748  0.281252  
0.156249  0.343751  
0.406249  0.0937513  
0.468747  0.0312526  
0.0937531  0.406247  
0.0312515  0.468749  
0.343751  0.156249  
0.390622  0.109378  
0.0781265  0.421873  
0.453122  0.0468775  
0.171874  0.328126  
0.328125  0.171875  
0.0468768  0.453123  
0.140625  0.359375  
0.484372  0.0156284  
0.109376  0.390624  
0.265628  0.234372  
0.203125  0.296875  
0.296878  0.203122  
0.234371  0.265629  
0.421875  0.078125  
0.359375  0.140625  
0.0156261  0.484374  
0.242185  0.257815  
0.0859391  0.414061  
0.0234386  0.476561  
0.0703141  0.429686  
0.414063  0.0859372  
0.179686  0.320314  
0.44531  0.0546904  
0.0390636  0.460936  
0.382809  0.117191  
0.195311  0.304689  
0.0546884  0.445312  
0.335937  0.164063  
0.320312  0.179688  
0.148438  0.351562  
0.27344  0.22656  
0.47656  0.0234395  
0.460936  0.0390637  
0.257817  0.242183  
0.492185  0.00781547  
0.351562  0.148438  
0.304689  0.195311  
0.289062  0.210938  
0.210936  0.289064  
0.101566  0.398434  
0.367186  0.132814  
0.16406  0.33594  
0.429687  0.0703129  
0.117187  0.382813  
0.0078146  0.492185  
0.13281  0.36719  
0.39844  0.10156  
0.226556  0.273444  
0.253908  0.246092  
0.230463  0.269537  
0.292971  0.207029  
0.339843  0.160157  
0.0898468  0.410153  
0.449216  0.0507842  
0.121094  0.378906  
0.136719  0.363281  
0.355468  0.144532  
0.45703  0.0429697  
0.441403  0.0585966  
0.378903  0.121097  
0.183592  0.316408  
0.488277  0.0117226  
0.0195319  0.480468  
0.24609  0.25391  
0.214843  0.285157  
0.0429693  0.457031  
0.41797  0.0820305  
0.066407  0.433593  
0.0117199  0.48828  
0.261723  0.238277  
0.0351584  0.464842  
0.277345  0.222655  
0.0742214  0.425779  
0.14453  0.35547  
0.0507816  0.449218  
0.464843  0.0351573  
0.23828  0.26172  
0.394527  0.105473  
0.0820345  0.417965  
0.496091  0.00390907  
0.175782  0.324218  
0.363282  0.136718  
0.00390831  0.496092  
