0.577349  0.577349  0.577353  
0.577349  0.577349  0.577353  
4.32978e-17  4.32978e-17  1  
0.707107  0.70711  4.60466e-17  
0.430893  0.430893  0.792882  
0.342439  0.342439  0.874912  
0.626586  0.626586  0.463445  
0.508284  0.508284  0.695194  
0.283221  0.283221  0.916281  
0.652317  0.652317  0.385959  
0.240913  0.240913  0.940171  
0.66751  0.66751  0.32994  
0.54105  0.54105  0.64384  
0.473129  0.473129  0.743168  
0.397226  0.397226  0.827299  
0.209242  0.209242  0.955215  
0.677226  0.677226  0.287628  
0.597108  0.597108  0.535654  
0.184687  0.184687  0.965288  
0.683797  0.683797  0.254646  
0.376871  0.376871  0.846131  
0.557303  0.557303  0.615488  
0.165062  0.165062  0.972373  
0.323362  0.323362  0.889311  
0.454317  0.454317  0.766284  
0.688444  0.688444  0.228231  
0.608315  0.608315  0.50981  
0.635228  0.635228  0.439285  
0.491318  0.491318  0.719176  
0.524123  0.524123  0.671261  
0.149151  0.149151  0.977501  
0.691845  0.691845  0.20664  
0.41698  0.41698  0.807623  
0.135949  0.135949  0.981344  
0.694408  0.694408  0.188666  
0.310683  0.310683  0.898305  
0.364259  0.364259  0.857106  
0.271365  0.271365  0.923429  
0.585425  0.585425  0.560851  
0.615019  0.615019  0.49346  
0.640762  0.640762  0.422904  
0.565993  0.565993  0.59942  
0.124845  0.124845  0.98429  
0.656725  0.656725  0.370708  
0.696386  0.696386  0.173475  
0.443992  0.443992  0.778294  
0.115362  0.115362  0.986602  
0.69794  0.69794  0.160498  
0.532101  0.532101  0.658586  
0.548411  0.548411  0.631262  
0.482621  0.482621  0.730858  
0.464463  0.464463  0.754021  
0.302095  0.302095  0.904144  
0.262952  0.262952  0.928285  
0.49987  0.49987  0.70729  
0.10709  0.10709  0.988465  
0.516019  0.516019  0.683703  
0.408886  0.408886  0.815858  
0.389243  0.389243  0.834853  
0.699184  0.699184  0.14928  
0.644401  0.644401  0.411698  
0.35635  0.35635  0.86373  
0.23307  0.23307  0.944117  
0.659767  0.659767  0.359745  
0.619168  0.619168  0.482973  
0.669993  0.669993  0.319715  
0.0999421  0.0999421  0.989961  
0.590105  0.590105  0.550956  
0.700194  0.700194  0.139488  
0.601423  0.601423  0.525909  
0.33586  0.33586  0.879998  
0.570822  0.570822  0.59019  
0.0937108  0.0937108  0.991179  
0.701028  0.701028  0.130846  
0.256908  0.256908  0.931663  
0.424966  0.424966  0.799254  
0.296238  0.296238  0.908012  
0.227191  0.227191  0.946979  
0.438267  0.438267  0.784758  
0.62953  0.62953  0.455395  
0.661903  0.661903  0.351807  
0.0881787  0.0881787  0.992194  
0.646842  0.646842  0.403967  
0.20376  0.20376  0.957582  
0.6718  0.6718  0.312042  
0.701717  0.701717  0.123229  
0.67873  0.67873  0.280447  
0.351338  0.351338  0.867826  
0.552383  0.552383  0.624297  
0.0832471  0.0832471  0.993046  
0.561092  0.561092  0.608566  
0.384421  0.384421  0.839309  
0.702301  0.702301  0.116391  
0.621792  0.621792  0.476183  
0.536258  0.536258  0.651808  
0.372103  0.372103  0.85034  
0.580678  0.580678  0.570636  
0.404139  0.404139  0.820575  
0.459811  0.459811  0.759703  
0.44968  0.44968  0.771736  
