0.499996  3.55746e-06  
4.77906e-06  0.499995  
0.250004  0.249996  
0.125006  0.374994  
0.375002  0.124998  
0.0625045  0.437495  
0.187504  0.312496  
0.312498  0.187502  
0.437495  0.0625046  
0.343749  0.156251  
0.0312541  0.468746  
0.0937538  0.406246  
0.468744  0.0312559  
0.281248  0.218752  
0.218748  0.281252  
0.15625  0.34375  
0.406251  0.0937485  
0.234374  0.265626  
0.48437  0.0156296  
0.359375  0.140625  
0.10938  0.39062  
0.328124  0.171876  
0.296873  0.203127  
0.171874  0.328126  
0.0781283  0.421872  
0.0468808  0.453119  
0.453119  0.0468811  
0.0156272  0.484373  
0.140627  0.359373  
0.203127  0.296873  
0.265628  0.234372  
0.421875  0.0781247  
0.390622  0.109378  
0.398437  0.101563  
0.476557  0.023443  
0.0234397  0.47656  
0.492185  0.00781545  
0.0546927  0.445307  
0.0859402  0.41406  
0.304685  0.195315  
0.335937  0.164063  
0.117194  0.382806  
0.164062  0.335938  
0.101568  0.398432  
0.070316  0.429684  
0.414064  0.085936  
0.0390696  0.46093  
0.242193  0.257807  
0.00781558  0.492184  
0.179693  0.320307  
0.132816  0.367184  
0.289059  0.210941  
0.148437  0.351563  
0.320314  0.179686  
0.226558  0.273442  
0.257813  0.242187  
0.382812  0.117188  
0.429684  0.0703157  
0.460927  0.0390727  
0.210935  0.289065  
0.351556  0.148444  
0.273435  0.226565  
0.36718  0.13282  
0.195324  0.304676  
0.445298  0.0547025  
0.371092  0.128908  
0.355467  0.144533  
0.175785  0.324215  
0.464836  0.0351635  
0.0351621  0.464838  
0.230465  0.269535  
0.113287  0.386713  
0.292966  0.207034  
0.402343  0.0976567  
0.308591  0.191409  
0.074223  0.425777  
0.097663  0.402337  
0.238287  0.261713  
0.160155  0.339845  
0.410159  0.0898411  
0.324218  0.175782  
0.417971  0.0820294  
0.222653  0.277347  
0.183597  0.316403  
0.253909  0.246091  
0.0585968  0.441403  
0.300777  0.199223  
0.42578  0.0742196  
0.0429735  0.457027  
0.480461  0.0195393  
0.285155  0.214845  
0.0820319  0.417968  
0.121098  0.378902  
0.332034  0.167966  
0.449216  0.0507839  
0.347652  0.152348  
0.0195371  0.480463  
0.066407  0.433593  
0.496087  0.00391298  
0.152348  0.347652  
