0.499992  3.55037e-06  4.94674e-06  
1.10427e-07  0.499995  4.94674e-06  
3.20326e-07  4.14068e-06  0.499996  
0.166688  0.166598  0.166714  
0.193326  0.306674  0  
3.7699e-18  0.206151  0.293849  
0.19903  0  0.30097  
0.34321  0.149416  0.00744785  
0.0181557  0.348094  0.133751  
0.350832  0  0.149168  
0.0609663  0.0735076  0.365647  
0.0877179  0.391208  0.0210742  
0.0626203  0.246538  0.190841  
0.241049  0.20599  0.0529607  
0.23366  0.065491  0.200864  
0.403459  0.043462  0.053079  
0.0990706  0.121074  0.279932  
0.125613  0.270579  0.103901  
0.27735  0.11416  0.10849  
0.112692  6.4309e-05  0.387244  
0.0110459  0.428406  0.0606233  
0.269795  0  0.230205  
7.57231e-05  0.276355  0.223569  
0.104954  0.179257  0.215789  
1.6361e-07  0.0887701  0.41123  
0.0432535  0.0163343  0.440412  
0.139714  0.0487245  0.311561  
0.00542619  0.148182  0.346392  
0.177004  0.0909357  0.232061  
0.135089  0.316892  0.0480187  
0.176864  0.216786  0.106351  
0.417721  0.0811147  0.00116438  
0.352057  0.0683637  0.0795851  
0.298412  0.049408  0.152189  
0.261533  0.2364  0.00206757  
0.293442  0.154174  0.0524917  
0.0385764  0.377013  0.0844107  
0.0630456  0.299337  0.137618  
0.0465768  0.157422  0.296001  
0.194922  0.259601  0.0454769  
0.0435078  0.449534  0.00695793  
0.229401  0.114572  0.156032  
0.0210518  0.231322  0.247627  
0.298845  0.192259  0.0089012  
0.133446  0.133374  0.233179  
0.422047  2.9969e-06  0.0779497  
0.0857649  0.32704  0.0871973  
0.307762  0.00540852  0.186829  
0.0140493  0.306167  0.179784  
0.149407  0.00738204  0.343339  
0.45502  0.0398096  0.00517062  
0.098743  0.0779712  0.323286  
0.0631394  0.181097  0.255763  
0.200213  0.0439582  0.255828  
0.0734257  0.0277765  0.398798  
0.154247  0.339287  0.00646531  
0.461007  0.00125586  0.0377372  
0.133845  0.219492  0.146667  
0.251668  0.167675  0.0806573  
0.0576244  0.117324  0.325052  
0.200262  0.179465  0.120274  
0.380403  0.102507  0.0170901  
0.00760707  0.0304556  0.461937  
0.307446  0.119565  0.0729889  
0.152277  0.282451  0.0652808  
0.352794  0.0322852  0.114921  
0.0784053  0.264998  0.156597  
0.100891  0.35109  0.0480187  
0.00592313  0.466537  0.0275492  
0.159024  0.062854  0.278122  
0.22737  0.00492337  0.267707  
0.224311  0.273623  0.00206757  
0.00495927  0.396086  0.098955  
0.269234  0.0335048  0.197262  
0.384922  0.00015772  0.114921  
0.263105  0.0826695  0.154226  
0.109152  0.0353243  0.355524  
0.165891  0.135112  0.199007  
0.0151402  0.174583  0.310277  
0.0668776  0.20786  0.225262  
0.127777  0.186463  0.18576  
0.0954933  0.2968  0.107707  
0.0418644  0.0474423  0.410693  
0.147635  0.102992  0.249451  
0.241342  0.140579  0.118078  
0.147968  0.241154  0.110887  
0.0994051  0.149062  0.251532  
0.0602277  0.410509  0.0292637  
0.424586  0.0543745  0.0210393  
0.0849822  0.00126263  0.413755  
0.23552  0.0317418  0.232738  
0.217026  0.195778  0.0871973  
0.168398  0.256373  0.0752285  
0.0725238  0.131475  0.296001  
0.00226313  0.0611054  0.436631  
0.0356083  0.0800592  0.384333  
0.16816  0.311913  0.0199348  
0.338843  0.108106  0.0530595  
0.246399  0.00874105  0.24486  
0.190847  0.233925  0.0752285  
