0.859397  0.859425  2.61401  
0.859397  0.859425  2.61401  
6.25733e-06  4.97295e-05  5.99994  
0.694613  4.95099e-17  5.12454  
2.15101e-17  0.767193  4.60991  
0.859397  0.00463623  4.30217  
0.186628  0.858721  3.93706  
0.113158  0.186055  5.41876  
0.859397  0.251416  3.8802  
0.251432  0.251415  5.14639  
0.654  0.855101  3.73162  
0.855655  0.661008  3.68178  
0.663359  0.250817  4.93052  
5.91697e-18  0.80573  4.41565  
0.102369  4.95099e-17  5.81349  
0.198565  4.95099e-17  5.61178  
0.679065  0.851954  3.55095  
0.859014  0.685421  3.50107  
0.686713  0.251049  4.75751  
0.69692  0.086773  4.95696  
0.693859  0.689141  4.29661  
0.700045  0.854282  3.39138  
0.857964  0.0927843  4.14312  
0.850573  0.706187  3.34688  
0.0337413  0.858631  4.26274  
0.708582  0.249526  4.59213  
0.701102  0.704624  4.12398  
0.715474  0.107514  4.76815  
0.719709  0.844739  3.2507  
0.715474  0.711202  3.96587  
0.857245  0.726926  3.18926  
0.727183  0.250754  4.46218  
0.123014  0.639044  5.28969  
0.251455  0.0601895  5.48079  
5.92756e-18  0.132792  5.74113  
0.734264  0.107022  4.63138  
0.736869  0.84381  3.12688  
0.727363  0.71722  3.83297  
0.244952  0.133607  5.31302  
0.247978  0.649505  5.02846  
0.861285  0.74379  3.06908  
0.13453  0.653079  5.1674  
5.92756e-18  0.235635  5.57681  
5.50548e-05  0.650003  5.45251  
0.745175  0.271731  4.33165  
0.250501  0.746086  4.31938  
0.854177  0.140132  4.03217  
0.135174  0.251415  5.30876  
0.734217  0.73416  3.65911  
0.752702  0.844956  3.01683  
0.733656  4.95099e-17  4.84838  
0.0178924  0.665461  5.32736  
0.143226  0.665461  5.06042  
0.0849862  0.85875  4.16101  
0.852736  0.759815  2.96433  
0.754433  0.164909  4.3605  
0.750195  0.744232  3.48141  
0.255469  0.761345  4.21936  
0.193204  0.668053  4.94283  
0.152159  0.763851  4.32742  
0.1001  0.092561  5.65542  
0.766524  0.853489  2.92233  
0.158132  0.0894688  5.52797  
0.761556  0.251049  4.2178  
0.762582  0.755105  3.32409  
0.190859  0.190842  5.24647  
0.852071  0.774097  2.87846  
0.0167815  0.0465321  5.91429  
6.25733e-06  0.684139  5.2279  
0.204362  0.677347  4.85863  
0.241522  0.776016  4.13309  
0.770792  0.761219  3.23521  
0.778249  0.000684875  4.54546  
0.157189  0.778651  4.2301  
0.781332  0.847171  2.84218  
0.101699  0.688213  4.99185  
0.781162  0.0686524  4.42019  
0.777212  0.251989  4.12501  
0.778249  0.170923  4.22313  
0.85728  0.175705  3.95641  
0.778249  0.767193  3.15599  
0.196357  0.689972  4.77462  
0.179075  0.103256  5.45446  
0.858221  0.788  2.8019  
0.115756  0.853489  4.08994  
0.64505  0.785172  4.02766  
0.126536  0.694586  4.88332  
0.787205  0.641478  4.00968  
5.50548e-05  0.166003  5.66945  
0.251793  0.789394  4.06113  
0.653918  0.786543  3.92664  
0.0836902  0.789986  4.3422  
0.781711  0.77919  3.06817  
0.661119  0.788983  3.86339  
0.797247  0.000509686  4.46371  
0.13453  0.700892  4.81401  
0.796471  0.086773  4.30456  
0.113158  0.0336336  5.74365  
0.797247  0.243657  4.03636  
0.0536439  0.684139  5.15122  
