0.499995  4.7771e-06  
4.14719e-06  0.499996  
0.249999  0.250001  
0.374996  0.125004  
0.125004  0.374996  
0.437496  0.062504  
0.0625026  0.437497  
0.187501  0.312499  
0.312503  0.187497  
0.21875  0.28125  
0.093755  0.406245  
0.156252  0.343748  
0.281245  0.218755  
0.0312574  0.468743  
0.343748  0.156252  
0.468751  0.0312485  
0.406252  0.0937477  
0.390624  0.109376  
0.296873  0.203127  
0.0781284  0.421872  
0.0156331  0.484367  
0.171877  0.328123  
0.140628  0.359372  
0.453128  0.0468717  
0.203124  0.296876  
0.328126  0.171874  
0.0468806  0.453119  
0.234372  0.265628  
0.359375  0.140625  
0.484374  0.0156256  
0.109372  0.390628  
0.421868  0.0781317  
0.265615  0.234385  
0.445313  0.0546872  
0.0078194  0.492181  
0.242185  0.257815  
0.351561  0.148439  
0.429683  0.0703166  
0.39844  0.10156  
0.117185  0.382815  
0.132816  0.367184  
0.164063  0.335937  
0.289062  0.210938  
0.179688  0.320312  
0.0546913  0.445309  
0.335938  0.164062  
0.492186  0.00781441  
0.085946  0.414054  
0.320317  0.179683  
0.0703207  0.429679  
0.101565  0.398435  
0.382816  0.117184  
0.148444  0.351556  
0.210931  0.289069  
0.0234502  0.47655  
0.460944  0.0390557  
0.195308  0.304692  
0.226565  0.273435  
0.476557  0.0234428  
0.0390631  0.460937  
0.36719  0.13281  
0.304699  0.195301  
0.273442  0.226558  
0.414071  0.0859294  
0.257818  0.242182  
0.378905  0.121095  
0.441405  0.0585955  
0.480466  0.0195337  
0.214839  0.285161  
0.199215  0.300785  
0.0664132  0.433587  
0.355468  0.144532  
0.363281  0.136719  
0.144538  0.355462  
0.449219  0.0507808  
0.425775  0.0742253  
0.222657  0.277343  
0.0429694  0.457031  
0.167971  0.332029  
0.12891  0.37109  
0.253912  0.246088  
0.332032  0.167968  
0.347655  0.152345  
0.410165  0.0898352  
0.246094  0.253906  
0.00390963  0.49609  
0.316409  0.183591  
0.113278  0.386722  
0.433589  0.0664112  
0.0117277  0.488272  
0.175783  0.324217  
0.0585974  0.441403  
0.136723  0.363277  
0.0507866  0.449213  
0.339842  0.160158  
0.0195465  0.480454  
0.0976585  0.402342  
0.0273539  0.472646  
0.0742251  0.425775  
0.402349  0.0976506  
