0.8594  0.859398  2.61401  
0.8594  0.859398  2.61401  
5.98322e-05  5.85211e-05  5.99988  
0.694599  9.983e-18  5.12465  
3.89926e-18  0.767144  4.61021  
0.8594  0.00457758  4.30223  
0.186766  0.855085  3.93755  
0.113316  0.185936  5.41858  
0.8594  0.251412  3.8802  
0.251455  0.251412  5.14639  
0.654039  0.853345  3.73206  
0.855577  0.661009  3.6818  
0.663287  0.251318  4.93103  
3.89926e-18  0.805401  4.41695  
0.102353  2.56765e-18  5.81353  
0.198912  9.983e-18  5.61129  
0.678875  0.853761  3.55144  
0.856567  0.684668  3.50705  
0.686637  0.249929  4.75811  
0.692355  0.689974  4.30133  
0.696836  0.0857068  4.96003  
0.700027  0.85333  3.39193  
0.855507  0.092794  4.14361  
0.856987  0.705527  3.34905  
0.0333268  0.858921  4.26339  
0.702442  0.700354  4.14618  
0.706337  0.251371  4.60888  
0.710817  0.105833  4.80712  
0.712329  0.710157  3.99733  
0.718609  0.856784  3.25076  
0.854132  0.723877  3.21254  
0.719922  0.720939  3.85989  
0.723968  0.251846  4.47698  
0.724934  0.118854  4.67083  
0.123183  0.638964  5.28981  
0.241984  0.0583618  5.48561  
3.89907e-18  0.132671  5.74141  
0.735542  0.858198  3.12689  
0.727356  0.733319  3.72651  
0.85208  0.740447  3.09428  
0.248571  0.13345  5.3129  
0.73763  0.131561  4.54901  
0.251017  0.649457  5.02862  
0.740011  0.251198  4.36142  
0.744062  9.983e-18  4.76006  
0.135168  0.651827  5.17462  
3.89911e-18  0.653015  5.44145  
3.89911e-18  0.22402  5.59303  
0.736769  0.740447  3.59627  
0.136356  0.251412  5.30601  
0.857373  0.139817  4.03198  
0.24781  0.745283  4.32505  
0.751345  0.854647  3.01857  
0.145689  0.663731  5.06609  
0.855951  0.755933  2.98797  
0.752211  0.142454  4.42372  
0.749706  0.749522  3.45848  
0.757064  0.0157317  4.65513  
0.0847983  0.859377  4.16142  
0.754856  0.251398  4.26071  
0.0184816  0.666856  5.31054  
0.186332  0.668607  4.9497  
0.247872  0.759751  4.22937  
0.151485  0.763665  4.33004  
0.757793  0.760002  3.32289  
0.765921  0.856915  2.92486  
0.763346  0.158065  4.31783  
0.767421  0.0363554  4.55996  
0.107703  0.0850161  5.65473  
0.0387914  0.674969  5.21961  
0.854074  0.770488  2.89839  
0.151885  0.0988362  5.52991  
0.76878  0.246785  4.17389  
0.76449  0.767193  3.2368  
0.193269  0.188136  5.24707  
0.016443  0.0469165  5.91403  
0.160415  0.774757  4.24503  
0.198479  0.677513  4.86525  
0.77669  0.0546132  4.4732  
0.24943  0.77324  4.14751  
0.786934  0.825778  2.85072  
0.100654  0.688372  4.98934  
0.0107646  0.68988  5.14854  
0.857872  0.175727  3.95628  
0.195706  0.688372  4.78766  
0.782185  0.244528  4.09865  
0.637706  0.779756  4.072  
0.784962  0.0713069  4.39454  
0.782111  0.155437  4.21544  
0.169262  0.78523  4.17039  
0.115321  0.856684  4.08989  
0.785232  0.649897  3.96125  
0.0817203  0.789586  4.34838  
0.251376  0.785935  4.07845  
0.846055  0.791791  2.7903  
0.651457  0.783359  3.96019  
0.199397  0.697075  4.71649  
0.11838  0.70117  4.85011  
0.0363028  0.0675787  5.84375  
0.0185166  0.697075  5.08414  
