1  3.15007e-16  5.26737e-15  
9.46522e-14  1  2.07528e-14  
2.39544e-17  5.63523e-17  1  
0.577359  0.577346  0.577346  
0.682763  0.682795  0.260048  
0.259993  0.682781  0.682799  
0.682723  0.260115  0.68281  
0.739666  2.03052e-17  0.672975  
0.739738  0.672895  1.78478e-17  
4.52988e-17  0.739785  0.672843  
0.394471  0.471479  0.788733  
0.467551  0.789447  0.397705  
0.790324  0.401016  0.463222  
0.499769  0.287409  0.817085  
0.558646  0.819355  0.128737  
0.126344  0.559071  0.819437  
0.288152  0.820613  0.493521  
0.560744  0.108506  0.820849  
0.821509  0.494271  0.284286  
0.831681  0.232056  0.504437  
0.132947  0.845072  0.51786  
0.845355  0.518121  0.130095  
0.849055  0.0804058  0.522149  
0.507477  0.861665  0  
3.09548e-17  0.50553  0.862809  
5.30202e-17  0.865886  0.500242  
0.365749  0.340691  0.866116  
0.340584  0.867964  0.361442  
0.86812  0.496354  9.35146e-18  
0.86901  0.360819  0.338571  
0.491067  1.34807e-17  0.871122  
0.250232  0.390855  0.885786  
0.393359  0.885511  0.247264  
0.886747  0.246734  0.390899  
0.677243  0.570204  0.464982  
0.465253  0.676675  0.570658  
0.571034  0.465098  0.676464  
0.231479  0.890918  0.390746  
0.569003  0.680092  0.462288  
0.461493  0.568663  0.680916  
0.892396  0.388004  0.230395  
0.892578  0  0.450892  
0.681471  0.459941  0.569255  
0.384189  0.23367  0.893195  
0.638186  0.0168351  0.769698  
0.40816  0.900871  0.147773  
0.151049  0.407089  0.900812  
0.0455326  0.642474  0.764954  
0.642672  0.764626  0.0481662  
0.135843  0.904426  0.404425  
0.370421  0.726059  0.579332  
0.905645  0.401776  0.135587  
0.727153  0.579448  0.368087  
0.39776  0.137683  0.9071  
0.41545  0.907916  0.0555867  
0.0581013  0.414091  0.908379  
0.284987  0.300496  0.910211  
0.0462514  0.910677  0.410523  
0.303008  0.910771  0.280504  
0.911277  0.280213  0.301753  
0.742851  0.326273  0.584567  
0.911827  0.407889  0.0468824  
0.40444  0.0406665  0.91366  
0.808338  0.00644867  0.588683  
0.91571  0.166437  0.365751  
0.563633  0.376191  0.73539  
0.330119  0.922127  0.201753  
0.20299  0.328889  0.922294  
0.225624  0.922447  0.313346  
0.604566  0.697344  0.384983  
0.923069  0.0896027  0.374051  
0.232338  0.768375  0.596337  
0.768936  0.596773  0.229345  
0.385855  0.597078  0.703288  
0.924119  0.313392  0.218607  
0.71496  0.494617  0.494152  
0.30616  0.224844  0.925047  
0.494561  0.714395  0.495025  
0.926106  0.0124268  0.377058  
0.493279  0.493953  0.716021  
0.79583  0.60056  0.0773504  
3.52826e-16  0.371626  0.928382  
0.0823881  0.794588  0.601533  
0.370246  0.928934  0.000731606  
0.154505  0.929762  0.334172  
0.797876  0.602789  0.00629573  
0.508064  0.607255  0.61083  
0.607763  0.610334  0.508052  
0.0111495  0.796964  0.603924  
0.931412  0.211889  0.295931  
0.609489  0.50875  0.608027  
0.575442  0.751504  0.322656  
2.96697e-10  0.932403  0.361422  
0.31931  0.576807  0.751888  
0.932959  0.359983  0.000445027  
0.330701  0.139949  0.933301  
0.411579  0.75348  0.512709  
0.754382  0.513862  0.408478  
0.437252  0.407336  0.801803  
0.602615  0.798032  5.53998e-05  
