0.57735  0.57735  0.577352  
0.57735  0.57735  0.577352  
4.32978e-17  4.32978e-17  1  
0.707114  0.707117  0  
0.430901  0.430901  0.792874  
0.342447  0.342447  0.874906  
0.626582  0.626582  0.463454  
0.508286  0.508286  0.695191  
0.283235  0.283236  0.916273  
0.652318  0.652318  0.385956  
0.240914  0.240914  0.940171  
0.667522  0.667522  0.329891  
0.54105  0.54105  0.643841  
0.473137  0.473137  0.743158  
0.39724  0.39724  0.827286  
0.209226  0.209226  0.955222  
0.677233  0.677233  0.287597  
0.597111  0.597111  0.535646  
0.184684  0.184684  0.965289  
0.683811  0.683811  0.254567  
0.376882  0.376882  0.846121  
0.557304  0.557304  0.615488  
0.165057  0.165057  0.972375  
0.323378  0.323378  0.8893  
0.454326  0.454326  0.766274  
0.688463  0.688463  0.228118  
0.608311  0.608311  0.509819  
0.63523  0.63523  0.439278  
0.491342  0.491342  0.719143  
0.524119  0.524119  0.671267  
0.149144  0.149144  0.977503  
0.691869  0.691869  0.206484  
0.416992  0.416992  0.807611  
0.135916  0.135916  0.981353  
0.310677  0.310677  0.89831  
0.694428  0.694428  0.188517  
0.364287  0.364287  0.857082  
0.271394  0.271394  0.923412  
0.58543  0.58543  0.560841  
0.615017  0.615017  0.493467  
0.640757  0.640757  0.422919  
0.565993  0.565992  0.599421  
0.124769  0.124769  0.98431  
0.656728  0.656728  0.370698  
0.69641  0.69641  0.173281  
0.444004  0.444004  0.778281  
0.115265  0.115265  0.986625  
0.69796  0.69796  0.160328  
0.532095  0.532095  0.658598  
0.548415  0.548415  0.631255  
0.482627  0.482627  0.73085  
0.464461  0.464461  0.754024  
0.302099  0.302099  0.904142  
0.262956  0.262956  0.928283  
0.499899  0.499899  0.70725  
0.107109  0.107109  0.988461  
0.516011  0.516011  0.683715  
0.408903  0.408903  0.815841  
0.389257  0.389257  0.83484  
0.644394  0.644394  0.41172  
0.35637  0.35637  0.863713  
0.699207  0.699207  0.149062  
0.233049  0.233049  0.944127  
0.659774  0.659774  0.359718  
0.619174  0.619174  0.482956  
0.67001  0.67001  0.319645  
0.0999498  0.0999498  0.98996  
0.590107  0.590107  0.550951  
0.700216  0.700216  0.139264  
0.601424  0.601424  0.525908  
0.335859  0.335859  0.879999  
0.570817  0.570817  0.590199  
0.0937131  0.0937131  0.991179  
0.701051  0.70105  0.130601  
0.256914  0.256914  0.93166  
0.424979  0.424979  0.799241  
0.296253  0.296253  0.908002  
0.227208  0.227208  0.94697  
0.438268  0.438268  0.784757  
0.629534  0.629534  0.455383  
0.661924  0.661924  0.35173  
0.0881512  0.0881511  0.992199  
0.646852  0.646851  0.403939  
0.203766  0.203766  0.95758  
0.671814  0.671814  0.31198  
0.701746  0.701746  0.122908  
0.678747  0.678747  0.280365  
0.351342  0.351342  0.867824  
0.552385  0.552385  0.624292  
0.0831577  0.0831577  0.993061  
0.561099  0.561099  0.608552  
0.384442  0.384442  0.839291  
0.621793  0.621793  0.476179  
0.702332  0.702332  0.116013  
0.536281  0.536281  0.651771  
0.372101  0.372101  0.850342  
0.404153  0.404153  0.820561  
0.58068  0.58068  0.570632  
0.459819  0.459819  0.759693  
0.449686  0.449686  0.771729  
