1  0  
6.12323e-17  1  
0.707106  0.707107  
0.545328  0.838222  
0.838223  0.545328  
0.896903  0.442227  
0.442232  0.896901  
0.370903  0.928672  
0.928674  0.370896  
0.638503  0.769619  
0.769624  0.638497  
0.947842  0.318739  
0.318746  0.94784  
0.960284  0.279024  
0.279032  0.960282  
0.799882  0.600157  
0.600154  0.799885  
0.860698  0.509115  
0.509118  0.860697  
0.737677  0.675154  
0.675158  0.737673  
0.968808  0.247813  
0.247804  0.96881  
0.974886  0.222702  
0.222687  0.97489  
0.486114  0.873895  
0.873902  0.486102  
0.81605  0.577982  
0.577976  0.816054  
0.907183  0.420736  
0.420745  0.907179  
0.979374  0.202056  
0.202042  0.979377  
0.184814  0.982773  
0.982774  0.18481  
0.658295  0.75276  
0.75276  0.658295  
0.621797  0.783179  
0.783178  0.621798  
0.72223  0.691653  
0.691658  0.722225  
0.88202  0.471211  
0.471207  0.882022  
0.913894  0.405952  
0.405947  0.913897  
0.985407  0.170212  
0.170226  0.985405  
0.934061  0.357114  
0.357122  0.934058  
0.846987  0.531613  
0.531614  0.846987  
0.82515  0.564913  
0.564906  0.825155  
0.987488  0.157693  
0.157662  0.987493  
0.989159  0.146852  
0.146822  0.989163  
0.918394  0.395666  
0.395666  0.918394  
0.347108  0.937825  
0.937832  0.34709  
0.88716  0.461463  
0.461466  0.887158  
0.990521  0.137364  
0.137306  0.990529  
0.79052  0.612437  
0.612437  0.79052  
0.309383  0.950938  
0.95094  0.309375  
0.590866  0.80677  
0.80677  0.590866  
0.760577  0.649248  
0.64925  0.760575  
0.85224  0.523151  
0.523152  0.852239  
0.991645  0.128998  
0.12892  0.991655  
0.865574  0.500781  
0.500794  0.865567  
0.729743  0.683722  
0.683719  0.729746  
0.744844  0.667239  
0.667231  0.744851  
0.830432  0.55712  
0.557116  0.830435  
0.714628  0.699505  
0.699507  0.714626  
0.631058  0.775736  
0.775739  0.631054  
0.992582  0.121579  
0.121477  0.992594  
0.940514  0.339756  
0.339731  0.940523  
0.921467  0.388456  
0.388451  0.921469  
0.953212  0.302301  
0.302287  0.953217  
0.435323  0.900274  
0.900279  0.435314  
0.993374  0.114926  
