0.859397  2.307  
3.91766e-05  3.99996  
0.251422  3.57319  
0.660937  3.37474  
0.684638  3.19995  
0.0911991  3.83971  
0.70503  3.04557  
0.723212  2.90935  
0.7398  2.78971  
0.138816  3.72712  
0.75517  2.68547  
0.769577  2.59565  
0.174942  3.65065  
0.783198  2.51942  
0.796139  2.45614  
0.0387128  3.94747  
0.808457  2.4052  
0.204561  3.60379  
0.820175  2.36595  
0.0571769  3.91348  
0.105391  3.80631  
0.831207  2.33775  
0.635602  3.54784  
0.149894  3.70208  
0.115267  3.78273  
0.228404  3.58078  
0.0683397  3.89062  
0.638979  3.52588  
0.0178739  3.97913  
0.663829  3.35393  
0.64187  3.50678  
0.185625  3.6317  
0.666352  3.33563  
0.841335  2.31972  
0.687027  3.18195  
0.157803  3.68495  
0.64435  3.49018  
0.122229  3.76611  
0.668558  3.31953  
0.707155  3.0295  
0.689135  3.16602  
0.0755829  3.87501  
0.725199  2.89472  
0.646485  3.47574  
0.709033  3.01531  
0.670487  3.30538  
0.690993  3.15196  
0.741725  2.77625  
0.726954  2.88187  
0.215771  3.59116  
0.648337  3.46311  
0.710703  3.00273  
0.757096  2.67298  
0.672179  3.29292  
0.692638  3.13951  
0.0265119  3.96693  
0.743419  2.7645  
0.0454206  3.93572  
0.127145  3.75443  
0.192904  3.62006  
0.77156  2.58399  
0.16336  3.67336  
0.728501  2.87057  
0.712169  2.99169  
0.649941  3.45209  
0.673665  3.28193  
0.694088  3.12852  
0.785289  2.50856  
0.758782  2.66215  
0.0804365  3.86426  
0.744911  2.75422  
0.798403  2.44607  
0.729877  2.86057  
0.0954559  3.82979  
0.773276  2.57405  
0.713481  2.98184  
0.695368  3.11882  
0.674979  3.2722  
0.651331  3.44249  
0.760253  2.65281  
0.850116  2.31038  
0.00861195  3.99069  
0.81097  2.39601  
0.787071  2.4995  
0.746218  2.74526  
0.731087  2.85181  
0.714627  2.97324  
0.696498  3.11025  
0.676131  3.26364  
0.774753  2.5656  
0.652547  3.43403  
0.130616  3.74624  
0.800296  2.43789  
0.823046  2.35777  
0.761538  2.64471  
0.747365  2.73745  
0.167197  3.66561  
0.142175  3.71942  
0.73215  2.84413  
0.0495624  3.92812  
