0.859394  2.307  
3.91898e-05  3.99996  
0.251417  3.57319  
0.660938  3.37473  
0.684635  3.19998  
0.0911903  3.83973  
0.705027  3.0456  
0.723205  2.90941  
0.739788  2.78979  
0.138813  3.72713  
0.755156  2.68556  
0.769576  2.59566  
0.174945  3.65064  
0.783197  2.51942  
0.79614  2.45613  
0.0387081  3.94748  
0.80846  2.40519  
0.204552  3.6038  
0.820172  2.36596  
0.057185  3.91347  
0.105392  3.80631  
0.831202  2.33776  
0.635599  3.54786  
0.149896  3.70208  
0.115258  3.78275  
0.228404  3.58078  
0.0683409  3.89062  
0.638975  3.5259  
0.0178786  3.97912  
0.663828  3.35393  
0.641865  3.50681  
0.185614  3.63172  
0.66635  3.33564  
0.841339  2.31972  
0.687026  3.18195  
0.157811  3.68493  
0.122213  3.76614  
0.644345  3.49021  
0.668554  3.31956  
0.707155  3.0295  
0.689133  3.16604  
0.0755855  3.87501  
0.725189  2.8948  
0.646495  3.47567  
0.709033  3.01532  
0.670485  3.30539  
0.690993  3.15197  
0.741714  2.77633  
0.726949  2.8819  
0.215766  3.59116  
0.648359  3.46296  
0.710694  3.0028  
0.757086  2.67304  
0.672179  3.29291  
0.692632  3.13955  
0.0265145  3.96693  
0.0454297  3.93571  
0.743409  2.76457  
0.127134  3.75445  
0.192898  3.62007  
0.771556  2.58401  
0.16336  3.67336  
0.728499  2.87059  
0.712164  2.99173  
0.649958  3.45197  
0.673665  3.28193  
0.694079  3.12859  
0.785288  2.50856  
0.758781  2.66217  
0.0804368  3.86426  
0.744899  2.7543  
0.798415  2.44602  
0.0954532  3.8298  
0.729864  2.86066  
0.773276  2.57405  
0.713469  2.98193  
0.695358  3.11889  
0.674974  3.27223  
0.651345  3.44239  
0.760249  2.65284  
0.850092  2.3104  
0.00861008  3.99069  
0.81098  2.39597  
0.787071  2.4995  
0.746212  2.74531  
0.731071  2.85193  
0.714616  2.97332  
0.69649  3.11031  
0.67612  3.26372  
0.774766  2.56553  
0.652565  3.43391  
0.130614  3.74624  
0.823037  2.3578  
0.800307  2.43784  
0.761535  2.64473  
0.747363  2.73747  
0.16719  3.66562  
0.142176  3.71942  
0.73214  2.84421  
0.0495771  3.92809  
