1  2.00677e-44  1.48972e-25  
6.12323e-17  1  4.30109e-52  
2.36906e-18  6.11865e-17  1  
0.5774  0.577383  0.577268  
0.682788  0.682768  0.260055  
0.682747  0.260174  0.682764  
0.259848  0.682795  0.68284  
0.739574  1.42722e-33  0.673075  
0.673087  0.739563  2.57265e-29  
4.11901e-17  0.672685  0.739929  
0.471273  0.394705  0.788739  
0.395358  0.788774  0.470666  
0.789302  0.469231  0.396012  
0.127386  0.819259  0.559095  
0.558708  0.128219  0.819393  
0.819506  0.558341  0.129092  
0.291019  0.492704  0.820092  
0.820605  0.287927  0.493665  
0.491837  0.820648  0.290918  
0.132866  0.51751  0.845299  
0.845084  0.130724  0.518405  
0.518523  0.844693  0.132771  
0.860918  0.508743  1.95862e-53  
0.50722  5.8785e-161  0.861817  
5.27946e-17  0.862201  0.506566  
0.500177  0.865923  2.69372e-14  
3.07598e-17  0.502345  0.864667  
0.343082  0.360261  0.867472  
0.867617  6.319e-36  0.497232  
0.36006  0.867794  0.342479  
0.867445  0.34096  0.362334  
0.393334  0.246028  0.885866  
0.245556  0.886226  0.392818  
0.886532  0.390134  0.24871  
0.676998  0.465095  0.570404  
0.570511  0.67688  0.465136  
0.464204  0.571066  0.677051  
0.390062  0.890843  0.232918  
0.234318  0.391236  0.88996  
0.680474  0.568695  0.462105  
0.461718  0.680641  0.568809  
0.567808  0.46294  0.680647  
0.893928  0.218074  0.391583  
0.900489  0.409347  0.146979  
0.145865  0.90135  0.407788  
0.40787  0.145567  0.901361  
0.0393485  0.76499  0.64284  
0.642509  0.046595  0.76486  
0.76456  0.642866  0.0466038  
0.127812  0.405088  0.9053  
0.72588  0.37039  0.579577  
0.402383  0.9057  0.133398  
0.368102  0.57996  0.726737  
0.906769  0.12173  0.403673  
0.581871  0.723356  0.371729  
0.415156  0.0515269  0.90829  
0.907848  0.417062  0.0433213  
0.0532432  0.908304  0.414909  
0.304042  0.27925  0.910812  
0.00229003  0.412815  0.910812  
0.410062  0.910998  0.0439478  
0.281201  0.911829  0.299156  
0.912069  0.0247161  0.409295  
0.912167  0.285298  0.294205  
0.329933  0.201084  0.922339  
0.604483  0.385253  0.697267  
0.383989  0.697329  0.605214  
0.224397  0.313787  0.922596  
0.203616  0.922438  0.328097  
0.922939  0.324703  0.2068  
0.698038  0.604165  0.384354  
0.595876  0.767824  0.235325  
0.233562  0.595538  0.768624  
0.768375  0.230852  0.597025  
0.315742  0.923652  0.217196  
0.493332  0.496526  0.714203  
0.92456  0.210694  0.317486  
0.714808  0.49299  0.495995  
0.495356  0.714527  0.494038  
0.795374  0.0778682  0.601096  
0.601355  0.794918  0.0804806  
5.69247e-17  0.929651  0.368441  
0.797801  0.00791675  0.603093  
0.607415  0.507638  0.611024  
0.507707  0.611068  0.607313  
0.0662236  0.602782  0.795153  
0.146833  0.335534  0.930514  
0.611026  0.607203  0.50789  
0.365874  1.28585e-31  0.930665  
0.930054  0.340714  0.137523  
0.604319  0.796689  0.00918003  
0.931329  0.364178  8.02216e-13  
0.513578  0.752326  0.412606  
0.575261  0.32341  0.751319  
0.321544  0.751297  0.576335  
0.932108  0.135632  0.335877  
0.333081  0.930943  0.149675  
0.412603  0.51275  0.752892  
0.358042  0.933705  1.57236e-12  
0.754653  0.413317  0.509576  
