1  1.99284e-14  
2.83277e-16  1  
0.707104  0.70711  
0.838221  0.545331  
0.545321  0.838228  
0.896901  0.442231  
0.442224  0.896905  
0.370895  0.928675  
0.928679  0.370885  
0.638499  0.769622  
0.769623  0.638499  
0.947847  0.318725  
0.318743  0.947841  
0.27902  0.960285  
0.96029  0.279003  
0.600154  0.799884  
0.799876  0.600166  
0.860699  0.509113  
0.509105  0.860705  
0.737674  0.675157  
0.675154  0.737677  
0.247819  0.968806  
0.968819  0.247769  
0.222709  0.974885  
0.974896  0.22266  
0.873895  0.486116  
0.486113  0.873896  
0.816045  0.577988  
0.577979  0.816051  
0.420735  0.907184  
0.907191  0.42072  
0.202079  0.979369  
0.979381  0.202022  
0.184851  0.982767  
0.982776  0.184798  
0.658293  0.752762  
0.752758  0.658298  
0.621797  0.783178  
0.783184  0.62179  
0.691656  0.722227  
0.722229  0.691653  
0.471225  0.882013  
0.882011  0.471229  
0.405955  0.913893  
0.913903  0.405932  
0.170187  0.985412  
0.985414  0.170176  
0.357116  0.93406  
0.934069  0.357093  
0.846986  0.531616  
0.531603  0.846994  
0.825148  0.564916  
0.564902  0.825158  
0.15765  0.987495  
0.987497  0.157641  
0.146807  0.989165  
0.989166  0.146804  
0.395673  0.918391  
0.918398  0.395657  
0.347103  0.937827  
0.93784  0.347069  
0.461477  0.887152  
0.887165  0.461453  
0.137327  0.990526  
0.990528  0.137314  
0.61244  0.790517  
0.790521  0.612435  
0.309385  0.950937  
0.950948  0.30935  
0.806763  0.590876  
0.590872  0.806765  
0.760577  0.649248  
0.649249  0.760576  
0.852241  0.523149  
0.52314  0.852247  
0.991653  0.128938  
0.128985  0.991647  
0.865565  0.500796  
0.500795  0.865566  
0.729741  0.683724  
0.683716  0.729748  
0.667237  0.744846  
0.744849  0.667233  
0.557111  0.830438  
0.830427  0.557128  
0.71463  0.699503  
0.699506  0.714626  
0.775738  0.631054  
0.631052  0.775741  
0.121572  0.992583  
0.992591  0.121507  
0.33977  0.940508  
0.940526  0.339723  
0.388453  0.921469  
0.921474  0.38844  
0.302298  0.953213  
0.953219  0.302281  
0.900285  0.435302  
0.435312  0.90028  
0.962191  0.272376  
