0.577349  0.577349  0.577352  
0.577349  0.577349  0.577352  
4.32978e-17  4.32978e-17  1  
0.70711  0.707109  1.05516e-57  
0.430898  0.430898  0.792877  
0.342449  0.342449  0.874904  
0.626581  0.626581  0.463458  
0.508278  0.508278  0.695203  
0.283242  0.283242  0.916269  
0.652318  0.652318  0.385956  
0.240917  0.240917  0.940169  
0.667511  0.667511  0.329936  
0.54104  0.54104  0.643857  
0.473143  0.473143  0.74315  
0.397229  0.397229  0.827296  
0.209245  0.209245  0.955214  
0.677219  0.677219  0.287663  
0.597109  0.597109  0.535651  
0.184708  0.184708  0.96528  
0.683789  0.683789  0.254687  
0.376877  0.376877  0.846125  
0.557301  0.557301  0.615493  
0.165154  0.165154  0.972342  
0.323372  0.323372  0.889304  
0.454325  0.454325  0.766275  
0.68845  0.68845  0.228195  
0.608311  0.608311  0.509819  
0.635238  0.635238  0.439256  
0.491314  0.491314  0.719181  
0.524107  0.524107  0.671285  
0.149221  0.149221  0.97748  
0.691851  0.691851  0.206601  
0.416983  0.416983  0.80762  
0.135901  0.135901  0.981357  
0.310666  0.310666  0.898317  
0.694419  0.694419  0.188589  
0.364293  0.364293  0.857077  
0.271373  0.271373  0.923425  
0.585437  0.585437  0.560828  
0.615022  0.615022  0.493454  
0.640766  0.640766  0.422893  
0.565986  0.565986  0.599433  
0.124795  0.124795  0.984303  
0.656726  0.656726  0.370704  
0.696398  0.696398  0.173376  
0.444007  0.444007  0.778277  
0.115301  0.115301  0.986616  
0.697951  0.697951  0.160406  
0.532087  0.532087  0.658609  
0.548404  0.548404  0.631273  
0.48263  0.48263  0.730846  
0.46447  0.46447  0.754012  
0.302113  0.302113  0.904132  
0.262972  0.262972  0.928273  
0.499888  0.499888  0.707265  
0.107073  0.107073  0.988469  
0.515988  0.515988  0.683749  
0.408888  0.408888  0.815857  
0.389247  0.389247  0.83485  
0.699192  0.699192  0.149199  
0.356371  0.356371  0.863712  
0.644409  0.644409  0.411672  
0.233074  0.233074  0.944115  
0.659761  0.659761  0.359765  
0.619171  0.619171  0.482965  
0.669997  0.669997  0.319701  
0.0999583  0.0999583  0.989958  
0.590126  0.590126  0.550911  
0.700204  0.700204  0.139392  
0.601438  0.601438  0.525876  
0.335873  0.335873  0.879988  
0.570836  0.570836  0.590163  
0.093571  0.093571  0.991206  
0.701033  0.701033  0.130786  
0.256925  0.256925  0.931654  
0.424972  0.424972  0.799248  
0.227237  0.227237  0.946957  
0.296202  0.296202  0.908035  
0.438267  0.438267  0.784757  
0.629542  0.629542  0.455361  
0.661924  0.661924  0.35173  
0.0880019  0.0880019  0.992225  
0.646855  0.646855  0.403928  
0.203762  0.203762  0.957581  
0.671802  0.671802  0.312031  
0.701724  0.701724  0.123156  
0.678722  0.678722  0.280488  
0.3513  0.3513  0.867857  
0.552371  0.552371  0.624317  
0.0830134  0.0830134  0.993085  
0.56111  0.56111  0.608532  
0.384427  0.384427  0.839304  
0.702314  0.702314  0.116237  
0.621793  0.621793  0.476179  
0.536254  0.536254  0.651815  
0.580685  0.580685  0.570623  
0.372125  0.372125  0.850321  
0.404134  0.404134  0.82058  
0.459814  0.459814  0.759698  
0.449686  0.449686  0.771729  
