0.577352  0.577352  0.577348  
0.577352  0.577352  0.577348  
4.32978e-17  4.32978e-17  1  
0.707109  0.707111  0  
0.430896  0.430896  0.792879  
0.342443  0.342443  0.874909  
0.626579  0.626579  0.463462  
0.508277  0.508277  0.695205  
0.283234  0.283234  0.916273  
0.652314  0.652314  0.385969  
0.240924  0.240924  0.940165  
0.667505  0.667505  0.32996  
0.541041  0.541041  0.643855  
0.473126  0.473126  0.743171  
0.397229  0.397229  0.827295  
0.209254  0.209254  0.95521  
0.677218  0.677218  0.287666  
0.597104  0.597104  0.535663  
0.184694  0.184694  0.965286  
0.683789  0.683789  0.254685  
0.376879  0.376879  0.846123  
0.557297  0.557297  0.6155  
0.16514  0.16514  0.972347  
0.323373  0.323373  0.889303  
0.45432  0.45432  0.766281  
0.688441  0.688441  0.228253  
0.608306  0.608306  0.509832  
0.635225  0.635225  0.439292  
0.491313  0.491313  0.719182  
0.524118  0.524118  0.671268  
0.149213  0.149213  0.977482  
0.691842  0.691842  0.206665  
0.416982  0.416982  0.807621  
0.136006  0.136006  0.981328  
0.694406  0.694406  0.188681  
0.310672  0.310672  0.898313  
0.36427  0.36427  0.857097  
0.271389  0.271389  0.923415  
0.585431  0.585431  0.560841  
0.615013  0.615013  0.493475  
0.640752  0.640752  0.422936  
0.56599  0.56599  0.599426  
0.12487  0.12487  0.984284  
0.656722  0.656722  0.370719  
0.696384  0.696384  0.17349  
0.444  0.444  0.778285  
0.11539  0.11539  0.986595  
0.697942  0.697942  0.160481  
0.532086  0.532086  0.658612  
0.548403  0.548403  0.631275  
0.482619  0.482619  0.730861  
0.464463  0.464463  0.754021  
0.302091  0.302091  0.904147  
0.262973  0.262973  0.928273  
0.49987  0.49987  0.70729  
0.107184  0.107184  0.988445  
0.516006  0.516006  0.683722  
0.40889  0.40889  0.815854  
0.389242  0.389242  0.834854  
0.699188  0.699188  0.149238  
0.644392  0.644392  0.411725  
0.356361  0.356361  0.863721  
0.233079  0.233079  0.944113  
0.659762  0.659762  0.359762  
0.619167  0.619167  0.482975  
0.669991  0.669991  0.319725  
0.100063  0.100063  0.989937  
0.590108  0.590108  0.550948  
0.700198  0.700198  0.139444  
0.601416  0.601416  0.525925  
0.335862  0.335862  0.879997  
0.570819  0.570819  0.590196  
0.0938117  0.0938117  0.99116  
0.70103  0.70103  0.130817  
0.256944  0.256944  0.931643  
0.42497  0.42497  0.79925  
0.296238  0.296238  0.908012  
0.227235  0.227235  0.946958  
0.438261  0.438261  0.784764  
0.629528  0.629528  0.4554  
0.661899  0.661899  0.351823  
0.0882741  0.0882741  0.992177  
0.64684  0.64684  0.403974  
0.203798  0.203798  0.957566  
0.671796  0.671796  0.312058  
0.701724  0.701724  0.123148  
0.678719  0.678719  0.280499  
0.351329  0.351329  0.867834  
0.0833275  0.0833275  0.993032  
0.552377  0.552377  0.624307  
0.561089  0.561089  0.60857  
0.384414  0.384414  0.839316  
0.702307  0.702307  0.116322  
0.621787  0.621787  0.476194  
0.53625  0.53625  0.651823  
0.372108  0.372108  0.850336  
0.404135  0.404135  0.820579  
0.580683  0.580683  0.570627  
0.459814  0.459814  0.759699  
0.449685  0.449685  0.77173  
