1  4.0354e-31  
6.12323e-17  1  
0.707091  0.707122  
0.838225  0.545324  
0.545319  0.838229  
0.896899  0.442235  
0.442185  0.896924  
0.928675  0.370893  
0.370868  0.928686  
0.769612  0.638511  
0.638491  0.76963  
0.947845  0.318731  
0.318715  0.947851  
0.96029  0.279004  
0.278989  0.960294  
0.600153  0.799885  
0.79989  0.600146  
0.509102  0.860706  
0.860699  0.509114  
0.737668  0.675164  
0.675149  0.737681  
0.247797  0.968812  
0.968818  0.247774  
0.974898  0.222652  
0.222696  0.974888  
0.486083  0.873913  
0.873891  0.486123  
0.57798  0.816051  
0.816063  0.577963  
0.907179  0.420745  
0.420695  0.907202  
0.97938  0.202029  
0.202026  0.97938  
0.18479  0.982778  
0.982778  0.184788  
0.658292  0.752763  
0.752744  0.658314  
0.783182  0.621792  
0.621788  0.783185  
0.72221  0.691673  
0.691643  0.72224  
0.882015  0.471221  
0.471175  0.88204  
0.913887  0.405968  
0.40591  0.913913  
0.98541  0.170195  
0.17019  0.985411  
0.934064  0.357105  
0.35707  0.934078  
0.531607  0.846991  
0.846991  0.531607  
0.564902  0.825158  
0.825163  0.564895  
0.157665  0.987493  
0.9875  0.157619  
0.146803  0.989166  
0.989168  0.146789  
0.918399  0.395656  
0.395599  0.918423  
0.34706  0.937843  
0.937842  0.347064  
0.461433  0.887175  
0.88716  0.461462  
0.990528  0.137307  
0.137287  0.990531  
0.790529  0.612425  
0.612433  0.790522  
0.309354  0.950947  
0.950936  0.309389  
0.806779  0.590854  
0.590862  0.806772  
0.649243  0.760581  
0.760556  0.649272  
0.523141  0.852246  
0.852251  0.523132  
0.128923  0.991655  
0.991657  0.128907  
0.500757  0.865588  
0.865572  0.500785  
0.729723  0.683743  
0.683714  0.72975  
0.667234  0.744848  
0.744817  0.667269  
0.557116  0.830435  
0.830429  0.557125  
0.714611  0.699522  
0.699488  0.714644  
0.775729  0.631066  
0.631046  0.775745  
0.121502  0.992591  
0.992604  0.121399  
0.339724  0.940525  
0.940524  0.339727  
0.921478  0.388431  
0.388386  0.921497  
0.953211  0.302305  
0.302307  0.953211  
0.435268  0.900301  
0.90029  0.435291  
0.962196  0.272359  
