1  2.79541e-13  6.97915e-15  
1.61554e-15  1  7.8042e-16  
5.5391e-17  2.61006e-17  1  
0.577182  0.57743  0.577439  
0.682728  0.260195  0.682775  
0.682664  0.682802  0.26029  
0.259423  0.682886  0.68291  
0.739531  0.673122  1.52828e-06  
0.739602  6.41516e-17  0.673045  
4.53272e-17  0.74025  0.672332  
0.471477  0.788781  0.394378  
0.394422  0.471696  0.788628  
0.790383  0.402706  0.461652  
0.499496  0.288101  0.817008  
0.127336  0.559319  0.819114  
0.559213  0.819062  0.128135  
0.560562  0.108819  0.820932  
0.28793  0.820643  0.4936  
0.8216  0.494676  0.283317  
0.831381  0.2333  0.504358  
0.845449  0.518457  0.128135  
0.130114  0.845565  0.517774  
0.849131  0.0791038  0.522226  
0.506891  0.86201  0.000425541  
3.10228e-17  0.506641  0.862157  
0.365168  0.340884  0.866285  
0.342467  0.867547  0.360665  
5.31433e-17  0.867895  0.496747  
0.869506  0.36022  0.337936  
0.869786  0.493429  7.65876e-05  
0.490869  5.96424e-06  0.871233  
0.249289  0.391698  0.885679  
0.391933  0.886464  0.246112  
0.677474  0.464851  0.570038  
0.887047  0.244634  0.391538  
0.465099  0.676732  0.570717  
0.679691  0.571961  0.459218  
0.567471  0.466188  0.678709  
0.570845  0.67886  0.461829  
0.232283  0.89183  0.38818  
0.460008  0.569343  0.681353  
0.893145  0.000564732  0.449768  
0.384122  0.234235  0.893076  
0.893098  0.385545  0.2318  
0.637735  8.47107e-12  0.770256  
0.148996  0.407266  0.901074  
0.407803  0.90109  0.147423  
0.0463723  0.642757  0.764665  
0.642839  0.764477  0.0483066  
0.132585  0.906041  0.401885  
0.369668  0.726924  0.578729  
0.906285  0.399459  0.138128  
0.728131  0.579896  0.36544  
0.397874  0.134142  0.907581  
0.0565671  0.414745  0.908178  
0.415007  0.908224  0.0538339  
0.283763  0.301759  0.910176  
0.742705  0.327145  0.584265  
0.302775  0.910575  0.281389  
0.911598  0.278125  0.302714  
0.0437204  0.911971  0.407918  
0.912612  0.406005  0.0479582  
0.403201  0.0447179  0.914018  
0.808797  0.00501157  0.588067  
0.562602  0.380391  0.734018  
0.917059  0.167109  0.362047  
0.202838  0.329325  0.922172  
0.328696  0.92271  0.201408  
0.383026  0.605874  0.697285  
0.605277  0.696697  0.385036  
0.225337  0.923412  0.310697  
0.923559  0.0890878  0.372963  
0.23028  0.76938  0.59584  
0.923891  0.309437  0.22511  
0.769085  0.597032  0.228169  
0.714259  0.495805  0.493975  
0.306914  0.225164  0.924719  
0.495694  0.713331  0.495426  
0.926464  1.99943e-12  0.376382  
0.796722  0.599842  0.0736454  
0.491794  0.495644  0.715874  
0.0775852  0.796443  0.599716  
0.79878  0.601623  0  
1.62198e-10  0.371864  0.928287  
0.36849  0.929632  0.000237724  
0.608969  0.609231  0.507932  
0.00407581  0.798529  0.601942  
0.507465  0.607368  0.611215  
0.153463  0.930485  0.332635  
0.93086  0.330376  0.156049  
0.608381  0.508385  0.60944  
0.57581  0.751005  0.323164  
0.321695  0.576247  0.7513  
0.328249  0.146642  0.933139  
0.93323  0.359279  7.65876e-05  
0.411994  0.7541  0.511464  
0.000677928  0.933853  0.357656  
0.933965  0.214239  0.286025  
0.755845  0.51405  0.405525  
0.678316  0.396072  0.618881  
