1  0  
2.83277e-16  1  
0.70711  0.707104  
0.838224  0.545326  
0.545335  0.838218  
0.442236  0.896899  
0.896903  0.442228  
0.928672  0.370902  
0.370897  0.928674  
0.769619  0.638504  
0.638517  0.769608  
0.947842  0.318741  
0.318708  0.947853  
0.960284  0.279026  
0.279004  0.96029  
0.600175  0.799869  
0.799884  0.600154  
0.860695  0.509121  
0.509114  0.860699  
0.737673  0.675158  
0.675169  0.737663  
0.968805  0.247826  
0.247772  0.968818  
0.974885  0.222711  
0.222669  0.974894  
0.873895  0.486116  
0.486099  0.873904  
0.57799  0.816044  
0.816051  0.57798  
0.420737  0.907183  
0.907184  0.420734  
0.202044  0.979376  
0.979378  0.202038  
0.982776  0.1848  
0.184775  0.982781  
0.752758  0.658297  
0.658293  0.752762  
0.783179  0.621797  
0.621811  0.783167  
0.722227  0.691656  
0.691657  0.722227  
0.882013  0.471226  
0.471209  0.882022  
0.405953  0.913894  
0.913898  0.405945  
0.98541  0.170196  
0.170166  0.985415  
0.357087  0.934071  
0.93406  0.357115  
0.531618  0.846984  
0.846985  0.531617  
0.825152  0.564911  
0.564925  0.825142  
0.987498  0.15763  
0.157626  0.987499  
0.146793  0.989167  
0.989172  0.146761  
0.918397  0.395661  
0.395652  0.9184  
0.937828  0.3471  
0.347059  0.937843  
0.887158  0.461466  
0.461455  0.887164  
0.137288  0.990531  
0.990532  0.137282  
0.790521  0.612435  
0.950934  0.309393  
0.612433  0.790523  
0.30935  0.950948  
0.590888  0.806754  
0.806764  0.590873  
0.760572  0.649254  
0.649255  0.760571  
0.523155  0.852238  
0.852245  0.523143  
0.991657  0.128905  
0.128879  0.99166  
0.865567  0.500794  
0.500765  0.865583  
0.729742  0.683723  
0.683727  0.729738  
0.667238  0.744845  
0.744843  0.66724  
0.557127  0.830427  
0.83043  0.557122  
0.699504  0.714629  
0.714638  0.699494  
0.775738  0.631055  
0.631056  0.775737  
0.121471  0.992595  
0.992597  0.121454  
0.940511  0.339763  
0.339725  0.940525  
0.921469  0.388452  
0.388428  0.921479  
0.95321  0.302308  
0.302271  0.953222  
0.900276  0.435319  
0.435322  0.900275  
0.962186  0.272394  
