1  3.336e-15  5.84038e-15  
7.27366e-16  1  2.27331e-14  
3.75124e-17  4.83965e-17  1  
0.577346  0.577408  0.577297  
0.260121  0.682759  0.682772  
0.682727  0.260182  0.682781  
0.682735  0.682809  0.260085  
0.673223  2.82108e-17  0.739439  
4.5284e-17  0.739545  0.673108  
0.672966  0.739673  2.14753e-17  
0.39458  0.471443  0.7887  
0.788814  0.471625  0.394134  
0.462272  0.790349  0.402062  
0.817178  0.287465  0.499584  
0.819285  0.55877  0.128639  
0.128701  0.558734  0.8193  
0.493102  0.291203  0.819787  
0.821163  0.106892  0.560594  
0.283733  0.821505  0.494597  
0.504154  0.831462  0.233451  
0.517765  0.135381  0.844743  
0.129054  0.845333  0.518418  
0.521982  0.849016  0.0819  
0.861533  0.507702  7.33206e-17  
3.10572e-17  0.507203  0.861827  
0.503476  0  0.864009  
0.866161  0.340593  0.365736  
0.359513  0.343702  0.867536  
0.337117  0.868814  0.36265  
0.000108423  0.868938  0.494921  
0.871783  3.19466e-17  0.489891  
0.884805  0.392781  0.250684  
0.390436  0.886298  0.249069  
0.245945  0.391821  0.886559  
0.46484  0.677337  0.57021  
0.570592  0.465378  0.676645  
0.676515  0.570815  0.465294  
0.390821  0.233271  0.890418  
0.568218  0.681828  0.460695  
0.461319  0.569239  0.680552  
0.681317  0.460777  0.568764  
0.451547  0.892247  0.000349214  
0.229617  0.892758  0.387633  
0.893551  0.234167  0.383057  
0.77018  0.0173967  0.63759  
0.900731  0.40818  0.148572  
0.145369  0.407954  0.901355  
0.764518  0.642777  0.048468  
0.0375549  0.642805  0.765109  
0.406688  0.134995  0.903538  
0.369959  0.72635  0.579267  
0.579949  0.370817  0.725365  
0.135592  0.906006  0.400958  
0.907035  0.140129  0.397054  
0.907822  0.415703  0.0552317  
0.0526266  0.415044  0.908278  
0.910405  0.298348  0.286621  
0.412513  0.021401  0.910701  
0.280175  0.302941  0.910894  
0.30003  0.911314  0.281936  
0.584105  0.742786  0.327247  
0.0456279  0.912205  0.407186  
0.913573  0.0509512  0.403471  
0.366676  0.915154  0.167457  
0.588902  0.808162  0.00822788  
0.734716  0.378683  0.562842  
0.921757  0.328451  0.206118  
0.697283  0.602946  0.387623  
0.312933  0.225416  0.922638  
0.19936  0.329559  0.922848  
0.374381  0.922908  0.0898877  
0.384688  0.587112  0.71226  
0.596788  0.235907  0.766937  
0.223146  0.923651  0.311568  
0.228319  0.769126  0.596922  
0.925011  0.2228  0.307758  
0.495741  0.494522  0.713925  
0.492456  0.715482  0.495553  
0.377417  0.925909  0.0157977  
0.715183  0.496568  0.491867  
0.0753901  0.796117  0.600428  
0.928896  0.370341  7.33206e-17  
0.0039572  0.798253  0.602309  
0.335456  0.153097  0.929532  
0.60282  0.0878731  0.793024  
2.90047e-05  0.369075  0.929494  
0.606752  0.611851  0.507436  
0.611599  0.507695  0.606788  
0.507476  0.607804  0.610772  
0.153783  0.930787  0.331643  
0.297287  0.930775  0.212785  
0.750692  0.575478  0.324479  
0.605367  0.00645257  0.795921  
0.512313  0.414522  0.752135  
0.932648  0.146453  0.329726  
0.318395  0.576988  0.752137  
0.000315163  0.933637  0.35822  
0.933798  0.00238686  0.357794  
0.801963  0.407083  0.437194  
0.340948  0.0856725  0.93617  
