1  4.67004e-17  
6.12323e-17  1  
0.707105  0.707108  
0.83822  0.545332  
0.545301  0.83824  
0.896903  0.442228  
0.442209  0.896912  
0.928681  0.370879  
0.370871  0.928684  
0.63849  0.76963  
0.769618  0.638505  
0.947847  0.318726  
0.318709  0.947853  
0.960288  0.279011  
0.27898  0.960297  
0.600148  0.799889  
0.799876  0.600165  
0.509099  0.860708  
0.860711  0.509094  
0.675153  0.737677  
0.737671  0.67516  
0.968806  0.24782  
0.24779  0.968814  
0.974887  0.2227  
0.222681  0.974891  
0.486071  0.87392  
0.873914  0.48608  
0.816043  0.577992  
0.577955  0.816069  
0.420708  0.907196  
0.907197  0.420706  
0.979373  0.202062  
0.20202  0.979381  
0.982775  0.184807  
0.184745  0.982786  
0.658294  0.752761  
0.752758  0.658297  
0.783173  0.621804  
0.621784  0.783189  
0.722225  0.691659  
0.69165  0.722233  
0.471188  0.882033  
0.88204  0.471175  
0.913905  0.405929  
0.405909  0.913914  
0.985412  0.170185  
0.170084  0.98543  
0.934067  0.357098  
0.357071  0.934077  
0.846995  0.531601  
0.53159  0.847002  
0.825145  0.564922  
0.5649  0.82516  
0.987492  0.15767  
0.157461  0.987525  
0.989163  0.146825  
0.146619  0.989193  
0.918404  0.395643  
0.395613  0.918417  
0.937834  0.347085  
0.34706  0.937843  
0.461446  0.887169  
0.887175  0.461434  
0.990537  0.137243  
0.137156  0.990549  
0.79052  0.612436  
0.612436  0.790521  
0.309362  0.950944  
0.950944  0.309363  
0.590856  0.806777  
0.806758  0.590882  
0.760578  0.649247  
0.649263  0.760564  
0.852258  0.523121  
0.523117  0.852261  
0.991661  0.128873  
0.50077  0.865581  
0.128767  0.991675  
0.86559  0.500753  
0.683717  0.729747  
0.729736  0.683729  
0.744836  0.667247  
0.667231  0.744851  
0.557105  0.830442  
0.830441  0.557107  
0.714627  0.699506  
0.699493  0.714639  
0.631043  0.775748  
0.775744  0.631048  
0.992596  0.121462  
0.12135  0.99261  
0.940518  0.339745  
0.339735  0.940521  
0.921479  0.388429  
0.388404  0.921489  
0.953218  0.302285  
0.302304  0.953212  
0.900281  0.43531  
0.43531  0.900281  
0.272356  0.962197  
