1  2.24587e-29  
1.76028e-14  1  
0.707103  0.707111  
0.83822  0.545333  
0.545323  0.838226  
0.896905  0.442224  
0.442228  0.896903  
0.370893  0.928675  
0.928676  0.370893  
0.769616  0.638508  
0.638501  0.769621  
0.947845  0.318732  
0.31871  0.947852  
0.960289  0.279009  
0.279  0.960291  
0.600149  0.799888  
0.799884  0.600155  
0.860695  0.509121  
0.509111  0.860701  
0.737669  0.675163  
0.675155  0.737676  
0.968807  0.247815  
0.247789  0.968814  
0.974886  0.222703  
0.222675  0.974893  
0.873901  0.486104  
0.486096  0.873905  
0.577971  0.816057  
0.816046  0.577988  
0.907188  0.420727  
0.420713  0.907194  
0.979374  0.202053  
0.202036  0.979378  
0.184796  0.982777  
0.98277  0.184831  
0.752759  0.658296  
0.6583  0.752756  
0.783179  0.621796  
0.621783  0.78319  
0.722222  0.691662  
0.691649  0.722234  
0.882016  0.471219  
0.471204  0.882024  
0.913897  0.405945  
0.405939  0.9139  
0.985408  0.170208  
0.170191  0.985411  
0.357092  0.934069  
0.934062  0.357111  
0.846988  0.531613  
0.531603  0.846994  
0.825152  0.564911  
0.564898  0.82516  
0.987492  0.15767  
0.157667  0.987492  
0.989166  0.146802  
0.146763  0.989172  
0.918395  0.395665  
0.39567  0.918393  
0.937829  0.347096  
0.347072  0.937839  
0.887156  0.461469  
0.461457  0.887162  
0.990527  0.13732  
0.137262  0.990535  
0.790521  0.612435  
0.612426  0.790528  
0.950941  0.309371  
0.309349  0.950949  
0.590865  0.806771  
0.806771  0.590864  
0.649251  0.760575  
0.76057  0.649256  
0.852238  0.523154  
0.523143  0.852245  
0.991651  0.128951  
0.128908  0.991656  
0.865569  0.50079  
0.500765  0.865583  
0.729742  0.683723  
0.683725  0.729739  
0.744841  0.667242  
0.667242  0.744841  
0.83043  0.557123  
0.557113  0.830437  
0.714623  0.699509  
0.699506  0.714627  
0.631054  0.775739  
0.77574  0.631053  
0.992587  0.121536  
0.121505  0.992591  
0.940512  0.339762  
0.339715  0.940529  
0.388463  0.921464  
0.921477  0.388432  
0.95322  0.302277  
0.30226  0.953226  
0.435302  0.900284  
0.900285  0.435301  
0.993376  0.114909  
