0.859401  0.859398  2.61401  
0.859401  0.859398  2.61401  
5.95947e-05  5.95217e-05  5.99988  
0.694584  6.31976e-19  5.12476  
1.21451e-17  0.767151  4.61016  
0.859401  0.00451084  4.3023  
0.18657  0.857228  3.93732  
0.113352  0.185896  5.41856  
0.859401  0.251412  3.8802  
0.251388  0.251412  5.14639  
0.653975  0.85496  3.73184  
0.856967  0.660966  3.68177  
0.663289  0.248459  4.93115  
1.21349e-17  0.805576  4.41626  
0.102308  7.32474e-19  5.81363  
0.194381  7.56523e-19  5.61783  
0.678774  0.856929  3.55119  
0.856775  0.684667  3.50701  
0.68663  0.251076  4.75814  
0.69228  0.690851  4.29526  
0.696598  0.0860292  4.96111  
0.70014  0.852084  3.39173  
0.856846  0.0926705  4.14356  
0.859401  0.70597  3.34546  
0.0334907  0.858774  4.26313  
0.704432  0.699808  4.13524  
0.706619  0.245307  4.60729  
0.711162  0.102762  4.81183  
0.714231  0.709644  3.98691  
0.718614  0.856104  3.25088  
0.853933  0.724204  3.21022  
0.724358  0.248664  4.47422  
0.721279  0.720696  3.85162  
0.725239  0.113043  4.68248  
0.248722  0.0571753  5.48678  
0.12289  0.639004  5.29024  
4.79616e-18  0.133268  5.74001  
0.735527  0.858693  3.12695  
0.731299  0.728899  3.71795  
0.857713  0.740578  3.09137  
0.24785  0.13352  5.3128  
0.247728  0.649469  5.02873  
0.740532  0.25142  4.35778  
0.738831  0.737398  3.60316  
0.740298  0.134156  4.52416  
0.133833  0.652342  5.17415  
4.79616e-18  0.242395  5.57917  
1.21352e-17  0.65314  5.42991  
0.744035  1.1255e-18  4.76025  
0.136307  0.251412  5.30612  
0.857478  0.139829  4.03195  
0.248722  0.745714  4.32201  
0.75122  0.857128  3.01872  
0.74882  0.747455  3.47771  
0.856621  0.755937  2.98779  
0.753404  0.141604  4.41777  
0.1459  0.663179  5.0696  
0.0210715  0.665167  5.32019  
0.0848228  0.859398  4.16137  
0.758075  0.00792335  4.65817  
0.755546  0.251728  4.25622  
0.754972  0.756376  3.3644  
0.18931  0.668105  4.94851  
0.247201  0.760455  4.22498  
0.152138  0.763387  4.33033  
0.154567  0.0918691  5.53003  
0.766186  0.851778  2.92528  
0.764934  0.0419326  4.56557  
0.0399746  0.675506  5.2136  
0.767479  0.15158  4.30655  
0.762695  0.763387  3.27066  
0.857337  0.771846  2.88949  
0.769605  0.245876  4.16912  
0.0329869  0.154362  5.6508  
0.191604  0.190231  5.24627  
0.0162251  0.0468719  5.91439  
0.194142  0.679489  4.85679  
0.772417  0.768381  3.18189  
0.247688  0.774336  4.14138  
0.164403  0.774391  4.2389  
0.108204  0.686337  4.98676  
0.779324  0.0555841  4.45677  
0.779717  0.855933  2.84549  
0.779324  0.158206  4.22426  
0.019898  0.691185  5.12715  
0.857478  0.175764  3.95627  
0.637444  0.7814  4.06486  
0.170295  0.110558  5.45351  
0.782995  0.250682  4.09369  
0.844053  0.786897  2.81658  
0.121077  0.693511  4.90175  
0.117299  0.0290986  5.7409  
0.168606  0.786275  4.16634  
0.201019  0.691625  4.75957  
0.11521  0.858169  4.08993  
0.772417  0.7814  3.10796  
0.787736  0.64999  3.9479  
0.251586  0.78728  4.07164  
0.649705  0.785822  3.95954  
0.782513  0.0817456  4.38435  
