1  8.12673e-14  
6.12323e-17  1  
0.707114  0.707099  
0.545335  0.838218  
0.838229  0.545318  
0.442223  0.896905  
0.896911  0.442212  
0.928677  0.370891  
0.370909  0.928669  
0.638509  0.769614  
0.769628  0.638493  
0.318744  0.947841  
0.947866  0.318668  
0.27902  0.960285  
0.96032  0.278901  
0.799887  0.600151  
0.600177  0.799867  
0.509128  0.860691  
0.86069  0.509129  
0.737686  0.675144  
0.675158  0.737673  
0.247835  0.968802  
0.96883  0.247725  
0.222669  0.974894  
0.974908  0.222608  
0.873891  0.486122  
0.486123  0.873891  
0.816057  0.577972  
0.577979  0.816051  
0.907187  0.420727  
0.420739  0.907182  
0.201945  0.979397  
0.979415  0.201856  
0.184719  0.982791  
0.982804  0.184654  
0.752772  0.658281  
0.65829  0.752764  
0.783185  0.621789  
0.621785  0.783188  
0.722245  0.691637  
0.691677  0.722207  
0.882018  0.471217  
0.471233  0.882009  
0.913908  0.40592  
0.405916  0.91391  
0.170126  0.985422  
0.985506  0.169643  
0.934073  0.357083  
0.357123  0.934057  
0.53162  0.846983  
0.846997  0.531598  
0.825157  0.564904  
0.564897  0.825162  
0.1576  0.987503  
0.987569  0.157187  
0.146751  0.989173  
0.989232  0.146357  
0.918406  0.39564  
0.395663  0.918396  
0.937842  0.347062  
0.347107  0.937826  
0.887161  0.461461  
0.461468  0.887157  
0.13717  0.990548  
0.990581  0.136929  
0.790521  0.612435  
0.309342  0.950951  
0.950987  0.309231  
0.612415  0.790537  
0.806778  0.590855  
0.590856  0.806777  
0.649245  0.760579  
0.760578  0.649247  
0.523155  0.852237  
0.852244  0.523145  
0.128811  0.991669  
0.86556  0.500805  
0.500781  0.865574  
0.991723  0.128394  
0.683739  0.729727  
0.729766  0.683697  
0.744853  0.667229  
0.667245  0.744838  
0.83043  0.557122  
0.557108  0.83044  
0.71465  0.699482  
0.699515  0.714618  
0.631053  0.775739  
0.775753  0.631037  
0.121318  0.992614  
0.992665  0.120899  
0.940523  0.339729  
0.339771  0.940508  
0.388462  0.921465  
0.921478  0.388432  
0.302267  0.953223  
0.953283  0.302078  
0.900292  0.435286  
0.435331  0.90027  
0.272376  0.962191  
