0.577352  0.577352  0.577346  
0.577352  0.577352  0.577346  
4.32978e-17  4.32978e-17  1  
0.707109  0.707113  2.5309e-17  
0.430895  0.430895  0.79288  
0.342445  0.342445  0.874907  
0.626579  0.626579  0.463462  
0.508283  0.508283  0.695195  
0.283234  0.283234  0.916273  
0.652315  0.652315  0.385968  
0.240922  0.240922  0.940167  
0.667519  0.667519  0.329906  
0.541041  0.541041  0.643856  
0.47313  0.47313  0.743166  
0.397221  0.397221  0.827303  
0.209246  0.209246  0.955213  
0.677223  0.677223  0.28764  
0.597109  0.597109  0.53565  
0.184668  0.184668  0.965296  
0.683798  0.683798  0.254638  
0.376878  0.376878  0.846124  
0.5573  0.5573  0.615495  
0.165089  0.165089  0.972364  
0.323365  0.323365  0.889308  
0.454322  0.454322  0.766279  
0.688451  0.688451  0.22819  
0.608312  0.608312  0.509817  
0.635225  0.635225  0.439293  
0.491312  0.491312  0.719184  
0.52412  0.52412  0.671265  
0.149155  0.149155  0.9775  
0.691869  0.691869  0.20648  
0.416986  0.416986  0.807617  
0.135959  0.135959  0.981341  
0.310655  0.310655  0.898324  
0.694472  0.694517  0.188424  
0.364271  0.364271  0.857096  
0.271379  0.271379  0.923421  
0.585431  0.585431  0.56084  
0.640752  0.640752  0.422935  
0.615016  0.615016  0.493467  
0.565993  0.565993  0.59942  
0.124846  0.124846  0.98429  
0.656728  0.656728  0.370698  
0.696381  0.696381  0.173515  
0.443994  0.443994  0.778293  
0.115351  0.115351  0.986604  
0.697936  0.697936  0.160535  
0.532087  0.532087  0.658609  
0.548402  0.548402  0.631278  
0.482611  0.482611  0.730871  
0.464458  0.464458  0.754028  
0.302079  0.302079  0.904155  
0.499873  0.499873  0.707286  
0.262962  0.262962  0.928279  
0.107173  0.107173  0.988447  
0.516001  0.516001  0.68373  
0.408896  0.408896  0.815848  
0.389256  0.389256  0.834841  
0.699186  0.699186  0.149254  
0.644394  0.644394  0.41172  
0.356357  0.356357  0.863724  
0.23304  0.23304  0.944131  
0.659773  0.659773  0.359722  
0.619164  0.619164  0.482982  
0.670001  0.670001  0.319681  
0.100046  0.100046  0.98994  
0.590117  0.590117  0.55093  
0.700203  0.700203  0.139394  
0.601425  0.601425  0.525906  
0.335843  0.335843  0.880011  
0.570823  0.570823  0.590189  
0.0937347  0.0937347  0.991175  
0.701047  0.701047  0.130641  
0.256908  0.256908  0.931663  
0.424977  0.424977  0.799243  
0.296237  0.296237  0.908013  
0.227202  0.227202  0.946973  
0.438254  0.438254  0.784771  
0.629533  0.629533  0.455385  
0.661915  0.661915  0.351764  
0.0881689  0.0881689  0.992196  
0.646845  0.646845  0.40396  
0.203751  0.203751  0.957586  
0.671809  0.671809  0.312003  
0.701736  0.701736  0.123012  
0.678736  0.678736  0.280417  
0.351356  0.351356  0.867812  
0.552375  0.552375  0.62431  
0.0832429  0.0832429  0.993046  
0.561092  0.561092  0.608565  
0.384429  0.384429  0.839302  
0.536247  0.536247  0.651827  
0.621786  0.621786  0.476197  
0.702326  0.702326  0.116092  
0.372093  0.372093  0.850349  
0.404147  0.404147  0.820567  
0.580692  0.580692  0.570609  
0.459812  0.459812  0.759701  
0.449673  0.449673  0.771744  
