1  8.93508e-14  1.09276e-13  
6.12323e-17  1  2.77132e-16  
2.18773e-16  4.55509e-16  1  
0.577382  0.577374  0.577295  
0.682781  0.682771  0.260064  
0.260014  0.68275  0.682821  
0.682828  0.259796  0.682827  
0.67301  0.739633  0  
4.52892e-17  0.739629  0.673015  
0.672606  4.1307e-17  0.740001  
0.788748  0.471477  0.394444  
0.395168  0.470397  0.78903  
0.401321  0.790243  0.463096  
0.816841  0.288302  0.499652  
0.81939  0.558805  0.127813  
0.492843  0.290139  0.82032  
0.820784  0.108574  0.560826  
0.118898  0.558525  0.820922  
0.493849  0.822275  0.282801  
0.233095  0.831629  0.504044  
0.518601  0.846135  0.122919  
0.51895  0.118321  0.846576  
0.0815384  0.849511  0.521233  
0.862118  0.506707  8.404e-15  
0.271202  0.419351  0.866368  
0.866647  0.341763  0.363485  
3.50559e-06  0.498509  0.866884  
0.361656  0.868898  0.337967  
0.87091  4.95393e-17  0.491443  
0.496676  0.867936  0  
0.484112  2.97309e-17  0.875006  
0.88559  0.39202  0.2491  
0.24774  0.886379  0.391096  
0.570169  0.677387  0.464817  
0.570644  0.465126  0.676774  
0.373434  0.278416  0.884891  
0.4596  0.679434  0.571959  
0.678269  0.567024  0.46737  
0.462043  0.569448  0.679886  
0.388889  0.892329  0.229159  
0.682401  0.458817  0.569048  
0.89318  0.234299  0.38384  
0.00563517  0.895732  0.444558  
0.769512  0.0198572  0.638324  
0.0329179  0.64029  0.767427  
0.900717  0.408242  0.148483  
0.16623  0.399352  0.901602  
0.76485  0.642484  0.047093  
0.578483  0.726981  0.369939  
0.40223  0.905637  0.134287  
0.906533  0.14061  0.398029  
0.381231  0.185169  0.905746  
0.577073  0.371259  0.727429  
0.908334  0.41476  0.0538775  
0.910686  0.29898  0.285066  
0.408436  0.911798  0.0424682  
0.276083  0.303711  0.911887  
0.0346146  0.408979  0.911887  
0.283405  0.911305  0.298671  
0.913052  0.0533584  0.404337  
4.96972e-17  0.811617  0.58419  
0.374887  0.71081  0.595155  
0.167197  0.917947  0.359748  
0.733242  0.377393  0.565625  
0.404107  0.0146121  0.914595  
0.696761  0.603603  0.38754  
0.922245  0.326309  0.207333  
0.38538  0.587592  0.71149  
0.596712  0.7697  0.226929  
0.9245  0.223484  0.308794  
0.315004  0.924494  0.21467  
0.088428  0.925018  0.369489  
0.495193  0.714208  0.494663  
0.495336  0.494274  0.714377  
0.71454  0.494132  0.495243  
0.600749  0.0207182  0.799169  
0.303543  0.740525  0.59957  
0.602823  0.797864  0.00411756  
0.611618  0.507033  0.607323  
0.930597  0.366028  0.00345495  
0.507649  0.607947  0.610487  
0.750945  0.574741  0.325199  
0.333911  0.931272  0.145729  
0.013318  0.931722  0.362928  
0.931861  5.72288e-17  0.362815  
0.60853  0.60978  0.507799  
0.181457  0.312253  0.932508  
0.305229  0.192717  0.932574  
0.216983  0.932943  0.28729  
0.318573  0.575188  0.753439  
0.510461  0.41377  0.753806  
0.357151  0.934047  1.81445e-14  
0.513829  0.753922  0.409367  
0.801964  0.406591  0.437649  
0.936752  0.257987  0.236511  
0.79888  0.601491  0  
0.336038  0.0869728  0.937824  
0.42799  0.378036  0.820922  
0.00665246  0.34422  0.938866  
0.332793  0.507413  0.794846  
