0.57735  0.57735  0.57735  
0.57735  0.57735  0.57735  
4.32978e-17  4.32978e-17  1  
0.707107  0.707107  0  
0.430889  0.430889  0.792886  
0.342439  0.342439  0.874912  
0.626579  0.626579  0.463463  
0.508289  0.508289  0.695186  
0.283233  0.283233  0.916274  
0.652313  0.652313  0.385972  
0.240924  0.240924  0.940166  
0.667506  0.667506  0.329957  
0.541053  0.541053  0.643835  
0.473122  0.473122  0.743176  
0.397222  0.397222  0.827303  
0.209252  0.209252  0.955211  
0.677221  0.677221  0.287653  
0.597102  0.597102  0.535667  
0.184691  0.184691  0.965287  
0.683793  0.683793  0.254664  
0.376869  0.376869  0.846132  
0.557315  0.557315  0.615468  
0.165138  0.165138  0.972347  
0.323371  0.323371  0.889304  
0.454321  0.454321  0.76628  
0.688439  0.688439  0.22826  
0.608318  0.608318  0.509802  
0.635226  0.635226  0.439291  
0.491312  0.491312  0.719183  
0.524121  0.524121  0.671263  
0.149206  0.149206  0.977484  
0.691844  0.691844  0.206651  
0.416984  0.416984  0.807619  
0.136004  0.136004  0.981329  
0.694405  0.694405  0.188688  
0.31067  0.31067  0.898314  
0.364268  0.364268  0.857099  
0.27139  0.27139  0.923415  
0.585435  0.585435  0.560831  
0.640754  0.640754  0.422929  
0.61502  0.61502  0.493459  
0.565987  0.565987  0.599431  
0.124884  0.124884  0.98428  
0.656721  0.656721  0.370722  
0.69638  0.69638  0.173522  
0.443995  0.443995  0.778291  
0.115374  0.115374  0.986599  
0.697935  0.697935  0.160545  
0.532082  0.532082  0.658617  
0.548404  0.548404  0.631274  
0.482613  0.482613  0.730869  
0.464451  0.464451  0.754036  
0.302094  0.302094  0.904145  
0.262979  0.262979  0.928269  
0.49988  0.49988  0.707277  
0.107154  0.107154  0.988451  
0.516009  0.516009  0.683718  
0.408886  0.408886  0.815858  
0.389241  0.389241  0.834855  
0.699185  0.699185  0.14927  
0.644394  0.644394  0.411719  
0.35635  0.35635  0.86373  
0.233079  0.233079  0.944113  
0.659766  0.659766  0.359747  
0.619168  0.619168  0.482972  
0.669993  0.669993  0.319718  
0.100041  0.100041  0.989941  
0.590113  0.590113  0.550938  
0.700194  0.700194  0.139485  
0.601431  0.601431  0.525892  
0.335855  0.335855  0.880001  
0.570821  0.570821  0.590193  
0.0936794  0.0936794  0.991185  
0.701024  0.701024  0.130881  
0.256948  0.256948  0.931641  
0.424972  0.424972  0.799248  
0.296244  0.296244  0.908008  
0.227232  0.227232  0.946959  
0.438263  0.438263  0.784762  
0.629529  0.629529  0.455398  
0.661903  0.661903  0.351807  
0.0881213  0.0881213  0.992204  
0.64684  0.64684  0.403976  
0.203794  0.203794  0.957568  
0.671798  0.671798  0.31205  
0.701718  0.701718  0.123222  
0.678724  0.678724  0.280477  
0.351336  0.351336  0.867828  
0.552375  0.552375  0.62431  
0.0831324  0.0831324  0.993065  
0.561089  0.561089  0.608571  
0.384416  0.384416  0.839314  
0.702299  0.702299  0.116416  
0.536243  0.536243  0.651833  
0.621789  0.621789  0.47619  
0.372094  0.372094  0.850348  
0.580682  0.580682  0.570628  
0.404131  0.404131  0.820583  
0.459805  0.459805  0.75971  
0.449684  0.449684  0.77173  
