1  5.31612e-16  
6.12323e-17  1  
0.707107  0.707106  
0.838222  0.545329  
0.545325  0.838224  
0.896901  0.442231  
0.442227  0.896903  
0.928672  0.370903  
0.370897  0.928674  
0.638503  0.769619  
0.769624  0.638498  
0.318739  0.947843  
0.947843  0.318736  
0.279016  0.960287  
0.960288  0.279011  
0.600159  0.799881  
0.799883  0.600156  
0.509118  0.860696  
0.860697  0.509118  
0.737675  0.675156  
0.675161  0.737671  
0.968807  0.247818  
0.247826  0.968805  
0.222703  0.974886  
0.974887  0.222701  
0.486113  0.873896  
0.873894  0.486117  
0.577981  0.81605  
0.81605  0.577981  
0.907181  0.42074  
0.420735  0.907184  
0.979374  0.202057  
0.202035  0.979378  
0.982772  0.184821  
0.184792  0.982778  
0.658299  0.752756  
0.752763  0.658291  
0.78318  0.621795  
0.621801  0.783176  
0.691659  0.722224  
0.72222  0.691663  
0.882011  0.471229  
0.471225  0.882013  
0.405955  0.913893  
0.913894  0.405953  
0.985411  0.170192  
0.170186  0.985412  
0.934058  0.357121  
0.357118  0.934059  
0.846986  0.531616  
0.531618  0.846984  
0.564906  0.825156  
0.825144  0.564922  
0.987491  0.157676  
0.157653  0.987495  
0.989165  0.146811  
0.14675  0.989174  
0.39567  0.918393  
0.918391  0.395675  
0.347101  0.937828  
0.937836  0.347078  
0.461476  0.887153  
0.887153  0.461476  
0.990524  0.137338  
0.137267  0.990534  
0.61244  0.790517  
0.790525  0.61243  
0.309387  0.950936  
0.950941  0.309371  
0.590869  0.806768  
0.806762  0.590876  
0.64925  0.760575  
0.760572  0.649254  
0.852236  0.523158  
0.523152  0.85224  
0.991655  0.128918  
0.128909  0.991656  
0.500792  0.865568  
0.865568  0.500791  
0.729736  0.683729  
0.683724  0.729741  
0.744844  0.667239  
0.667243  0.74484  
0.830427  0.557127  
0.557117  0.830434  
0.69951  0.714623  
0.714627  0.699505  
0.631057  0.775736  
0.775747  0.631044  
0.992592  0.121498  
0.121484  0.992593  
0.339754  0.940514  
0.940521  0.339735  
0.921463  0.388466  
0.388447  0.921471  
0.302312  0.953209  
0.953217  0.302286  
0.900274  0.435323  
0.435316  0.900278  
0.993381  0.114863  
