1  9.44315e-14  6.49429e-15  
6.12323e-17  1  7.55795e-15  
4.14597e-17  4.5061e-17  1  
0.577378  0.577289  0.577383  
0.259994  0.682788  0.682791  
0.682754  0.260052  0.682803  
0.682766  0.682727  0.26022  
0.673095  0.739556  0  
0.739614  0  0.673031  
4.52977e-17  0.739768  0.672862  
0.788729  0.471476  0.394484  
0.471544  0.394511  0.788675  
0.400936  0.790326  0.463288  
0.287959  0.499727  0.817045  
0.819433  0.558406  0.129275  
0.558454  0.128424  0.819534  
0.820203  0.2898  0.493237  
0.0940334  0.561687  0.821989  
0.495367  0.82151  0.282372  
0.231465  0.832109  0.504002  
0.844777  0.134471  0.517947  
0.517433  0.846318  0.126523  
0.0794866  0.848572  0.523075  
0.861363  0.50799  2.88042e-10  
0.507479  1.44993e-06  0.861665  
0.864558  0  0.502655  
0.341689  0.363916  0.866496  
0.867444  0.343654  0.359782  
0.361061  0.868911  0.338692  
0.49171  0.870856  0  
2.94887e-17  0.481587  0.876398  
0.393165  0.245799  0.886007  
0.886093  0.392914  0.24588  
0.465301  0.676822  0.570445  
0.570851  0.465243  0.676519  
0.676708  0.570356  0.465576  
0.245157  0.886617  0.392184  
0.891277  0.232368  0.389398  
0.567555  0.681441  0.462081  
0.462071  0.568355  0.680781  
0.680743  0.461655  0.568739  
0.000111355  0.892996  0.450065  
0.384821  0.893973  0.229682  
0.0028801  0.635765  0.771878  
0.237309  0.374034  0.896539  
0.408481  0.146824  0.900881  
0.901382  0.407505  0.146462  
0.642481  0.0472497  0.764844  
0.764246  0.64307  0.0488815  
0.903807  0.135292  0.40599  
0.579564  0.727302  0.367609  
0.726715  0.36769  0.58025  
0.39824  0.90703  0.136754  
0.907872  0.415734  0.0541633  
0.415234  0.0478386  0.908456  
0.145124  0.390253  0.909198  
0.910441  0.00778283  0.413566  
0.911254  0.299719  0.282462  
0.304242  0.283661  0.909386  
0.326825  0.742567  0.58462  
0.275078  0.911691  0.305208  
0.404492  0.913226  0.0490341  
4.95215e-17  0.808747  0.588156  
0.0608472  0.394394  0.916925  
0.380551  0.562396  0.734093  
0.170063  0.91844  0.357135  
0.602882  0.38715  0.697602  
0.696523  0.604386  0.386747  
0.922596  0.328422  0.202376  
0.325151  0.204415  0.923305  
0.768387  0.231201  0.596764  
0.596317  0.770272  0.226024  
0.308075  0.923954  0.226714  
0.492553  0.715371  0.495616  
0.714  0.49575  0.494405  
0.230077  0.300019  0.925772  
0.924442  0.208763  0.319103  
0.599483  0.797434  0.0687002  
0.497454  0.492188  0.714347  
0.00777706  0.925767  0.378015  
0.794027  0.0846232  0.601964  
0.928741  0.370728  2.26923e-05  
0.607129  0.611287  0.507664  
0.507852  0.607139  0.611122  
0.611759  0.507416  0.60686  
0.597904  0.801568  0  
0.575254  0.323987  0.751076  
0.366934  1.22474e-09  0.930247  
0.796725  0.0109738  0.604249  
0.932356  0.139582  0.333521  
0.751668  0.414475  0.513047  
0.325749  0.931852  0.159813  
0.209522  0.933686  0.290399  
0.753439  0.567578  0.331941  
0.35694  0.934127  6.49429e-15  
0.512862  0.755692  0.407311  
0.155249  0.32058  0.934414  
0.399774  0.67748  0.617416  
0.93596  3.18154e-05  0.352106  
0.799747  0.600338  1.8259e-11  
