1  3.99121e-14  9.49177e-15  
8.64366e-14  1  1.61624e-16  
5.72477e-18  6.09641e-17  1  
0.5774  0.577241  0.57741  
0.682769  0.682751  0.26015  
0.260174  0.682754  0.682757  
0.682894  0.259422  0.682902  
4.5288e-17  0.739608  0.673037  
0.673185  0.739474  0  
0.740349  8.92442e-18  0.672223  
0.47164  0.394445  0.78865  
0.789233  0.468838  0.396614  
0.463284  0.790186  0.401216  
0.287799  0.49969  0.816995  
0.559445  0.12711  0.819063  
0.819313  0.558783  0.128406  
0.820728  0.289297  0.492659  
0.106164  0.560668  0.821207  
0.284487  0.821305  0.494495  
0.504247  0.831609  0.232725  
0.845223  0.133175  0.517554  
0.129311  0.845258  0.518476  
0.522302  0.848869  0.081376  
0.861788  0.507268  7.57278e-05  
0.506454  2.34764e-18  0.862267  
0.340242  0.365818  0.866264  
0.861771  3.9947e-18  0.507297  
0.867976  0.341495  0.360555  
5.31628e-17  0.868215  0.496188  
0.338884  0.869002  0.360546  
2.99774e-17  0.489569  0.871965  
0.391674  0.250215  0.885429  
0.885982  0.393246  0.24575  
0.39096  0.886585  0.247221  
0.464908  0.677322  0.570172  
0.676924  0.464935  0.570621  
0.888938  0.230773  0.395642  
0.572186  0.679634  0.459022  
0.467439  0.566937  0.678294  
0.679388  0.570495  0.461484  
0.451182  0.892432  8.98094e-05  
0.569756  0.459553  0.681314  
0.227636  0.892749  0.38882  
0.233697  0.383113  0.89365  
0.0172884  0.637618  0.770159  
0.407303  0.150049  0.900883  
0.90144  0.408353  0.143714  
0.642852  0.0402404  0.764932  
0.76467  0.642613  0.0482555  
0.901883  0.134521  0.410501  
0.369725  0.726514  0.579208  
0.72651  0.370303  0.578843  
0.133592  0.906059  0.40151  
0.140768  0.396784  0.907054  
0.414568  0.0581473  0.908159  
0.90811  0.415663  0.0505985  
0.300328  0.285311  0.910165  
0.910291  0.0132722  0.413757  
0.584603  0.742716  0.326515  
0.0453169  0.911848  0.40802  
0.297814  0.91184  0.282587  
0.910028  0.305558  0.280147  
0.0542488  0.402925  0.913624  
0.588854  0.808208  0.00715895  
0.367028  0.915287  0.165954  
0.383422  0.562324  0.732652  
0.921202  0.225161  0.317314  
0.329217  0.203855  0.921987  
0.922465  0.328793  0.202369  
0.696891  0.605517  0.384308  
0.604927  0.382783  0.698241  
0.374696  0.922908  0.0885634  
0.768956  0.232856  0.595386  
0.221476  0.923744  0.312483  
0.228897  0.769176  0.596636  
0.496125  0.714097  0.493889  
0.713784  0.495172  0.495295  
0.223732  0.307589  0.924842  
0.377582  0.925882  0.0132057  
0.49648  0.491004  0.715837  
0.0763547  0.79583  0.600687  
0.372385  4.76268e-08  0.928079  
0.929624  0.151906  0.335743  
0.60926  0.609386  0.507396  
0.930145  0.367193  0.000242666  
0.000438998  0.7976  0.603186  
0.607034  0.507419  0.611585  
0.296918  0.930745  0.213433  
0.15211  0.930647  0.332804  
0.154961  0.328279  0.931783  
0.792036  0.0876304  0.604153  
0.509658  0.606082  0.610666  
0.57646  0.32096  0.751451  
2.22283e-17  0.363015  0.931783  
0.75201  0.573682  0.324608  
0.754021  0.411589  0.511905  
0.00064405  0.933664  0.35815  
0.407417  0.755318  0.513329  
0.796374  0.0113331  0.604698  
0.936976  0.24663  0.247488  
