1  1.30604e-34  
6.12323e-17  1  
0.707104  0.70711  
0.838222  0.54533  
0.545334  0.838219  
0.896901  0.442232  
0.442221  0.896906  
0.928674  0.370898  
0.370899  0.928673  
0.769619  0.638504  
0.638503  0.769619  
0.947843  0.318737  
0.318748  0.947839  
0.279031  0.960282  
0.960287  0.279015  
0.600162  0.799879  
0.799877  0.600164  
0.509127  0.860691  
0.860695  0.509121  
0.737673  0.675158  
0.675156  0.737675  
0.968806  0.24782  
0.247786  0.968815  
0.974885  0.222707  
0.222657  0.974897  
0.486108  0.873898  
0.873897  0.486112  
0.81605  0.577981  
0.577973  0.816056  
0.907184  0.420733  
0.42073  0.907186  
0.979376  0.202046  
0.20202  0.979381  
0.982774  0.184812  
0.184787  0.982779  
0.752759  0.658296  
0.65829  0.752764  
0.783175  0.621802  
0.621796  0.783179  
0.691656  0.722227  
0.722221  0.691663  
0.471213  0.882019  
0.882012  0.471227  
0.913898  0.405943  
0.405955  0.913893  
0.985406  0.170222  
0.170199  0.98541  
0.934062  0.357111  
0.357112  0.934061  
0.846988  0.531612  
0.531609  0.84699  
0.825152  0.564911  
0.564902  0.825158  
0.987486  0.157706  
0.157668  0.987492  
0.146818  0.989164  
0.989164  0.146814  
0.918394  0.395668  
0.395647  0.918402  
0.937832  0.347089  
0.347094  0.93783  
0.46146  0.887161  
0.887172  0.461439  
0.990525  0.137336  
0.137326  0.990526  
0.790518  0.612439  
0.950937  0.309385  
0.309393  0.950934  
0.612421  0.790532  
0.806765  0.590873  
0.59086  0.806774  
0.760578  0.649247  
0.64925  0.760575  
0.852243  0.523146  
0.523147  0.852242  
0.991647  0.128983  
0.128958  0.99165  
0.865568  0.500791  
0.500799  0.865564  
0.729737  0.683728  
0.683726  0.729739  
0.744841  0.667242  
0.667234  0.744848  
0.830432  0.557121  
0.5571  0.830445  
0.699506  0.714627  
0.714628  0.699505  
0.631063  0.775732  
0.77573  0.631065  
0.121535  0.992587  
0.992588  0.121529  
0.940514  0.339754  
0.339767  0.94051  
0.388441  0.921474  
0.921476  0.388435  
0.953213  0.3023  
0.302294  0.953215  
0.435315  0.900278  
0.90028  0.43531  
0.114901  0.993377  
