1  1.40183e-13  1.33231e-24  
6.12323e-17  1  7.54553e-30  
4.41994e-17  4.23771e-17  1  
0.577365  0.577372  0.577314  
0.682786  0.682793  0.259995  
0.682767  0.259832  0.682874  
0.258903  0.682955  0.683038  
0.739744  0.672888  2.07225e-51  
0.739937  8.28556e-18  0.672676  
4.53616e-17  0.740811  0.671714  
0.394339  0.471549  0.788758  
0.471089  0.788809  0.394785  
0.790267  0.463147  0.401215  
0.499886  0.286855  0.817208  
0.126744  0.559263  0.819244  
0.558257  0.819519  0.129375  
0.291277  0.820357  0.49211  
0.821589  0.284303  0.494128  
0.561844  0.0937035  0.821919  
0.831573  0.50428  0.232783  
0.135287  0.845151  0.517123  
0.845286  0.129113  0.518479  
0.849111  0.521906  0.0813932  
0.508121  0.861285  2.71909e-07  
3.10475e-17  0.507045  0.86192  
5.29052e-17  0.864007  0.50348  
0.364464  0.340966  0.866549  
0.34315  0.867778  0.359456  
0.868511  6.66194e-23  0.49567  
0.869301  0.335002  0.363441  
0.481452  5.01862e-22  0.876472  
0.248266  0.392468  0.885626  
0.393369  0.885977  0.245573  
0.886459  0.390849  0.247847  
0.67754  0.570008  0.464791  
0.465315  0.676353  0.57099  
0.570818  0.464775  0.676869  
0.232168  0.889678  0.393156  
0.681516  0.46127  0.568125  
0.568661  0.680252  0.462474  
0.462174  0.568477  0.680609  
0.89242  0.451206  0.000299492  
0.893628  0.228064  0.386543  
0.635595  0.00191667  0.77202  
0.377994  0.233767  0.895809  
0.409356  0.900554  0.146392  
0.143811  0.408365  0.901419  
0.0377206  0.643571  0.764456  
0.642981  0.764283  0.0494704  
0.135077  0.903412  0.406941  
0.727633  0.367113  0.579464  
0.371147  0.725974  0.578986  
0.906615  0.132458  0.40063  
0.415992  0.907915  0.0513873  
0.0317004  0.415855  0.908878  
0.0320393  0.909949  0.413481  
0.389099  0.141255  0.910301  
0.284469  0.299588  0.910672  
0.911076  0.301754  0.280863  
0.302424  0.911189  0.279775  
0.741976  0.58492  0.327628  
0.912331  0.0391676  0.407576  
0.808343  0.588659  0.00783113  
0.396849  0.0526294  0.916374  
0.91542  0.365538  0.168488  
0.562405  0.381736  0.73347  
0.20363  0.328431  0.922317  
0.22314  0.922133  0.316036  
0.384413  0.604749  0.697499  
0.605128  0.696799  0.385086  
0.329006  0.922732  0.200802  
0.923005  0.373905  0.0908694  
0.233187  0.768685  0.595606  
0.769293  0.229274  0.59634  
0.924278  0.224986  0.308368  
0.715446  0.49473  0.493335  
0.493949  0.714021  0.496174  
0.926083  0.376943  0.0168364  
0.302146  0.22381  0.926616  
0.491658  0.495581  0.716011  
0.796521  0.0682182  0.600749  
0.151027  0.929508  0.33646  
0.367728  0.929933  0.000585533  
0.607651  0.61071  0.507734  
0.0829269  0.794015  0.602216  
0.612022  0.506552  0.607318  
0.508042  0.60697  0.611131  
0.931216  0.296804  0.21153  
0.930395  0.15517  0.332205  
0.575649  0.751243  0.322897  
0.799686  4.48547e-17  0.600419  
0.103297  0.347279  0.93206  
0.322837  0.575449  0.751422  
0.414  0.752953  0.511533  
0.00722719  0.796542  0.60454  
0.0845689  0.933853  0.347514  
0.755321  0.407183  0.51351  
7.15448e-06  0.934379  0.356281  
2.19959e-17  0.359221  0.933253  
0.359221  1.16959e-21  0.933253  
