0.859393  0.859402  2.61401  
0.859393  0.859402  2.61401  
5.97018e-05  4.26703e-05  5.9999  
0  0.694577  5.12482  
0.767139  3.04336e-17  4.61023  
0.00458111  0.859402  4.30223  
0.858186  0.186499  3.93731  
0.185946  0.113336  5.41851  
0.251386  0.859402  3.8802  
0.251451  0.251401  5.14639  
0.854222  0.654013  3.73185  
0.66101  0.855559  3.6818  
0.249594  0.663304  4.93096  
0.805672  8.93589e-14  4.41588  
0  0.102352  5.81353  
0  0.191845  5.62169  
0.85399  0.678889  3.55123  
0.68478  0.854082  3.507  
0.247049  0.686657  4.75821  
0.690978  0.691511  4.30013  
0.0845475  0.69704  4.96113  
0.855912  0.699999  3.39118  
0.0928135  0.855246  4.14365  
0.705078  0.856219  3.35262  
0.859394  0.0335518  4.26302  
0.701058  0.70217  4.1429  
0.252055  0.706371  4.60863  
0.101821  0.710764  4.81706  
0.712912  0.71125  3.98504  
0.854009  0.718769  3.25044  
0.723851  0.858855  3.21166  
0.721565  0.721982  3.83997  
0.243548  0.724089  4.47698  
0.109463  0.726679  4.68048  
0.638876  0.123155  5.29045  
0.132711  3.26354e-17  5.74132  
0.85216  0.735863  3.1266  
0.0641518  0.245383  5.47361  
0.728214  0.734599  3.69936  
0.741499  0.854525  3.08577  
0.133708  0.244946  5.31278  
0.649445  0.251516  5.0287  
0.125873  0.738673  4.55508  
0.250142  0.740053  4.36116  
0.651971  0.135712  5.17235  
0.188347  3.26354e-17  5.62725  
0.644874  8.93589e-14  5.48665  
0.746092  0.244672  4.31998  
0.139916  0.855878  4.03208  
0.251346  0.135228  5.30863  
0  0.747796  4.73453  
0.740405  0.745849  3.53325  
0.842598  0.752814  3.01895  
0.659583  0.0127473  5.37101  
0.143407  0.749601  4.43897  
0.663203  0.146787  5.06744  
0.857727  0.0848628  4.16139  
0.247912  0.754889  4.26068  
0.760075  0.852022  2.96307  
0.0169919  0.761025  4.62824  
0.667839  0.186431  4.95515  
0.760923  0.248464  4.2219  
0.748456  0.752814  3.43439  
0.6733  0.0151201  5.26737  
0.8542  0.766093  2.92464  
0.153236  0.76223  4.33514  
0.76413  0.14857  4.3336  
0.0903763  0.103503  5.65242  
0.754614  0.763425  3.32252  
0.0416553  0.773168  4.51708  
0.255981  0.769153  4.17167  
0.0469185  0.0163324  5.91417  
0.190389  0.191698  5.24588  
0.774687  0.852925  2.87463  
0.101086  0.149576  5.5229  
0.680095  0.186021  4.8651  
0.683758  0.0540965  5.12608  
0.774847  0.250227  4.13829  
0.686355  0.105612  4.9928  
0.777631  0.153094  4.24452  
0.245343  0.0343761  5.52842  
0.858186  0.779634  2.84553  
0.153038  0.777613  4.24475  
0.0667563  0.782324  4.41799  
0.76511  0.775835  3.19567  
0.175695  0.858269  3.9563  
0.635489  0.778001  4.09598  
0.25449  0.782324  4.09737  
0.784048  0.635668  4.0624  
0.691887  0.182872  4.78159  
0.695323  0.109972  4.91455  
0.787881  0.860545  2.80248  
0.858684  0.115164  4.09  
0.184744  0.782247  4.15763  
0.788477  0.245383  4.06619  
0.648493  0.786988  3.96195  
0.774687  0.782152  3.09092  
0.785849  0.651507  3.95867  
0.000831717  0.794725  4.46175  
0.101086  0.188596  5.44503  
