0.577351  0.577351  0.577349  
0.577351  0.577351  0.577349  
4.32978e-17  4.32978e-17  1  
0.707115  0.707116  0  
0.430892  0.430892  0.792884  
0.342429  0.342429  0.87492  
0.626582  0.626582  0.463455  
0.508279  0.508279  0.695202  
0.28322  0.28322  0.916282  
0.652315  0.652315  0.385968  
0.240915  0.240915  0.94017  
0.667506  0.667506  0.329955  
0.541046  0.541046  0.643847  
0.473121  0.473121  0.743178  
0.397214  0.397214  0.82731  
0.209239  0.209239  0.955216  
0.677216  0.677216  0.287675  
0.59711  0.59711  0.535648  
0.184671  0.184671  0.965294  
0.683787  0.683787  0.254697  
0.376866  0.376866  0.846135  
0.557302  0.557302  0.61549  
0.165112  0.165112  0.972356  
0.323356  0.323356  0.889315  
0.454319  0.454319  0.766282  
0.688439  0.688439  0.228264  
0.608312  0.608312  0.509816  
0.635227  0.635227  0.439288  
0.491316  0.491316  0.719178  
0.524126  0.524126  0.671256  
0.149168  0.149168  0.977496  
0.691842  0.691842  0.206665  
0.416966  0.416966  0.807638  
0.135966  0.135966  0.981339  
0.69441  0.69441  0.188653  
0.31066  0.31066  0.898321  
0.364264  0.364264  0.857102  
0.271376  0.271376  0.923423  
0.585434  0.585434  0.560833  
0.640752  0.640752  0.422934  
0.61502  0.61502  0.493457  
0.565993  0.565993  0.59942  
0.124845  0.124845  0.98429  
0.656725  0.656725  0.370707  
0.696392  0.696392  0.173429  
0.443999  0.443999  0.778286  
0.115359  0.115359  0.986602  
0.697947  0.697947  0.160439  
0.532097  0.532097  0.658593  
0.548408  0.548408  0.631267  
0.482613  0.482613  0.730869  
0.464462  0.464462  0.754023  
0.302071  0.302071  0.90416  
0.262961  0.262961  0.92828  
0.499876  0.499876  0.707282  
0.107146  0.107146  0.988453  
0.516004  0.516004  0.683726  
0.408868  0.408868  0.815877  
0.389229  0.389229  0.834866  
0.699191  0.699191  0.149213  
0.644395  0.644395  0.411716  
0.356335  0.356335  0.863743  
0.233046  0.233046  0.944129  
0.659771  0.659771  0.359728  
0.619163  0.619163  0.482984  
0.669992  0.669992  0.319721  
0.100035  0.100035  0.989942  
0.590116  0.590116  0.550932  
0.700198  0.700198  0.139448  
0.601426  0.601426  0.525903  
0.335837  0.335837  0.880015  
0.570825  0.570825  0.590184  
0.0936804  0.0936804  0.991185  
0.701032  0.701032  0.130798  
0.256937  0.256937  0.931647  
0.424963  0.424963  0.799258  
0.296216  0.296216  0.908027  
0.227221  0.227221  0.946964  
0.438255  0.438255  0.784771  
0.629527  0.629527  0.455403  
0.661908  0.661908  0.35179  
0.088123  0.088123  0.992204  
0.646849  0.646849  0.403946  
0.203772  0.203772  0.957577  
0.671797  0.671797  0.312056  
0.701725  0.701725  0.12314  
0.678727  0.678727  0.280462  
0.351329  0.351329  0.867834  
0.55238  0.55238  0.624302  
0.0832036  0.0832036  0.993053  
0.561094  0.561094  0.608562  
0.384411  0.384411  0.839319  
0.702307  0.702307  0.116318  
0.536248  0.536248  0.651825  
0.621796  0.621796  0.476171  
0.372086  0.372086  0.850355  
0.404119  0.404119  0.820594  
0.580687  0.580687  0.570619  
0.459803  0.459803  0.759712  
0.449682  0.449682  0.771733  
