0.499995  2.39457e-06  2.8653e-06  
4.34368e-06  0.499992  4.05927e-06  
1.00695e-06  2.88074e-06  0.499996  
0.166657  0.16667  0.166673  
0.25234  0.24766  0  
0.324887  0  0.175115  
9.96945e-18  0.300007  0.199993  
0.159134  0.000425113  0.340441  
0.0037842  0.146421  0.34989  
0.107983  0.359476  0.0325412  
0.358536  0.106628  0.0348363  
0.217964  0.0589339  0.223102  
0.0605861  0.0415771  0.397846  
0.0103954  0.402227  0.0882075  
0.407496  0.0125049  0.0799988  
0.156334  0.267855  0.075811  
0.268522  0.156589  0.0748889  
0.0792334  0.185935  0.234832  
0.116027  0.107668  0.276305  
0.0052242  0.220738  0.274038  
0.0595279  0.310241  0.130231  
0.278361  0.0914082  0.130231  
0.19664  0.203631  0.0997288  
0.0541721  0.438132  0.00769569  
0.251288  6.83049e-10  0.249531  
0.00105016  0.0570245  0.441925  
0.304354  0.180163  0.0154831  
0.43879  0.0612104  0  
0.351752  0.0355133  0.112737  
0.181143  0.311161  0.00769569  
0.160472  0.0512865  0.288241  
0.0948536  0.221528  0.183619  
0.0687117  0.0955598  0.335728  
0.0321422  0.251639  0.216219  
0.204692  0.118393  0.176915  
0.0119298  0.344114  0.143956  
0.10795  0.312975  0.0790748  
0.450848  0.0150467  0.0341052  
0.141016  0.129586  0.229398  
0.280102  0.0388793  0.181019  
0.207766  0.264537  0.0276974  
0.225638  0.14717  0.127201  
0.310125  0.102961  0.0869142  
0.0405512  0.167574  0.291875  
0.262626  0.205315  0.0320591  
0.396272  0.0637551  0.0399726  
0.04168  0.00565224  0.452674  
0.0655219  0.379836  0.0546424  
0.220009  0.220393  0.0595976  
0.193466  0.00580065  0.300734  
0.0147605  0.44135  0.0458889  
0.119941  0.0275569  0.352598  
0.308655  0.0525826  0.138763  
0.00539227  0.091359  0.403249  
0.0890565  0.271577  0.139366  
0.15849  0.213623  0.127887  
0.242283  0.080768  0.176949  
0.358661  0.0678723  0.0734667  
0.129465  0.183205  0.187331  
0.288939  0.00120296  0.209858  
0.401977  0.0980229  0  
0.0950662  0.0033012  0.401633  
0.147138  0.352862  8.33793e-10  
0.371351  0.00255829  0.126091  
0.00225836  0.180547  0.317195  
0.176322  0.0970105  0.226668  
0.075285  0.335015  0.0896996  
0.309947  0.145933  0.0441194  
0.0434389  0.356285  0.100276  
0.346728  0.152223  0.00104958  
0.150679  0.312041  0.0374588  
0.0391032  0.274031  0.186865  
0.108014  0.0709884  0.320998  
0.236298  0.180492  0.0832104  
0.464928  0.0291367  0.00593541  
0.00729646  0.0208742  0.471829  
0.176388  0.283415  0.0401975  
0.129094  0.260846  0.110061  
0.119999  0.331385  0.0486162  
0.0709513  0.0591719  0.369877  
0.216667  0.283331  2.11666e-06  
0.194982  0.165853  0.139165  
0.374725  0.125272  2.8653e-06  
0.277466  0.217433  0.00510127  
0.16267  0.134884  0.202445  
0.130587  0.0811713  0.288241  
0.221035  0.00456413  0.274401  
0.22665  0.0329773  0.240437  
0.0862576  0.394075  0.0196673  
0.0321961  0.0890623  0.378742  
0.0705562  0.242841  0.186602  
0.00822938  0.275552  0.216219  
0.0415388  0.190124  0.268338  
0.0457422  0.11902  0.335238  
0.053898  0.411245  0.0348575  
0.0100653  0.19806  0.291875  
0.284137  0.170654  0.0452094  
0.0333096  0.466418  0.000272678  
0.404593  0.0378678  0.0581949  
0.160569  0.233461  0.10597  
