0.499994  4.0173e-06  2.15554e-06  
9.51556e-08  0.499998  1.94201e-06  
2.78854e-14  2.20817e-12  0.5  
0.166308  0.166835  0.166857  
0.210853  0.289147  0  
0.264672  0  0.235328  
0  0.333685  0.166315  
0  0.166353  0.333647  
0.121209  0.0226966  0.356095  
0.358019  0.0485355  0.0934458  
0.0548985  0.22252  0.222582  
0.0614938  0.392951  0.0455553  
0.0246359  0.0709401  0.404424  
0.168775  0.0720359  0.259347  
0.254059  0.168873  0.0770677  
0.274701  0.0721993  0.1531  
0.409232  0.0792319  0.0115364  
0.13304  0.269856  0.0971039  
0.287726  0.212272  2.15554e-06  
0.0943106  0.142265  0.263424  
0.21003  0.101041  0.188929  
0.0592376  0.0066246  0.434138  
0.200494  0.00462626  0.29488  
0.14292  0.337355  0.0197243  
0.062053  0.0928252  0.345122  
0.312444  0.0140049  0.173551  
0.437016  0.0021264  0.0608574  
0.333548  0.132473  0.0339796  
0  0.278764  0.221236  
0  0.221265  0.278735  
0.116498  0.0898907  0.293612  
0.116731  0.169992  0.213277  
0.0446987  0.171185  0.284116  
0.172426  0.210128  0.117446  
0.0138114  0.404437  0.0817519  
0.390451  0.00189983  0.107649  
0.289249  0.120348  0.0904035  
0.0400387  0.352412  0.10755  
0.0900238  0.409974  1.94201e-06  
0.218211  0.244335  0.0374538  
0.161709  0.122129  0.216161  
0.0525713  0.291713  0.155718  
0.0163054  0.0267804  0.456914  
0.0961938  0.250706  0.1531  
0.149733  0.0350837  0.315183  
0.00624101  0.125772  0.367987  
1.10545e-09  0.459536  0.0404636  
0.22371  0.0518282  0.224462  
0.0798227  0.0526605  0.367517  
0.216581  0.159375  0.124043  
0.0943802  0.301365  0.104254  
0.0169415  0.241517  0.241541  
0.0578402  0.134039  0.308122  
0.22817  0.0153252  0.256505  
0.129018  0.194112  0.176871  
0.320729  0.0844308  0.0948405  
0.0832355  0.0178751  0.398889  
0.270024  0.0368595  0.193116  
0.00377329  0.371574  0.124652  
0.166038  0.303214  0.0307476  
0.0783628  0.188137  0.2335  
0.327292  0.0347879  0.13792  
0.0114825  0.188208  0.30031  
0.241674  0.102608  0.155717  
0.362197  0.0771026  0.0607002  
0.0942947  0.218519  0.187188  
0.0105034  0.301642  0.187854  
0.134048  0.104342  0.26161  
0.238594  0.0682652  0.193141  
0.0843422  0.102784  0.312874  
0.0272261  0.135443  0.337331  
0.241434  0.258566  0  
0.195443  0.0402937  0.264263  
0.179956  0.135741  0.184303  
0.306852  0.173342  0.0198533  
0.188866  0.237836  0.0732979  
0.257937  0.213329  0.0287348  
0.178025  0.0924031  0.229571  
0.0298798  0.0954091  0.374711  
0.131627  0.136114  0.232261  
0.0984289  0.0646899  0.336881  
0.21368  0.191188  0.0951319  
0.0513414  0.0419602  0.406698  
0.440929  0.0510496  0.00802153  
0.0626605  0.30983  0.127511  
0.114802  0.344735  0.0404636  
0.162801  0.00855446  0.328645  
0.0356065  0.444581  0.019853  
0.263878  0.14099  0.0951319  
0.308634  0.130737  0.0606287  
0.167745  0.0417963  0.290459  
0.0384858  0.325623  0.135891  
0.0464062  0.374202  0.0793915  
0.176228  0.323772  0  
0.00129268  0.102364  0.396343  
0.149436  0.216836  0.133728  
0.00221345  0.0685617  0.429225  
0.037429  0.113246  0.349325  
0.0500712  0.188002  0.261926  
0.199112  0.27014  0.0307476  
