1  3.31662e-43  
6.12323e-17  1  
0.707109  0.707105  
0.545332  0.83822  
0.838229  0.545318  
0.896906  0.442221  
0.442208  0.896913  
0.928676  0.370892  
0.370885  0.928679  
0.769622  0.6385  
0.638517  0.769608  
0.947845  0.318732  
0.318694  0.947858  
0.960287  0.279015  
0.278963  0.960302  
0.799891  0.600146  
0.600182  0.799863  
0.509116  0.860698  
0.860704  0.509105  
0.737679  0.675152  
0.675173  0.737659  
0.968817  0.247778  
0.247738  0.968827  
0.974893  0.222672  
0.222625  0.974904  
0.486102  0.873902  
0.873902  0.486101  
0.577995  0.81604  
0.816059  0.577968  
0.420718  0.907191  
0.907192  0.420717  
0.979383  0.202015  
0.202006  0.979384  
0.184771  0.982782  
0.982791  0.184724  
0.752764  0.65829  
0.65828  0.752773  
0.783184  0.62179  
0.621806  0.783171  
0.722229  0.691654  
0.691652  0.722231  
0.471206  0.882023  
0.882022  0.471209  
0.405927  0.913905  
0.913907  0.405924  
0.17017  0.985415  
0.98542  0.17014  
0.357079  0.934074  
0.934071  0.357086  
0.531619  0.846984  
0.846994  0.531603  
0.564914  0.82515  
0.825162  0.564896  
0.987497  0.157636  
0.157597  0.987503  
0.989168  0.146785  
0.146765  0.989171  
0.395643  0.918405  
0.918406  0.39564  
0.347051  0.937846  
0.937842  0.347063  
0.461458  0.887162  
0.887156  0.46147  
0.137291  0.990531  
0.990537  0.137249  
0.790531  0.612422  
0.612436  0.790521  
0.950946  0.309357  
0.309285  0.950969  
0.806783  0.590848  
0.590863  0.806772  
0.760587  0.649236  
0.649254  0.760571  
0.523157  0.852237  
0.852251  0.523133  
0.128916  0.991656  
0.991661  0.128871  
0.500782  0.865574  
0.865575  0.500779  
0.729744  0.683721  
0.66724  0.744842  
0.683717  0.729748  
0.744842  0.667241  
0.830441  0.557107  
0.557119  0.830433  
0.699502  0.71463  
0.714625  0.699508  
0.775743  0.631049  
0.631051  0.775741  
0.121483  0.992593  
0.992596  0.121459  
0.339686  0.940539  
0.940533  0.339703  
0.38843  0.921478  
0.921477  0.388434  
0.30222  0.953238  
0.953227  0.302255  
0.435302  0.900285  
0.900288  0.435294  
0.272329  0.962204  
