0.499995  4.55796e-06  
4.73779e-06  0.499995  
0.25  0.25  
0.374997  0.125003  
0.125006  0.374994  
0.437496  0.0625039  
0.0625015  0.437498  
0.312501  0.187499  
0.187507  0.312493  
0.28125  0.21875  
0.0937512  0.406249  
0.468746  0.0312538  
0.406245  0.0937554  
0.156254  0.343746  
0.0312521  0.468748  
0.343747  0.156253  
0.218749  0.281251  
0.109376  0.390624  
0.42187  0.0781304  
0.453121  0.0468788  
0.265626  0.234374  
0.171878  0.328122  
0.48437  0.0156295  
0.296874  0.203126  
0.359373  0.140627  
0.234373  0.265627  
0.0468779  0.453122  
0.140631  0.359369  
0.0156292  0.484371  
0.328123  0.171877  
0.390618  0.109382  
0.0781308  0.421869  
0.203136  0.296864  
0.0703166  0.429683  
0.304688  0.195312  
0.117189  0.382811  
0.257812  0.242188  
0.429683  0.0703165  
0.242187  0.257813  
0.0390642  0.460936  
0.492182  0.00781752  
0.445309  0.0546907  
0.273437  0.226563  
0.39843  0.10157  
0.367185  0.132815  
0.164065  0.335935  
0.460935  0.0390655  
0.132818  0.367182  
0.0234406  0.476559  
0.289062  0.210938  
0.414056  0.0859441  
0.351561  0.148439  
0.22656  0.27344  
0.335934  0.164066  
0.00781856  0.492181  
0.195318  0.304682  
0.382807  0.117193  
0.101561  0.398439  
0.0859412  0.414059  
0.320311  0.179689  
0.0546873  0.445313  
0.476555  0.0234447  
0.148439  0.351561  
0.179699  0.320301  
0.210942  0.289058  
0.121098  0.378902  
0.199225  0.300775  
0.480462  0.0195376  
0.402338  0.0976624  
0.0585942  0.441406  
0.0742243  0.425776  
0.230466  0.269534  
0.43359  0.0664102  
0.238279  0.261721  
0.457027  0.0429726  
0.261718  0.238282  
0.339841  0.160159  
0.00391074  0.496089  
0.371091  0.128909  
0.253905  0.246095  
0.175784  0.324216  
0.0351587  0.464841  
0.417961  0.0820386  
0.347653  0.152347  
0.269531  0.230469  
0.16016  0.33984  
0.0664066  0.433593  
0.386713  0.113287  
0.441401  0.0585989  
0.378902  0.121098  
0.29297  0.20703  
0.128911  0.371089  
0.0898459  0.410154  
0.36328  0.13672  
0.332028  0.167972  
0.316406  0.183594  
0.113281  0.386719  
0.308592  0.191408  
0.16797  0.33203  
0.191411  0.308589  
