1  1.32378e-14  5.24034e-15  
6.12323e-17  1  1.56781e-15  
1.9727e-17  5.79676e-17  1  
0.577374  0.577374  0.577303  
0.682775  0.682772  0.260078  
0.682752  0.260108  0.682784  
0.260013  0.68278  0.682792  
0.739639  2.47944e-18  0.673004  
0.739587  0.673061  2.28281e-17  
4.52991e-17  0.73979  0.672838  
0.471304  0.788763  0.394621  
0.471617  0.394037  0.788868  
0.790184  0.463304  0.401195  
0.288564  0.4994  0.816903  
0.558809  0.12849  0.819282  
0.558699  0.819324  0.128704  
0.291238  0.819973  0.492772  
0.108684  0.560697  0.820857  
0.821314  0.284679  0.494369  
0.831423  0.504524  0.23279  
0.135911  0.844764  0.517593  
0.84532  0.129141  0.518417  
0.849028  0.521982  0.0817717  
0.507562  0.861615  0.000102085  
0.507672  1.91066e-17  0.86155  
5.28642e-17  0.863337  0.504627  
0.340555  0.365574  0.866244  
0.34327  0.867423  0.360198  
0.868601  0.337415  0.362882  
0.868784  2.91237e-18  0.495191  
1.40792e-11  0.49136  0.870957  
0.392673  0.250087  0.885022  
0.392877  0.886003  0.246264  
0.886412  0.390054  0.249263  
0.677693  0.569575  0.465098  
0.465287  0.57063  0.676676  
0.679659  0.459013  0.572163  
0.232028  0.889308  0.394074  
0.567022  0.678289  0.467344  
0.570509  0.461263  0.679526  
0.892375  0.451294  0.000415053  
0.459422  0.681896  0.569165  
0.892626  0.229925  0.387755  
0.233254  0.384538  0.893153  
0.0206885  0.638302  0.769508  
0.408107  0.150035  0.900521  
0.4081  0.901034  0.146943  
0.642616  0.764649  0.0485377  
0.134581  0.903194  0.407589  
0.642928  0.034094  0.765167  
0.906002  0.134882  0.401206  
0.72787  0.365586  0.580132  
0.138623  0.398208  0.90676  
0.366358  0.726838  0.580937  
0.415391  0.0565756  0.907882  
0.415481  0.907957  0.0546768  
0.0427494  0.909272  0.414001  
0.302745  0.283024  0.910078  
0.303597  0.910742  0.27996  
0.911133  0.30049  0.282032  
0.743098  0.584386  0.326034  
0.91215  0.0457584  0.407294  
0.0465434  0.4046  0.913309  
0.915203  0.366467  0.167646  
0.808285  0.588736  0.00806522  
0.381994  0.563034  0.732853  
0.603832  0.696043  0.388473  
0.330068  0.203473  0.921767  
0.222244  0.922086  0.316803  
0.329177  0.922421  0.201943  
0.923003  0.374174  0.0897737  
0.602735  0.383875  0.699536  
0.234746  0.767851  0.59607  
0.923802  0.222047  0.311907  
0.768784  0.229576  0.59688  
0.225622  0.308926  0.923937  
0.714248  0.493643  0.496151  
0.925973  0.37726  0.0157739  
0.493339  0.715  0.495371  
0.496872  0.491491  0.715231  
0.796006  0.0757322  0.600532  
0.371723  2.95289e-13  0.928344  
0.37018  0.92896  0  
0.798178  9.05853e-07  0.602422  
0.150052  0.929427  0.337119  
0.0880018  0.793135  0.602654  
0.609479  0.507041  0.609463  
0.507445  0.611884  0.60671  
0.930811  0.297087  0.212908  
0.930797  0.152892  0.332026  
0.608648  0.609201  0.508351  
0.57491  0.750479  0.325975  
0.156503  0.329484  0.9311  
0.414205  0.751974  0.512805  
0.576427  0.3211  0.751416  
0.000244184  0.932515  0.361132  
0.00507547  0.795892  0.605418  
0.93343  0.000138748  0.358759  
0.754959  0.407297  0.513952  
0.677697  0.616739  0.400452  
