0.577352  0.577352  0.577346  
0.577352  0.577352  0.577346  
4.32978e-17  4.32978e-17  1  
0.707111  0.707116  0  
0.430898  0.430898  0.792877  
0.342444  0.342444  0.874908  
0.626583  0.626583  0.463451  
0.508283  0.508283  0.695196  
0.283229  0.283229  0.916277  
0.652319  0.652319  0.385952  
0.240918  0.240918  0.940169  
0.667512  0.667512  0.329933  
0.54105  0.54105  0.643839  
0.473136  0.473136  0.743158  
0.397236  0.397237  0.827289  
0.209237  0.209237  0.955217  
0.677233  0.677233  0.287595  
0.59712  0.59712  0.535626  
0.184681  0.184681  0.965291  
0.683802  0.683802  0.254618  
0.376886  0.376886  0.846117  
0.557305  0.557305  0.615486  
0.165143  0.165143  0.972346  
0.323357  0.323357  0.889314  
0.454322  0.454322  0.766279  
0.688454  0.688454  0.228173  
0.608327  0.608327  0.509781  
0.635232  0.635232  0.439274  
0.491317  0.491317  0.719176  
0.524127  0.524127  0.671254  
0.149227  0.149227  0.977478  
0.69186  0.69186  0.206543  
0.416988  0.416988  0.807615  
0.135924  0.135924  0.981351  
0.694423  0.694423  0.188558  
0.31064  0.31064  0.898335  
0.364284  0.364284  0.857085  
0.271389  0.271389  0.923416  
0.585437  0.585437  0.560828  
0.640765  0.640765  0.422897  
0.615023  0.615023  0.49345  
0.565996  0.565996  0.599415  
0.124798  0.124798  0.984302  
0.65673  0.65673  0.370691  
0.696401  0.696401  0.173356  
0.444015  0.444015  0.778269  
0.115257  0.115257  0.986626  
0.697959  0.697958  0.160338  
0.532098  0.532098  0.658592  
0.548412  0.548412  0.63126  
0.482619  0.482619  0.730862  
0.46447  0.46447  0.754012  
0.302036  0.302036  0.904184  
0.262959  0.262959  0.928281  
0.499879  0.499879  0.707278  
0.107082  0.107082  0.988467  
0.516012  0.516012  0.683713  
0.40889  0.40889  0.815854  
0.389252  0.389252  0.834844  
0.356372  0.356373  0.863711  
0.644411  0.644411  0.411668  
0.699213  0.699213  0.149008  
0.233066  0.233066  0.944119  
0.659769  0.659769  0.359735  
0.619175  0.619175  0.482955  
0.669997  0.669997  0.319701  
0.0999612  0.0999612  0.989957  
0.590123  0.590122  0.550918  
0.700221  0.700221  0.139217  
0.601444  0.601444  0.525861  
0.335859  0.335859  0.879999  
0.570827  0.570827  0.590181  
0.0937121  0.0937121  0.991179  
0.70105  0.70105  0.130606  
0.256907  0.256907  0.931664  
0.424985  0.424985  0.799235  
0.227205  0.227205  0.946972  
0.296223  0.296223  0.908022  
0.43827  0.438269  0.784755  
0.629532  0.629532  0.455389  
0.661917  0.661917  0.351754  
0.0881472  0.0881472  0.9922  
0.646858  0.646858  0.403917  
0.203776  0.203776  0.957575  
0.671804  0.671804  0.312024  
0.701738  0.701738  0.122991  
0.67874  0.67874  0.280399  
0.351335  0.351336  0.867829  
0.552383  0.552383  0.624297  
0.561099  0.561099  0.608553  
0.0830532  0.0830532  0.993078  
0.384447  0.384447  0.839286  
0.702317  0.702317  0.116192  
0.53626  0.53626  0.651806  
0.372114  0.372114  0.850331  
0.621817  0.621817  0.476118  
0.404145  0.404145  0.820569  
0.580696  0.580696  0.570599  
0.459816  0.459815  0.759697  
0.449701  0.449701  0.771711  
