1  6.64439e-14  
1.17146e-15  1  
0.707106  0.707108  
0.838224  0.545326  
0.545318  0.838229  
0.896901  0.442232  
0.442212  0.896911  
0.928671  0.370903  
0.370888  0.928677  
0.638501  0.769621  
0.769621  0.638501  
0.947844  0.318735  
0.31871  0.947852  
0.960285  0.27902  
0.278981  0.960297  
0.79988  0.60016  
0.60016  0.79988  
0.860695  0.509121  
0.509095  0.86071  
0.737671  0.675161  
0.675153  0.737678  
0.968809  0.24781  
0.247838  0.968802  
0.22272  0.974882  
0.974899  0.222646  
0.873893  0.486118  
0.486088  0.87391  
0.816048  0.577984  
0.577986  0.816047  
0.907182  0.420739  
0.420704  0.907198  
0.202062  0.979373  
0.979384  0.202006  
0.184794  0.982777  
0.982797  0.184691  
0.752758  0.658297  
0.658298  0.752758  
0.621797  0.783178  
0.783176  0.6218  
0.691654  0.722229  
0.72223  0.691653  
0.882009  0.471233  
0.471196  0.882028  
0.913893  0.405956  
0.405931  0.913904  
0.170201  0.985409  
0.985426  0.170107  
0.93406  0.357116  
0.357072  0.934077  
0.531598  0.846997  
0.846988  0.531612  
0.564903  0.825158  
0.825155  0.564906  
0.157697  0.987488  
0.987511  0.157548  
0.14686  0.989157  
0.989179  0.146713  
0.91839  0.395676  
0.395643  0.918404  
0.937826  0.347105  
0.347078  0.937836  
0.887152  0.461478  
0.461443  0.88717  
0.137374  0.990519  
0.990539  0.137232  
0.612437  0.790519  
0.790521  0.612435  
0.950936  0.309387  
0.309326  0.950956  
0.590874  0.806764  
0.806766  0.590871  
0.649249  0.760576  
0.760572  0.649253  
0.852235  0.523159  
0.523121  0.852258  
0.128842  0.991665  
0.991671  0.128793  
0.865573  0.500783  
0.500791  0.865568  
0.683723  0.729742  
0.729743  0.683721  
0.744839  0.667244  
0.667237  0.744845  
0.830435  0.557116  
0.557128  0.830427  
0.699504  0.714629  
0.714613  0.69952  
0.775735  0.631059  
0.631064  0.775731  
0.121385  0.992606  
0.992617  0.121289  
0.940508  0.339771  
0.339765  0.94051  
0.921464  0.388464  
0.38843  0.921478  
0.953209  0.302311  
0.30226  0.953226  
0.900275  0.435321  
0.435275  0.900298  
0.962208  0.272317  
