1  2.42197e-24  3.20645e-65  
6.12323e-17  1  1.06524e-36  
5.32884e-17  3.01621e-17  1  
0.577376  0.577396  0.577279  
0.682785  0.682809  0.259957  
0.259377  0.682887  0.682926  
0.682938  0.259295  0.682907  
0.672771  0.739851  5.77842e-07  
4.53229e-17  0.740179  0.67241  
0.672118  5.11485e-49  0.740444  
0.788706  0.47152  0.394477  
0.397111  0.467519  0.789765  
0.401781  0.790298  0.462602  
0.816849  0.287936  0.499851  
0.819377  0.558626  0.12868  
0.127293  0.559615  0.818919  
0.820788  0.106902  0.56114  
0.493218  0.286086  0.821518  
0.494292  0.82154  0.284162  
0.232628  0.831696  0.504149  
0.517867  0.845572  0.1297  
0.517388  0.131859  0.845531  
0.080836  0.849284  0.52171  
0.861523  0.507719  2.97844e-18  
3.104e-17  0.506922  0.861992  
0.866196  0.340991  0.365279  
0.499493  1.284e-19  0.866318  
0.495741  0.868471  1.61198e-05  
0.355571  0.343373  0.869289  
0.358812  0.869513  0.339412  
0.871695  9.01273e-05  0.490048  
0.885285  0.393093  0.248493  
0.245476  0.887052  0.390999  
0.464898  0.677416  0.570068  
0.238542  0.394212  0.887522  
0.676308  0.570933  0.465449  
0.570984  0.463094  0.67788  
0.680252  0.462039  0.569014  
0.567959  0.681583  0.461376  
0.460293  0.569023  0.681428  
0.390764  0.228328  0.891723  
3.16899e-11  0.89251  0.451028  
0.386855  0.892684  0.231212  
0.893413  0.234268  0.383318  
0.76962  0.00981595  0.638426  
0.900613  0.408302  0.148947  
0.137157  0.408185  0.902537  
0.0390223  0.642966  0.7649  
0.764517  0.642768  0.0486187  
0.401044  0.905781  0.136835  
0.404226  0.125053  0.90607  
0.578545  0.368532  0.727647  
0.579552  0.727337  0.367559  
0.907321  0.140961  0.396546  
0.907744  0.41566  0.0568158  
0.0302756  0.416009  0.908856  
0.910013  0.302057  0.283966  
0.326698  0.743181  0.583909  
0.411005  1.54895e-08  0.911633  
0.279233  0.911791  0.301109  
0.407528  0.911908  0.048425  
0.272305  0.305808  0.912322  
0.913725  0.0448492  0.403851  
0.00643065  0.808718  0.588162  
0.16601  0.916257  0.364573  
0.733073  0.380063  0.564053  
0.922111  0.330412  0.201346  
0.696885  0.604234  0.386332  
0.313846  0.222382  0.923064  
0.087882  0.923311  0.373863  
0.382688  0.585548  0.714621  
0.310386  0.923723  0.22449  
0.596576  0.769342  0.228494  
0.596693  0.232051  0.768186  
0.495533  0.493701  0.714637  
0.184868  0.332172  0.924934  
0.49307  0.71535  0.495133  
0.924927  0.220438  0.309739  
0.014089  0.926212  0.37674  
0.715345  0.497205  0.490988  
0.600529  0.795835  0.0775312  
0.60101  0.079365  0.795291  
0.929297  0.369327  0.00232111  
0.602326  0.798217  0.00724481  
0.506673  0.607611  0.61163  
0.606491  0.611754  0.507864  
0.331159  0.930716  0.155247  
0.610916  0.506139  0.608774  
0.603304  0.000202841  0.797511  
0.3355  0.146593  0.930593  
0.210647  0.931696  0.295924  
0.75081  0.575978  0.323317  
0.10376  0.347039  0.932093  
0.360778  0.932652  5.48013e-47  
0.932203  0.149286  0.329763  
0.512722  0.411183  0.753687  
0.513775  0.755591  0.406347  
0.398116  0.677789  0.618147  
2.1693e-17  0.354273  0.935142  
0.934  0.000127071  0.357273  
