0.859401  0.859404  2.61401  
0.859401  0.859404  2.61401  
5.8356e-05  5.86057e-05  5.99988  
2.8403e-18  0.694592  5.1247  
0.767147  2.6061e-17  4.61019  
0.00449696  0.859404  4.30232  
0.855374  0.186734  3.9375  
0.185698  0.113479  5.41859  
0.251414  0.859404  3.8802  
0.251414  0.251429  5.14639  
0.858818  0.653893  3.73166  
0.660952  0.857751  3.68175  
0.251505  0.663304  4.93091  
0.805652  0  4.41596  
2.8403e-18  0.102225  5.81383  
2.8403e-18  0.209313  5.59864  
0.861253  0.678845  3.55055  
0.684674  0.856595  3.50699  
0.248649  0.686682  4.75786  
0.690574  0.692244  4.29764  
0.0860783  0.697191  4.96067  
0.855703  0.700009  3.39116  
0.0926959  0.856403  4.14359  
0.701119  0.702056  4.14331  
0.705181  0.856593  3.35175  
0.859401  0.0336497  4.26286  
0.248769  0.70654  4.60745  
0.103172  0.711677  4.80698  
0.711193  0.712433  3.9894  
0.855433  0.718673  3.25063  
0.723348  0.857261  3.21553  
0.720059  0.723296  3.84146  
0.251444  0.724246  4.47493  
0.114639  0.726023  4.67562  
0.638964  0.123026  5.29018  
0.132642  2.6061e-17  5.74148  
0.72923  0.731584  3.71349  
0.85366  0.735729  3.12679  
0.132642  0.736902  4.55163  
0.740696  0.859201  3.09044  
0.13344  0.250578  5.31281  
0.649474  0.252033  5.0285  
0.251778  0.740387  4.35879  
0.73841  0.739948  3.58816  
0.65273  0.134595  5.16967  
0.251414  0.13694  5.30465  
2.8403e-18  0.745582  4.74962  
0.206625  0  5.60938  
0.652638  5.19021e-08  5.4375  
0.139887  0.856366  4.03202  
0.745627  0.244103  4.32327  
0.857094  0.751298  3.01821  
0.745674  0.750082  3.46812  
0.134333  0.751728  4.44566  
0.756008  0.859137  2.98703  
0.66403  0.1445  5.06661  
0.857944  0.0849827  4.16109  
0.665335  0.00626239  5.33638  
0.248944  0.755474  4.25677  
0.014548  0.759142  4.64333  
0.755513  0.757076  3.35634  
0.669812  0.179964  4.95278  
0.760001  0.249134  4.22768  
0.0911461  0.111271  5.63212  
0.673189  0.0405367  5.22981  
0.844449  0.767197  2.92561  
0.0927298  0.157279  5.52222  
0.763294  0.152136  4.33091  
0.139567  0.76539  4.34832  
0.0373939  0.769378  4.54653  
0.254567  0.76938  4.17016  
0.18667  0.194672  5.24737  
0.0471256  0.0161479  5.91403  
0.77396  0.857424  2.87728  
0.679304  0.188093  4.86766  
0.774071  0.165008  4.2395  
0.684674  0.0502688  5.12648  
0.773692  0.251203  4.14486  
0.759854  0.765566  3.27512  
0.163112  0.775788  4.23362  
0.852125  0.779961  2.84577  
0.688822  0.0906279  5.00943  
0.763346  0.779961  3.17013  
0.0579265  0.782078  4.43733  
0.634895  0.779586  4.09112  
0.175934  0.855404  3.95644  
0.00335861  0.134456  5.73377  
0.781391  0.637392  4.06524  
0.24876  0.782359  4.09715  
0.68676  0.19926  4.79477  
0.790627  0.837583  2.80744  
0.859162  0.115331  4.08958  
0.692827  0.109354  4.93807  
0.787852  0.165454  4.16468  
0.0946745  0.193586  5.45065  
0.786762  0.653001  3.93212  
0.786891  0.239716  4.07557  
0.648935  0.786386  3.96197  
0.70047  0.123678  4.84278  
0.167899  0.786386  4.1693  
