1  5.40313e-14  
2.05963e-15  1  
0.707108  0.707106  
0.838222  0.545329  
0.545333  0.838219  
0.442226  0.896904  
0.896909  0.442216  
0.370895  0.928675  
0.928676  0.370892  
0.76962  0.638503  
0.6385  0.769622  
0.318732  0.947845  
0.947848  0.318723  
0.960288  0.27901  
0.279008  0.960289  
0.799883  0.600156  
0.600154  0.799884  
0.860697  0.509118  
0.509118  0.860696  
0.737671  0.67516  
0.675153  0.737678  
0.968809  0.24781  
0.247808  0.968809  
0.22268  0.974892  
0.974894  0.222671  
0.873898  0.486109  
0.486108  0.873899  
0.816049  0.577983  
0.577984  0.816048  
0.907189  0.420724  
0.420722  0.90719  
0.202051  0.979375  
0.979376  0.202044  
0.184823  0.982772  
0.982774  0.184813  
0.752758  0.658298  
0.658293  0.752762  
0.783176  0.6218  
0.621803  0.783174  
0.69166  0.722223  
0.722223  0.69166  
0.88202  0.471212  
0.471213  0.88202  
0.913897  0.405947  
0.405947  0.913897  
0.985407  0.170215  
0.170212  0.985408  
0.934065  0.357102  
0.357114  0.934061  
0.846985  0.531617  
0.531623  0.846981  
0.825152  0.564911  
0.564905  0.825156  
0.157695  0.987488  
0.987493  0.157666  
0.989165  0.146809  
0.146787  0.989168  
0.918396  0.395663  
0.395662  0.918396  
0.347091  0.937831  
0.937835  0.347081  
0.887163  0.461457  
0.461456  0.887163  
0.990525  0.13733  
0.137311  0.990528  
0.790515  0.612442  
0.612418  0.790534  
0.309374  0.95094  
0.95094  0.309375  
0.806764  0.590874  
0.590872  0.806765  
0.649249  0.760576  
0.76058  0.649244  
0.523151  0.85224  
0.852242  0.523148  
0.99165  0.128956  
0.128944  0.991652  
0.500786  0.865571  
0.865571  0.500787  
0.683723  0.729741  
0.729731  0.683734  
0.74484  0.667243  
0.66724  0.744842  
0.830431  0.557122  
0.557117  0.830434  
0.714625  0.699508  
0.699515  0.714618  
0.631059  0.775735  
0.775739  0.631054  
0.992587  0.121536  
0.121518  0.992589  
0.940518  0.339743  
0.339745  0.940517  
0.921467  0.388457  
0.388464  0.921464  
0.302297  0.953214  
0.953217  0.302287  
0.435313  0.900279  
0.900283  0.435306  
0.993378  0.11489  
