1  9.93733e-177  1.05909e-19  
6.12323e-17  1  2.2095e-69  
4.53776e-17  4.11129e-17  1  
0.577352  0.577341  0.577358  
0.682772  0.682769  0.260094  
0.682781  0.260037  0.682782  
0.260049  0.682775  0.682783  
0.739703  0.672934  2.1484e-18  
4.12027e-17  0.672891  0.739742  
0.739751  1.19807e-25  0.672881  
0.471309  0.788747  0.394647  
0.470136  0.395507  0.789016  
0.790284  0.401813  0.4626  
0.287832  0.816919  0.499795  
0.558625  0.819351  0.12885  
0.55843  0.1277  0.819664  
0.29031  0.49302  0.820153  
0.108634  0.820859  0.560704  
0.821541  0.49429  0.284161  
0.831402  0.233239  0.504351  
0.135141  0.51735  0.845036  
0.845387  0.518217  0.129504  
0.849022  0.0821439  0.521933  
0.507661  0.861557  0.000128464  
0.506245  0.000347575  0.86239  
3.0813e-17  0.503215  0.864161  
0.340603  0.866146  0.365761  
0.342545  0.360227  0.867698  
0.868484  0.495717  1.59117e-21  
0.86872  0.362722  0.33728  
5.33393e-17  0.871097  0.491111  
0.392532  0.884934  0.250619  
0.886276  0.2489  0.390593  
0.392104  0.246018  0.886414  
0.677532  0.570017  0.464791  
0.465175  0.570579  0.676795  
0.679416  0.459468  0.572087  
0.566842  0.678358  0.467463  
0.231969  0.392183  0.890159  
0.57031  0.461277  0.679684  
0.892086  6.62143e-05  0.451866  
0.459326  0.681768  0.569396  
0.89242  0.388311  0.229783  
0.233314  0.893171  0.384461  
8.08879e-08  0.769706  0.638399  
0.408093  0.900425  0.150648  
0.407454  0.14731  0.901266  
0.642394  0.0417122  0.765239  
0.642713  0.764551  0.0487941  
0.13525  0.406682  0.903503  
0.726649  0.578872  0.369984  
0.370752  0.57955  0.725716  
0.905807  0.401401  0.135611  
0.139019  0.906789  0.398003  
0.415362  0.907786  0.058305  
0.413482  0.0534549  0.908942  
0.301406  0.910013  0.284657  
0.0253453  0.413309  0.910238  
0.911168  0.281856  0.30055  
0.742807  0.326878  0.584285  
0.297955  0.283528  0.911501  
0.911913  0.407623  0.0475149  
0.0520181  0.91318  0.404224  
0.915086  0.167362  0.366889  
0.808163  3.44685e-07  0.588959  
0.377148  0.734714  0.563875  
0.603981  0.695794  0.388687  
0.32799  0.92188  0.206302  
0.329134  0.20098  0.922647  
0.922776  0.0901003  0.374655  
0.603964  0.383837  0.698497  
0.233674  0.595848  0.76835  
0.923431  0.311614  0.223992  
0.218352  0.31523  0.923557  
0.769109  0.596718  0.228907  
0.714251  0.494122  0.495671  
0.224968  0.924174  0.308694  
0.495125  0.495162  0.713909  
0.925832  0.0159281  0.377599  
0.494026  0.716007  0.493227  
0.795996  0.600472  0.076319  
0.372248  0.928133  0.000440596  
0.79802  0.602601  0.00598278  
0.0807816  0.602641  0.793913  
0.60951  0.507073  0.609406  
0.507381  0.611753  0.606896  
0.368686  1.21568e-30  0.929554  
0.930628  0.331957  0.154065  
0.930782  0.212596  0.297401  
0.575267  0.750217  0.325948  
0.608484  0.60945  0.508249  
0.155957  0.931289  0.32921  
0.149818  0.334547  0.930394  
0.00412444  0.604965  0.796241  
0.57582  0.320451  0.752158  
5.71042e-17  0.932583  0.360957  
0.413007  0.512337  0.752951  
0.932978  0.359933  0.000403231  
0.755676  0.513388  0.406678  
0.00239679  0.351556  0.936164  
