0.859397  0.859389  2.61401  
0.859397  0.859389  2.61401  
5.05913e-05  5.83213e-05  5.99989  
0.694573  3.20717e-17  5.12484  
0  0.767122  4.61034  
0.859398  0.00444709  4.30237  
0.186517  0.857141  3.93743  
0.11344  0.185702  5.41867  
0.859398  0.251419  3.8802  
0.251379  0.251419  5.14639  
0.654017  0.854087  3.73188  
0.856489  0.660977  3.68179  
0.663269  0.24952  4.93121  
0  0.805576  4.41626  
0.102285  9.29413e-21  5.81369  
0.240667  0  5.57487  
0.678767  0.858103  3.55106  
0.85918  0.684624  3.50707  
0.686632  0.247158  4.75839  
0.692612  0.689932  4.29971  
0.696635  0.0854288  4.9622  
0.699978  0.855003  3.39162  
0.857043  0.0926404  4.14359  
0.852469  0.705289  3.3525  
0.0335787  0.856456  4.26332  
0.701658  0.701337  4.14467  
0.706514  0.253962  4.60765  
0.711311  0.101502  4.8137  
0.710883  0.711685  3.99671  
0.718699  0.854531  3.25075  
0.859349  0.723248  3.2161  
0.724278  0.251157  4.47469  
0.725278  0.115512  4.67629  
0.718699  0.721367  3.86582  
0.122835  0.639026  5.29023  
0  0.133857  5.73863  
0.735675  0.855165  3.12659  
0.729065  0.7285  3.73706  
0.858614  0.740037  3.09508  
0.251286  0.133385  5.31293  
0.737847  0.128643  4.5584  
0.24884  0.649463  5.02867  
0.740675  0.249598  4.35683  
0.744186  5.63377e-18  4.7592  
0.736207  0.739942  3.6038  
0.137226  0.246519  5.30434  
0.135165  0.651767  5.17504  
0  0.647838  5.46652  
0  0.275801  5.58187  
0.858383  0.139781  4.03195  
0.251226  0.745757  4.32161  
0.751445  0.853775  3.01826  
0.750768  0.142581  4.43302  
0.744186  0.748195  3.49103  
0.135165  0.0384882  5.68756  
0.143308  0.663879  5.07041  
0.85909  0.756356  2.98477  
0.757601  0.0150847  4.6525  
0.0847772  0.859641  4.16147  
0.755798  0.244016  4.25537  
0.138033  0.0850187  5.58643  
0.188334  0.66811  4.95005  
0.0132613  0.669376  5.29917  
0.00670687  0.178061  5.63777  
0.751461  0.756356  3.38767  
0.247291  0.760506  4.22465  
0.76855  0.838319  2.92605  
0.76855  0.031584  4.56091  
0.153269  0.761539  4.33939  
0.769842  0.246929  4.16757  
0.770912  0.140269  4.31724  
0.0165527  0.0470646  5.91361  
0.170167  0.0905621  5.50096  
0.859048  0.775139  2.87043  
0.197163  0.187961  5.24161  
0.197163  0.678083  4.86286  
0.251343  0.774276  4.14152  
0.772988  0.755837  3.25714  
0.0566869  0.684866  5.11269  
0.165402  0.774332  4.23721  
0.779744  0.859084  2.84488  
0.774411  0.0608575  4.47368  
0.0991009  0.689793  4.98237  
0.78125  0.634378  4.08546  
0.858671  0.175716  3.95623  
0.783384  0.24931  4.09171  
0.783044  0.157012  4.20686  
0.177916  0.783813  4.16138  
0.635599  0.783335  4.06657  
0.200995  0.688468  4.7795  
0.786034  0.649371  3.96077  
0.115528  0.85323  4.0906  
0.859405  0.788442  2.79964  
0.785899  0.768476  3.10765  
0.109862  0.697567  4.8978  
0.251322  0.787811  4.06897  
0.792758  0.859389  2.77875  
0.645943  0.783335  3.99813  
0.00199234  0.702361  5.06616  
0.0252033  0.221784  5.55456  
