1  4.39471e-13  
2.83277e-16  1  
0.707108  0.707106  
0.54533  0.838222  
0.838223  0.545327  
0.442231  0.896901  
0.896905  0.442224  
0.370899  0.928673  
0.928678  0.370887  
0.638504  0.769618  
0.769622  0.6385  
0.318731  0.947845  
0.947843  0.318736  
0.279011  0.960288  
0.96029  0.279004  
0.600159  0.799881  
0.799888  0.60015  
0.860696  0.509119  
0.509114  0.860699  
0.67516  0.737671  
0.737675  0.675156  
0.247816  0.968807  
0.968812  0.247797  
0.222687  0.97489  
0.974891  0.222681  
0.873896  0.486114  
0.486099  0.873904  
0.577984  0.816048  
0.816056  0.577973  
0.907184  0.420733  
0.420727  0.907187  
0.202055  0.979374  
0.979383  0.202012  
0.184801  0.982776  
0.98278  0.184781  
0.752761  0.658294  
0.658292  0.752762  
0.621802  0.783175  
0.783176  0.621801  
0.722228  0.691655  
0.691662  0.722221  
0.882017  0.471217  
0.471209  0.882022  
0.913894  0.405953  
0.405923  0.913907  
0.985413  0.17018  
0.170163  0.985416  
0.357108  0.934063  
0.934061  0.357114  
0.531616  0.846985  
0.846986  0.531615  
0.564911  0.825152  
0.825151  0.564913  
0.987495  0.157652  
0.157643  0.987496  
0.989165  0.146805  
0.146799  0.989166  
0.918397  0.395659  
0.395648  0.918402  
0.937835  0.347082  
0.347076  0.937837  
0.887156  0.461471  
0.461469  0.887157  
0.990525  0.137332  
0.13731  0.990528  
0.790523  0.612433  
0.612439  0.790518  
0.950936  0.309387  
0.309359  0.950945  
0.590874  0.806764  
0.806769  0.590867  
0.760575  0.64925  
0.649249  0.760576  
0.523152  0.852239  
0.852241  0.52315  
0.128956  0.99165  
0.991652  0.128944  
0.500786  0.865571  
0.86557  0.500787  
0.683727  0.729738  
0.729739  0.683726  
0.667238  0.744845  
0.744847  0.667235  
0.83043  0.557123  
0.55712  0.830432  
0.714627  0.699506  
0.699514  0.714619  
0.63106  0.775734  
0.775729  0.631066  
0.121521  0.992589  
0.992594  0.12148  
0.339746  0.940517  
0.940517  0.339747  
0.921466  0.388458  
0.388444  0.921472  
0.953218  0.302283  
0.302289  0.953216  
0.435299  0.900286  
0.900272  0.435328  
0.114896  0.993378  
