0.859395  2.307  
3.88114e-05  3.99996  
0.251422  3.57319  
0.66094  3.37471  
0.684645  3.1999  
0.0911962  3.83972  
0.705034  3.04554  
0.723235  2.90918  
0.739816  2.7896  
0.138834  3.72708  
0.755187  2.68536  
0.769605  2.59548  
0.17496  3.65061  
0.783233  2.51924  
0.796169  2.45601  
0.0387093  3.94748  
0.808489  2.40508  
0.204618  3.60371  
0.820244  2.36575  
0.0571917  3.91345  
0.105405  3.80628  
0.831275  2.33761  
0.6356  3.54785  
0.149924  3.70201  
0.115283  3.78269  
0.228454  3.58075  
0.0683556  3.89059  
0.638981  3.52587  
0.0178784  3.97912  
0.663842  3.35383  
0.641869  3.50678  
0.185673  3.63162  
0.666372  3.33548  
0.687037  3.18187  
0.841413  2.31961  
0.157821  3.68491  
0.122229  3.76611  
0.644357  3.49013  
0.668578  3.31938  
0.707172  3.02937  
0.689159  3.16584  
0.0756103  3.87495  
0.725219  2.89458  
0.646496  3.47567  
0.709051  3.01518  
0.670517  3.30516  
0.691013  3.15182  
0.741741  2.77614  
0.726979  2.88168  
0.215855  3.59107  
0.648349  3.46303  
0.710713  3.00265  
0.75712  2.67282  
0.672206  3.29271  
0.692652  3.1394  
0.0265135  3.96693  
0.0454308  3.93571  
0.74344  2.76436  
0.127168  3.75438  
0.771589  2.58382  
0.192948  3.61999  
0.163381  3.67332  
0.72853  2.87036  
0.712188  2.99155  
0.649952  3.45201  
0.67369  3.28175  
0.694097  3.12846  
0.785326  2.50837  
0.758807  2.662  
0.0804554  3.86422  
0.744931  2.75408  
0.798454  2.44585  
0.095462  3.82978  
0.773309  2.57386  
0.729896  2.86044  
0.713493  2.98174  
0.695376  3.11876  
0.674992  3.2721  
0.651347  3.44237  
0.76028  2.65264  
0.00860973  3.99069  
0.850136  2.31037  
0.811056  2.3957  
0.787108  2.49931  
0.746244  2.74509  
0.731118  2.85158  
0.714643  2.97312  
0.696507  3.11018  
0.676136  3.2636  
0.774791  2.56539  
0.65258  3.43381  
0.130645  3.74617  
0.82311  2.3576  
0.800354  2.43764  
0.761559  2.64458  
0.747391  2.73728  
0.16723  3.66554  
0.142205  3.71935  
0.732179  2.84393  
0.0495837  3.92808  
