0.49999  4.97273e-06  4.99026e-06  
2.26809e-06  0.499993  4.99025e-06  
1.43598e-06  1.78972e-11  0.499999  
0.166639  0.166677  0.166684  
0.274856  0.225144  0  
0.207633  0  0.292368  
0  0.190037  0.309963  
0.00985039  0.349728  0.140531  
0.356337  0.0325242  0.111139  
0.144249  0.339939  0.0158121  
0.0917671  0.0511788  0.357054  
0.39479  0.0988392  0.00637035  
0.257406  0.0714371  0.171157  
0.0510875  0.39969  0.0492223  
0.076941  0.232987  0.190072  
0.190355  0.244134  0.0655108  
0.010247  0.0905993  0.399154  
0.269722  0.134991  0.095287  
0.111809  0.27649  0.111701  
0.291302  0.000996227  0.207702  
0.0958523  0.163406  0.240742  
0.32619  0.145351  0.0284595  
0.176046  0.0984171  0.225537  
0.0103196  0.253649  0.236031  
0.411158  0.0409506  0.0478923  
0.0424008  0.128395  0.329204  
0.219732  0.278073  0.00219488  
0.0844456  1.05248e-06  0.415553  
0.298225  0.0833693  0.118406  
0.145858  6.73802e-07  0.354142  
0.195952  0.193995  0.110053  
0.0801494  0.419852  0  
0.0250981  0.0231013  0.451801  
0.214424  0.050599  0.234977  
0.145362  0.228724  0.125914  
0.0968322  0.354039  0.0491284  
0.145851  0.286337  0.067812  
0.00503103  0.456195  0.0391489  
0.0686657  0.284506  0.146829  
0.106408  0.0796769  0.313915  
0.348591  0.103358  0.0480511  
0.0554301  0.356328  0.0882422  
0.0350576  0.212342  0.252601  
0.166386  0.0386953  0.294919  
1.81226e-06  0.399505  0.100493  
0.427852  1.43577e-06  0.0721464  
0.312508  0.0360242  0.151468  
0.179743  0.297506  0.0231253  
0.243953  0.00305942  0.252988  
0.00267872  0.311187  0.186134  
0.220844  0.144884  0.134272  
0.0470608  0.0410927  0.411847  
0.0552495  0.0822289  0.362522  
0.290342  0.162313  0.0473451  
0.0320918  0.464396  0.00351214  
0.217637  0.207376  0.0749872  
0.33929  0.00116034  0.15955  
0.106777  0.315951  0.0772717  
0.260975  0.102943  0.136082  
0.44462  0.0401894  0.0151905  
0.112709  0.230793  0.156497  
0.0788639  0.135588  0.287291  
0.0964569  0.386966  0.0165773  
0.175312  0.00428225  0.320406  
0.394434  0.00181109  0.103755  
0.15859  0.246244  0.0951661  
0.0463388  0.260912  0.192749  
0.218231  0.247658  0.0341117  
0.252394  0.17716  0.0704454  
0.227764  0.107129  0.165107  
0.0482504  0.182105  0.269645  
0.0135324  0.127691  0.358777  
0  0.218879  0.281121  
0.0492454  0.430171  0.0205838  
0.196869  0.106289  0.196842  
0.324143  0.17553  0.000327195  
0.471872  0  0.0281285  
0.157526  0.0740924  0.268382  
0.41094  0.0717632  0.0172971  
0.214021  0.0794777  0.206502  
0.165745  0.133199  0.201056  
0.331717  0.0745377  0.0937451  
0.14195  0.200004  0.158046  
0.187166  0.140523  0.172312  
0.138408  0.0324207  0.329171  
0.305781  0.119245  0.0749734  
0.237963  0.156115  0.105922  
0.0617276  0.0518176  0.386455  
0.0658093  0.374482  0.0597089  
0.0905921  0.207976  0.201432  
0.0183532  0.431349  0.0502976  
0.0217549  0.162366  0.315879  
0.0828134  0.328944  0.0882422  
0.145385  0.316158  0.0384563  
0.248047  0.20484  0.0471124  
0.0991297  0.00903968  0.39185  
0.0300836  3.74943e-07  0.469916  
0.251952  0.240485  0.0075628  
0.0189667  0.403456  0.0779517  
0.0334596  0.382959  0.0837306  
