1  4.21615e-19  
6.12323e-17  1  
0.707108  0.707106  
0.545332  0.83822  
0.838224  0.545326  
0.442229  0.896902  
0.89691  0.442213  
0.370902  0.928672  
0.928682  0.370877  
0.769621  0.638501  
0.638507  0.769616  
0.318726  0.947847  
0.947843  0.318736  
0.278989  0.960294  
0.960301  0.278966  
0.600164  0.799877  
0.799884  0.600155  
0.509128  0.860691  
0.860693  0.509125  
0.737675  0.675156  
0.675141  0.737689  
0.247791  0.968813  
0.968816  0.247782  
0.22268  0.974892  
0.974894  0.222669  
0.873896  0.486113  
0.486104  0.873901  
0.816047  0.577986  
0.578001  0.816036  
0.420743  0.90718  
0.907181  0.42074  
0.202055  0.979374  
0.979376  0.202044  
0.184777  0.98278  
0.982783  0.184763  
0.75276  0.658295  
0.658313  0.752744  
0.621802  0.783174  
0.783174  0.621802  
0.69166  0.722224  
0.722228  0.691655  
0.882021  0.471211  
0.471199  0.882027  
0.9139  0.405939  
0.405942  0.913899  
0.170186  0.985412  
0.985421  0.170136  
0.35712  0.934058  
0.93407  0.357089  
0.846983  0.53162  
0.531615  0.846986  
0.564918  0.825147  
0.825148  0.564917  
0.157644  0.987496  
0.9875  0.157618  
0.146774  0.98917  
0.989179  0.146716  
0.918404  0.395644  
0.39562  0.918414  
0.347091  0.937832  
0.937834  0.347084  
0.887164  0.461454  
0.461453  0.887165  
0.137293  0.99053  
0.990543  0.1372  
0.79052  0.612436  
0.612436  0.79052  
0.950947  0.309353  
0.309367  0.950943  
0.806764  0.590874  
0.590881  0.806759  
0.649262  0.760565  
0.760577  0.649248  
0.852234  0.523162  
0.523144  0.852245  
0.128947  0.991652  
0.991663  0.128858  
0.865564  0.500798  
0.500754  0.86559  
0.68372  0.729744  
0.729741  0.683724  
0.744845  0.667237  
0.667215  0.744865  
0.83043  0.557124  
0.557125  0.830429  
0.714622  0.699511  
0.699525  0.714608  
0.631064  0.775731  
0.775739  0.631054  
0.121435  0.992599  
0.992604  0.121398  
0.339739  0.94052  
0.940526  0.339722  
0.388424  0.921481  
0.921497  0.388386  
0.302283  0.953218  
0.953225  0.30226  
0.435312  0.90028  
0.900277  0.435318  
0.272365  0.962194  
