1  7.77723e-17  5.3392e-15  
6.12323e-17  1  9.22094e-18  
5.62581e-17  2.4175e-17  1  
0.577294  0.57737  0.577387  
0.682789  0.259988  0.682793  
0.682749  0.682758  0.260182  
0.260116  0.682694  0.682838  
0.739477  0.673182  7.32139e-18  
4.13698e-17  0.67562  0.737291  
0.67281  2.30419e-17  0.739815  
0.788679  0.394561  0.471495  
0.394338  0.788744  0.471573  
0.463031  0.401415  0.790233  
0.499556  0.816868  0.288394  
0.819239  0.128356  0.558902  
0.81991  0.492838  0.291305  
0.560452  0.820934  0.109362  
0.284434  0.494548  0.821292  
0.130272  0.818937  0.558902  
0.504316  0.232932  0.83151  
0.844617  0.517824  0.135944  
0.124514  0.521663  0.845122  
0.521908  0.0820308  0.849048  
5.2766e-17  0.861734  0.50736  
0.861738  5.19205e-05  0.507353  
0.863406  0.50451  9.31862e-18  
0.365342  0.86618  0.340965  
0.867403  0.360197  0.343322  
0.337418  0.36284  0.868618  
0.491592  0.870826  5.41397e-05  
3.01971e-17  0.493156  0.869949  
0.25037  0.885054  0.392421  
0.885849  0.246053  0.393357  
0.390531  0.248399  0.886444  
0.464784  0.570051  0.677509  
0.570672  0.676598  0.465347  
0.676573  0.46524  0.570789  
0.889336  0.393706  0.232546  
0.568026  0.461243  0.681617  
0.462086  0.68022  0.569014  
0.680673  0.568216  0.462401  
0.451753  5.68901e-09  0.892158  
0.384487  0.89299  0.233963  
0.229734  0.388103  0.892524  
0.638275  0.769489  0.0221937  
0.150514  0.900447  0.408094  
0.900948  0.146761  0.408355  
0.764637  0.047324  0.642721  
0.903193  0.407197  0.135768  
0.0477349  0.765913  0.64117  
0.369971  0.578755  0.726749  
0.726143  0.580456  0.368493  
0.398086  0.906524  0.140504  
0.134352  0.401019  0.906262  
0.057883  0.90787  0.415238  
0.907991  0.0546264  0.415414  
0.909344  0.413622  0.0448339  
0.285739  0.910286  0.299554  
0.910872  0.281143  0.30211  
0.300911  0.281694  0.911099  
0.584271  0.326619  0.742931  
0.404514  0.912987  0.0531396  
0.0451965  0.407546  0.912066  
0.366738  0.166662  0.915274  
0.588758  7.38605e-06  0.808309  
0.562819  0.733079  0.381876  
0.696402  0.38681  0.604485  
0.202994  0.921892  0.330013  
0.921944  0.315959  0.224029  
0.922311  0.201232  0.329921  
0.384679  0.696905  0.605265  
0.374473  0.0890865  0.922948  
0.76774  0.596201  0.234774  
0.22715  0.599164  0.767727  
0.224484  0.311689  0.923286  
0.309365  0.924233  0.2238  
0.493057  0.494987  0.71546  
0.714147  0.493617  0.496323  
0.377584  0.0132577  0.925881  
0.491742  0.715712  0.49593  
0.0679433  0.602767  0.795019  
2.34061e-05  0.928112  0.372302  
0.929208  0.336381  0.15304  
0.928831  2.13706e-16  0.370504  
0.793161  0.602607  0.0880957  
0.606536  0.507667  0.611872  
0.5077  0.610493  0.607897  
0.611178  0.60706  0.507878  
0.154652  0.331859  0.930566  
0.297634  0.212172  0.930804  
0.329321  0.931378  0.155186  
0.750546  0.324647  0.575573  
0.362223  0.932092  7.26927e-06  
0.795626  0.605485  0.0191715  
0.932406  0.361413  7.32139e-18  
0.751279  0.512945  0.415291  
0.32308  0.751238  0.575566  
6.6377e-08  0.358005  0.93372  
0.406879  0.513038  0.755805  
0.679341  0.708058  0.19274  
