0.499993  2.67859e-06  4.32115e-06  
4.88607e-06  0.499991  4.02646e-06  
0  0  0.5  
0.166696  0.16657  0.166734  
0.212858  0.287142  0  
0  0.27968  0.22032  
0.166577  0  0.333423  
0.333377  0  0.166623  
0.346291  0.138396  0.0153124  
0.0672392  0.364147  0.0686139  
0.0344047  0.117094  0.348501  
0.221945  0.0555964  0.222458  
0.398519  0.03504  0.0664413  
0.24614  0.190901  0.0629586  
0.0720064  0.175771  0.252223  
0.0608187  0.037057  0.402124  
0.104004  0.277643  0.118352  
0.266556  0.0997983  0.133645  
0.117527  0.106889  0.275584  
0.0927116  0.407288  0  
3.45356e-06  0.353403  0.146594  
0.426811  0.0731886  4.95411e-08  
0.00108943  0.423074  0.0758365  
0.0046354  0.203787  0.291577  
0.283016  0.216984  0  
0.14539  0.347725  0.00688406  
0.0743392  0.229365  0.196296  
0.336608  0.0827792  0.0806133  
0.259604  0  0.240396  
0.192221  0.235917  0.0718615  
0.170558  0.114186  0.215255  
0.0100875  0.0640811  0.425832  
0.277497  0.0497117  0.172791  
0.0891992  0.0558315  0.354969  
0.289917  0.135312  0.0747709  
0.186437  0.0252554  0.288308  
0.0476154  0.444655  0.00772926  
0.0220334  0.378447  0.09952  
0.455319  0.0203261  0.0243549  
0.0576796  0.312375  0.129948  
0.217538  0.111317  0.171145  
0.224347  0.152519  0.123135  
0.122635  0.167909  0.209456  
0.381679  0.0957111  0.02261  
0.338659  0.0402621  0.121079  
0.12589  0.0646459  0.309464  
0.058493  0.136058  0.305449  
0.124898  0.00941761  0.365684  
0.235464  0.24694  0.0175968  
0.374394  0.000114987  0.125491  
0.177794  0.195234  0.126973  
0.135051  0.309676  0.0552732  
0.0334565  0.00590672  0.460637  
0.03214  0.215486  0.252374  
0.300911  0.165207  0.0338818  
0.0761808  1.83016e-06  0.423817  
0.291773  0.0139047  0.194323  
0.00154173  0.168452  0.330006  
0.23748  0.0758616  0.186659  
0.412549  9.91106e-06  0.0874409  
0.00119752  0.46505  0.033752  
0.300384  0.100895  0.0987216  
0.0188729  0.294076  0.187051  
0.142501  0.211373  0.146126  
0.083976  0.0922133  0.323811  
0.161923  0.0835642  0.254512  
0.367677  0.0496911  0.0826317  
0.10509  0.376695  0.0182146  
0.0831946  0.141235  0.27557  
0.133557  0.121267  0.245177  
0.0193306  0.435138  0.0455311  
0.0224137  0.323576  0.15401  
0.145798  0.257544  0.0966581  
0.0438515  0.0781841  0.377964  
0.230265  0.024215  0.24552  
0.249337  0.216782  0.0338819  
0.426799  0.0352683  0.0379324  
0.0460066  0.257697  0.196296  
0.19453  0.0849361  0.220534  
0.181968  0.130069  0.187963  
0.172018  0.321098  0.00688406  
0.219674  5.27743e-06  0.280321  
0.348765  0.112223  0.0390124  
8.56671e-05  0.0982208  0.401693  
2.47912e-06  0.253688  0.24631  
0.24633  0.164914  0.0887559  
0.100459  0.30689  0.0926509  
0.196015  0.0576753  0.24631  
0.0805991  0.248679  0.170722  
0.437977  1.05219e-05  0.0620125  
0.174969  0.271743  0.0532881  
0.0728419  0.338826  0.0883322  
0.194551  0  0.305449  
0.0491564  0.288834  0.162009  
0.0346971  0.343668  0.121635  
0.309165  0.0217847  0.169051  
0.242927  0.124309  0.132763  
0.167411  0.226115  0.106474  
0.0133572  0.108679  0.377965  
0.381381  0.118614  4.32115e-06  
