0.57735  0.57735  0.57735  
0.57735  0.57735  0.57735  
4.32978e-17  4.32978e-17  1  
0.707107  0.707107  0  
0.430894  0.430894  0.792881  
0.342441  0.342441  0.87491  
0.626579  0.626579  0.463462  
0.50828  0.50828  0.6952  
0.283236  0.283236  0.916272  
0.652315  0.652315  0.385967  
0.240922  0.240922  0.940167  
0.667506  0.667506  0.329956  
0.541046  0.541046  0.643846  
0.473126  0.473126  0.743172  
0.397229  0.397229  0.827296  
0.209259  0.209259  0.955208  
0.677219  0.677219  0.287663  
0.597103  0.597103  0.535664  
0.184698  0.184698  0.965284  
0.683791  0.683791  0.254676  
0.376875  0.376875  0.846127  
0.557302  0.557302  0.615491  
0.165141  0.165141  0.972346  
0.323369  0.323369  0.889306  
0.454321  0.454321  0.76628  
0.688438  0.688438  0.228266  
0.608308  0.608308  0.509825  
0.635223  0.635223  0.439299  
0.491319  0.491319  0.719174  
0.524118  0.524118  0.671268  
0.149208  0.149208  0.977483  
0.69184  0.69184  0.206673  
0.416981  0.416981  0.807623  
0.136004  0.136004  0.981329  
0.694405  0.694405  0.188691  
0.310672  0.310672  0.898313  
0.364272  0.364272  0.857095  
0.271387  0.271387  0.923417  
0.585432  0.585432  0.560838  
0.640751  0.640751  0.422936  
0.615017  0.615017  0.493465  
0.565988  0.565988  0.599428  
0.124887  0.124887  0.98428  
0.656725  0.656725  0.37071  
0.696382  0.696382  0.173506  
0.444  0.444  0.778285  
0.115398  0.115398  0.986593  
0.697937  0.697937  0.160528  
0.532091  0.532091  0.658603  
0.548408  0.548408  0.631267  
0.48262  0.48262  0.73086  
0.464463  0.464463  0.754022  
0.302091  0.302091  0.904147  
0.262978  0.262978  0.92827  
0.499875  0.499875  0.707283  
0.107212  0.107212  0.988439  
0.516011  0.516011  0.683714  
0.40889  0.40889  0.815854  
0.389254  0.389254  0.834843  
0.64439  0.64439  0.411733  
0.699187  0.699187  0.149251  
0.356358  0.356358  0.863723  
0.233068  0.233068  0.944118  
0.659764  0.659764  0.359754  
0.619164  0.619164  0.482983  
0.669989  0.669989  0.319732  
0.100076  0.100076  0.989934  
0.59011  0.59011  0.550946  
0.700195  0.700195  0.139477  
0.601419  0.601419  0.525918  
0.335858  0.335858  0.879999  
0.570821  0.570821  0.590192  
0.0938079  0.0938079  0.991161  
0.701029  0.701029  0.130829  
0.256945  0.256945  0.931643  
0.424972  0.424972  0.799248  
0.296243  0.296243  0.908009  
0.227221  0.227221  0.946964  
0.438259  0.438259  0.784766  
0.62953  0.62953  0.455394  
0.6619  0.6619  0.351819  
0.0882725  0.0882725  0.992177  
0.646835  0.646835  0.403992  
0.203787  0.203787  0.957571  
0.671796  0.671796  0.31206  
0.701721  0.701721  0.123193  
0.678724  0.678724  0.280478  
0.351344  0.351344  0.867822  
0.0833156  0.0833156  0.993034  
0.552378  0.552378  0.624306  
0.561093  0.561093  0.608564  
0.384428  0.384428  0.839303  
0.7023  0.7023  0.116396  
0.621787  0.621787  0.476196  
0.536257  0.536257  0.65181  
0.3721  0.3721  0.850343  
0.404138  0.404138  0.820576  
0.580679  0.580679  0.570635  
0.459811  0.459811  0.759702  
0.449685  0.449685  0.77173  
