1  1.09707e-15  
6.12323e-17  1  
0.707106  0.707108  
0.838222  0.54533  
0.545331  0.838221  
0.896903  0.442228  
0.442228  0.896903  
0.928676  0.370892  
0.370889  0.928677  
0.638505  0.769617  
0.769626  0.638494  
0.947848  0.318724  
0.318722  0.947848  
0.279005  0.96029  
0.960287  0.279015  
0.60016  0.79988  
0.799884  0.600155  
0.509122  0.860695  
0.86069  0.50913  
0.737671  0.675161  
0.675163  0.737669  
0.247812  0.968808  
0.968805  0.247823  
0.974885  0.22271  
0.222694  0.974888  
0.486116  0.873894  
0.873902  0.486101  
0.816054  0.577976  
0.577993  0.816041  
0.907187  0.420727  
0.420724  0.907189  
0.202061  0.979373  
0.979373  0.20206  
0.184806  0.982775  
0.982779  0.184783  
0.75276  0.658295  
0.658298  0.752758  
0.621799  0.783177  
0.783182  0.621792  
0.722226  0.691657  
0.691652  0.722231  
0.471205  0.882024  
0.882026  0.471201  
0.913895  0.405951  
0.405917  0.91391  
0.170195  0.98541  
0.985411  0.170189  
0.357102  0.934066  
0.934067  0.357097  
0.531611  0.846989  
0.846992  0.531606  
0.564923  0.825143  
0.825153  0.564909  
0.157662  0.987493  
0.987503  0.157603  
0.14681  0.989165  
0.989172  0.146761  
0.918395  0.395665  
0.395643  0.918405  
0.347082  0.937835  
0.937836  0.347078  
0.461461  0.887161  
0.887164  0.461454  
0.137319  0.990527  
0.990544  0.137198  
0.790522  0.612433  
0.612441  0.790517  
0.309373  0.950941  
0.950941  0.309372  
0.80677  0.590865  
0.590877  0.806762  
0.76058  0.649244  
0.649253  0.760573  
0.523154  0.852238  
0.852243  0.523147  
0.128919  0.991655  
0.991663  0.128856  
0.865575  0.500778  
0.500786  0.865571  
0.729738  0.683727  
0.683715  0.729749  
0.667245  0.744838  
0.744836  0.667248  
0.557127  0.830428  
0.830439  0.55711  
0.699503  0.71463  
0.714625  0.699507  
0.631059  0.775735  
0.77574  0.631052  
0.121404  0.992603  
0.992603  0.121402  
0.940518  0.339743  
0.339736  0.940521  
0.92147  0.388451  
0.38844  0.921474  
0.302296  0.953214  
0.953224  0.302266  
0.435306  0.900283  
0.900283  0.435305  
0.272376  0.962191  
