1  3.29667e-16  7.09653e-16  
6.12323e-17  1  1.23468e-17  
3.73139e-17  4.85497e-17  1  
0.577318  0.577372  0.577361  
0.682746  0.682783  0.260124  
0.259912  0.682802  0.682808  
0.682835  0.259975  0.682751  
0.739082  0.673615  0  
4.53042e-17  0.739873  0.672747  
0.737384  0  0.675473  
0.471442  0.788727  0.394528  
0.394979  0.470769  0.788903  
0.791356  0.394501  0.467037  
0.499298  0.288173  0.817103  
0.127531  0.55907  0.819253  
0.557877  0.819675  0.130027  
0.291018  0.820137  0.49263  
0.820738  0.493639  0.287593  
0.557407  0.110167  0.822897  
0.831636  0.226915  0.506844  
0.13532  0.844811  0.517671  
0.84501  0.518123  0.132311  
0.848469  0.0746536  0.523953  
0.508611  0.860996  1.20792e-17  
3.10243e-17  0.506666  0.862143  
5.28939e-17  0.863823  0.503795  
0.866144  0.499794  1.05463e-10  
0.343476  0.867403  0.360049  
0.365195  0.337393  0.86764  
0.869263  0.361883  0.336782  
0.489603  0.000985733  0.872009  
0.394005  0.885726  0.245459  
0.247346  0.392097  0.886047  
0.886629  0.24623  0.391484  
0.465212  0.570765  0.676613  
0.676534  0.465279  0.570804  
0.570205  0.676821  0.465597  
0.232983  0.889623  0.392798  
0.681849  0.566864  0.462329  
0.568346  0.461785  0.680982  
0.461424  0.68105  0.568559  
0.89381  3.91506e-06  0.448446  
0.891041  0.390233  0.231871  
0.38256  0.21857  0.897705  
0.408978  0.900793  0.145978  
0.147198  0.40757  0.901232  
0.632521  5.43711e-06  0.774543  
0.0468235  0.642545  0.764816  
0.134843  0.903369  0.407114  
0.642256  0.764831  0.050409  
0.904847  0.403171  0.136769  
0.726545  0.580219  0.368074  
0.367545  0.726756  0.58029  
0.415484  0.907997  0.0539876  
0.0534957  0.414903  0.908292  
0.398481  0.122677  0.908935  
0.0441864  0.909601  0.413126  
0.911102  0.409401  0.0477881  
0.278779  0.30146  0.911814  
0.911352  0.282088  0.299775  
0.288657  0.912169  0.290903  
0.73709  0.328769  0.590432  
0.916872  0.159116  0.366098  
0.804877  4.13318e-05  0.593442  
0.408156  0.00105841  0.912912  
0.559254  0.380723  0.7364  
0.386754  0.604528  0.696396  
0.604602  0.696272  0.386861  
0.329521  0.922278  0.202038  
0.768274  0.596746  0.231625  
0.233999  0.768253  0.595845  
0.923714  0.314321  0.218986  
0.199179  0.327137  0.923747  
0.210667  0.923549  0.320431  
0.715329  0.492278  0.495949  
0.92512  0.0660177  0.37389  
0.496068  0.713883  0.494255  
0.794021  0.602368  0.081758  
0.369994  0.929034  1.19702e-17  
0.487566  0.49615  0.718411  
4.24064e-06  0.368645  0.92957  
0.301229  0.208691  0.930435  
0.611909  0.606314  0.507889  
0.607132  0.50742  0.611487  
0.0701624  0.794355  0.603388  
0.507811  0.611009  0.607286  
0.930771  0.333667  0.149439  
0.140395  0.930836  0.337393  
0.796352  0.604708  0.0122995  
0.324961  0.574897  0.750928  
0.575212  0.750592  0.325182  
0.931935  0.206206  0.298287  
0.413679  0.752219  0.512871  
0.932612  0.36088  0.000581181  
0.00144422  0.933204  0.359345  
0.00238081  0.797444  0.603388  
0.749026  0.514604  0.417304  
0.265257  0.936071  0.231107  
0.000157008  0.600488  0.799634  
0.327514  0.110993  0.938304  
