1  1.73386e-33  
6.12323e-17  1  
0.707106  0.707108  
0.838221  0.54533  
0.545328  0.838222  
0.896902  0.442229  
0.442226  0.896904  
0.928672  0.370901  
0.370897  0.928674  
0.638504  0.769618  
0.769611  0.638513  
0.947843  0.318736  
0.31873  0.947846  
0.279016  0.960287  
0.960284  0.279024  
0.799874  0.600168  
0.600165  0.799876  
0.509115  0.860698  
0.860699  0.509114  
0.675158  0.737673  
0.737668  0.675163  
0.247824  0.968805  
0.968811  0.247802  
0.222707  0.974885  
0.97489  0.222686  
0.486108  0.873898  
0.8739  0.486106  
0.577988  0.816046  
0.816045  0.577988  
0.420738  0.907182  
0.907186  0.420731  
0.202073  0.979371  
0.97938  0.202029  
0.184835  0.982769  
0.982776  0.184799  
0.752751  0.658305  
0.658293  0.752762  
0.783169  0.621809  
0.621805  0.783172  
0.691659  0.722224  
0.722223  0.69166  
0.471224  0.882014  
0.882018  0.471216  
0.405958  0.913892  
0.913893  0.405955  
0.170236  0.985403  
0.985408  0.170207  
0.357112  0.934061  
0.934058  0.357122  
0.84699  0.531609  
0.531609  0.84699  
0.564913  0.82515  
0.825155  0.564906  
0.157714  0.987485  
0.987489  0.15769  
0.146868  0.989156  
0.989159  0.146847  
0.918395  0.395664  
0.395681  0.918388  
0.347095  0.93783  
0.937833  0.347086  
0.887157  0.461468  
0.461459  0.887162  
0.99052  0.137367  
0.137366  0.99052  
0.790511  0.612448  
0.612437  0.790519  
0.95094  0.309375  
0.309362  0.950944  
0.806759  0.590881  
0.590883  0.806758  
0.649251  0.760574  
0.760569  0.649257  
0.523149  0.852241  
0.852247  0.52314  
0.128996  0.991645  
0.991647  0.128978  
0.500791  0.865568  
0.865576  0.500777  
0.729736  0.683729  
0.683729  0.729736  
0.667237  0.744845  
0.744836  0.667248  
0.557125  0.830428  
0.830435  0.557116  
0.714623  0.699509  
0.699508  0.714625  
0.775725  0.631072  
0.631057  0.775736  
0.12158  0.992582  
0.992588  0.121529  
0.940514  0.339754  
0.339747  0.940517  
0.388449  0.92147  
0.921474  0.38844  
0.302293  0.953215  
0.953218  0.302282  
0.900279  0.435313  
0.435319  0.900276  
0.962183  0.272403  
