1  6.97574e-16  
6.22337e-14  1  
0.707106  0.707108  
0.545332  0.83822  
0.838212  0.545345  
0.442229  0.896902  
0.896913  0.442207  
0.370903  0.928672  
0.92868  0.370883  
0.769613  0.638511  
0.638496  0.769625  
0.318723  0.947848  
0.947844  0.318734  
0.279007  0.960289  
0.960295  0.278986  
0.600149  0.799888  
0.799898  0.600135  
0.509127  0.860691  
0.860708  0.509098  
0.675156  0.737675  
0.737682  0.675148  
0.968818  0.247774  
0.247773  0.968818  
0.974894  0.222669  
0.222653  0.974898  
0.873912  0.486085  
0.486098  0.873904  
0.577978  0.816052  
0.816055  0.577975  
0.420735  0.907184  
0.90719  0.420722  
0.202004  0.979385  
0.979398  0.201937  
0.184747  0.982786  
0.982803  0.184657  
0.658289  0.752765  
0.752768  0.658286  
0.783186  0.621788  
0.621782  0.783191  
0.722231  0.691652  
0.691666  0.722218  
0.882028  0.471196  
0.471215  0.882018  
0.913898  0.405943  
0.405953  0.913894  
0.1701  0.985427  
0.985436  0.170046  
0.3571  0.934066  
0.934068  0.357094  
0.847  0.531593  
0.531613  0.846988  
0.564911  0.825152  
0.825168  0.564887  
0.157593  0.987504  
0.987514  0.157532  
0.98918  0.146705  
0.146677  0.989184  
0.918395  0.395664  
0.395668  0.918394  
0.34708  0.937835  
0.937841  0.347065  
0.887176  0.461431  
0.461433  0.887175  
0.990542  0.137211  
0.13719  0.990545  
0.790532  0.612421  
0.612425  0.790528  
0.309367  0.950943  
0.950949  0.309348  
0.590862  0.806773  
0.806783  0.590848  
0.649243  0.760581  
0.760586  0.649237  
0.85226  0.523119  
0.523138  0.852248  
0.991664  0.128851  
0.500786  0.865571  
0.865583  0.500766  
0.128779  0.991673  
0.683725  0.72974  
0.729746  0.683718  
0.667233  0.744849  
0.74485  0.667232  
0.557109  0.83044  
0.830429  0.557124  
0.714628  0.699505  
0.699515  0.714618  
0.631048  0.775744  
0.775741  0.631052  
0.992598  0.121444  
0.121307  0.992615  
0.339745  0.940517  
0.940518  0.339743  
0.921473  0.388443  
0.388452  0.921469  
0.953225  0.302262  
0.302273  0.953222  
0.435317  0.900277  
0.900286  0.4353  
0.272373  0.962192  
