1.30452  0.336524  0.0258771  
0.000424996  1.05597  0.0732973  
0.280078  0.229822  1.03337  
0.936941  0.348919  0.0232648  
0.28155  0.0718543  0.957008  
0.0922405  0.917776  0.407773  
0.0179966  0.925449  0.398142  
0.000146301  0.997435  0.0733542  
0.948126  0.336573  0.0240597  
0.940267  0.340667  0.0211871  
0.116109  0.917801  0.39668  
0.0216892  0.917804  0.396665  
0.942764  0.336641  0.0246124  
0.0178151  0.920743  0.434408  
0.0178671  0.921604  0.403492  
0.0179304  0.920362  0.399158  
0.0184831  0.918303  0.397053  
0.941271  0.337771  0.0226234  
0.937907  0.346713  0.0217487  
0.938629  0.344404  0.0225803  
0.287041  0.0730722  0.955403  
0.280082  0.0755246  0.965041  
0.280111  0.077719  0.958931  
0.280183  0.0722777  0.959217  
0.285889  0.07279  0.955708  
0.939024  0.344806  0.0215333  
0.280407  0.0721942  0.958203  
0.939317  0.342476  0.0230059  
0.2844  0.0726322  0.956079  
0.943213  0.336843  0.0230695  
0.938091  0.346927  0.0208276  
0.940452  0.339566  0.0226206  
0.938389  0.346183  0.0211009  
0.94202  0.336836  0.071222  
0.942295  0.336671  0.0240868  
0.942093  0.337077  0.0232457  
0.9411  0.340014  0.0214105  
0.940447  0.34002  0.0217919  
0.939646  0.341697  0.0227496  
0.280932  0.0717998  0.957439  
0.942387  0.337154  0.0225778  
0.0206866  0.917884  0.396677  
0.937352  0.347901  0.0223754  
0.01795  0.919639  0.45387  
0.0179953  0.918982  0.510432  
0.0179956  0.918931  0.453424  
0.941614  0.337077  0.0332509  
0.93815  0.345692  0.0231203  
0.941646  0.337125  0.0236152  
0.940723  0.339556  0.0221745  
0.938875  0.344041  0.0223422  
0.939742  0.341932  0.0223208  
0.941701  0.337364  0.0228007  
0.940569  0.340209  0.0213925  
0.285356  0.0720818  0.956616  
0.939878  0.341185  0.0222123  
0.282936  0.0720818  0.956622  
0.0180975  0.918479  0.577441  
0.938259  0.345808  0.0227048  
0.937557  0.347331  0.0227064  
0.941358  0.337411  0.0231435  
0.0190861  0.918001  0.396926  
0.0181563  0.937338  0.397402  
0.940984  0.338411  0.0224952  
0.937594  0.351129  0.0218378  
0.937595  0.34834  0.0218481  
0.937942  0.346406  0.0219802  
0.280406  0.0718881  0.959172  
1.1432  0.341065  0.0208852  
1.13997  0.341062  0.0208871  
1.08235  0.341132  0.0208872  
0.937615  0.34761  0.0222225  
0.0181936  0.91892  0.39738  
0.280649  0.0718683  0.957871  
0.939987  0.340758  0.0223291  
0.943039  0.336884  0.0227594  
0.94026  0.340329  0.0216096  
0.286144  0.073049  0.955462  
0.281308  0.0718505  0.957072  
0.941341  0.338248  0.0223169  
0.937633  0.347369  0.022274  
1.15659  0.340825  0.0208861  
0.942606  0.336849  0.0237088  
0.942023  0.341124  0.0209601  
1.30554  0.336618  0.0237707  
0.937128  0.348521  0.0233114  
0.941051  0.338047  0.0228907  
0.0189262  0.921929  0.396778  
0.946722  0.336625  0.0237723  
0.940821  0.34242  0.0209842  
0.942185  0.337145  0.0228469  
0.937878  0.361076  0.0215507  
0.938136  0.346729  0.0209763  
0.018301  0.918938  0.397193  
0.938693  0.345914  0.0223876  
0.941944  0.337194  0.022991  
0.940104  0.340939  0.0214669  
0.280452  0.0720401  0.959002  
0.940833  0.339272  0.022514  
0.942813  0.337003  0.0230361  
