1.00766  0.165899  0.192594  
0.959827  0.169347  0.464361  
0.00714371  0.0701652  0.997852  
0.959851  0.168048  0.377278  
0.959852  0.168027  0.226277  
0.000123426  0.470465  0.963416  
0.000123426  0.268265  0.963422  
0.971349  0.160736  0.193497  
0.966943  0.1501  0.214099  
0.965959  0.15694  0.207746  
0.967257  0.157136  0.202114  
0.961618  0.164949  0.220464  
1.12638  0.152554  0.209808  
0.966309  0.152381  0.209895  
0.96788  0.159318  0.197089  
0.962564  0.161764  0.218563  
0.968543  0.160432  0.194287  
0.963096  0.159582  0.217995  
0.963717  0.160548  0.214733  
0.963838  0.156531  0.216646  
0.96861  0.150236  0.211884  
1.44428  0.158434  0.194547  
0.966776  0.150458  0.211989  
0.964487  0.15496  0.215271  
0.969279  0.157803  0.200172  
1.0698  0.158954  0.194082  
0.964658  0.156237  0.213578  
0.965659  0.159662  0.206306  
0.967402  0.155364  0.208488  
0.9682  0.157039  0.200816  
0.965175  0.151753  0.214446  
0.969153  0.15914  0.195098  
0.968223  0.157976  0.199574  
0.966899  0.158641  0.200924  
0.962228  0.16541  0.21718  
0.960434  0.166337  0.224135  
0.964584  0.15919  0.2117  
0.967976  0.15121  0.210482  
0.96583  0.15123  0.21156  
0.966341  0.156  0.207951  
0.968287  0.159529  0.194605  
0.966312  0.157975  0.204972  
0.967216  0.158738  0.199928  
0.962704  0.16579  0.216347  
0.96484  0.159911  0.209352  
0.96643  0.157198  0.20601  
1.04289  0.159946  0.19372  
0.960883  0.166312  0.222675  
0.968282  0.158403  0.198894  
0.986545  0.193099  0.192825  
0.967548  0.157544  0.201148  
0.966661  0.150973  0.210981  
0.970735  0.163926  0.193463  
0.966864  0.151774  0.210393  
0.965734  0.158828  0.207003  
0.967898  0.156547  0.203825  
0.982968  0.15652  0.203186  
0.971887  0.159867  0.194094  
0.964997  0.159401  0.211079  
0.965325  0.152984  0.21231  
0.966244  0.151864  0.210713  
0.965624  0.156595  0.208587  
0.971052  0.156561  0.202064  
0.965353  0.151795  0.213822  
0.965367  0.152422  0.21267  
0.964715  0.154896  0.214701  
0.970344  0.156591  0.201968  
0.96756  0.158295  0.200309  
0.964074  0.157678  0.21545  
0.964765  0.154447  0.2173  
0.960473  0.166362  0.223727  
1.0944  0.160284  0.193319  
0.967889  0.160662  0.196448  
0.966503  0.158748  0.202565  
0.970793  0.161278  0.193894  
0.966825  0.162528  0.200238  
0.966876  0.15787  0.203242  
1.22616  0.152876  0.209428  
0.968474  0.156668  0.20283  
0.96007  0.167015  0.226507  
0.967517  0.15945  0.198618  
0.977607  0.247283  0.1931  
0.966416  0.15057  0.212051  
0.960081  0.167468  0.225389  
0.969294  0.161278  0.193948  
0.967706  0.150119  0.212689  
1.02871  0.153382  0.209558  
0.966239  0.151211  0.211233  
0.971662  0.159345  0.194338  
0.962245  0.164628  0.221173  
0.96637  0.150867  0.211584  
0.96566  0.157516  0.2078  
0.968886  0.159165  0.194997  
1.05418  0.160284  0.193449  
0.970409  0.224728  0.193713  
0.965786  0.156895  0.208111  
0.965497  0.156848  0.209069  
0.965068  0.153671  0.218471  
0.971275  0.162183  0.193513  
0.960617  0.166267  0.348054  
