0.465762  0.30601  0.830668  
0.465762  0.30601  0.830668  
2.96965e-05  3.2654e-05  1.00017  
0.822726  0.0296212  0.923297  
0.391042  0.0231885  0.924014  
0.330771  0.0181201  0.943933  
0.284935  0.0160558  0.958688  
0.25307  0.0139176  0.967615  
0.224989  0.0137142  0.974648  
0.204268  0.0117114  0.979538  
0.187497  0.0107408  0.982718  
0.37571  0.025588  0.928013  
0.174066  0.00943451  0.984921  
0.161007  0.0095019  0.987093  
0.365131  0.0201545  0.931463  
0.149784  0.00868436  0.988831  
0.319142  0.0393005  0.948106  
0.320483  0.0175388  0.9474  
0.137242  0.00750434  0.990699  
0.35576  0.412485  0.934741  
0.355834  0.188349  0.934871  
0.311901  0.0169388  0.950283  
0.353097  0.0292372  0.93584  
0.353124  0.0190326  0.935853  
0.123966  0.00699283  0.992388  
0.116217  0.00623871  0.993354  
0.304901  0.0168856  0.952755  
0.106893  0.00573741  0.994334  
0.274994  0.556555  0.961851  
0.273734  0.235871  0.962009  
0.27963  0.0155862  0.960163  
0.271117  0.0153125  0.962545  
0.101856  0.442023  0.995172  
0.101167  0.00587469  0.995312  
0.348255  0.442267  0.938847  
0.348317  0.0185925  0.937694  
0.0966143  0.00575397  0.995523  
0.343892  0.0180285  0.939302  
0.241912  0.0128277  0.97052  
0.297906  0.0161096  0.954732  
0.382384  0.0226919  0.925622  
0.219455  0.0125262  0.975833  
0.0838956  0.00524211  0.99656  
0.079623  0.00461901  0.996895  
0.26653  0.234433  0.964549  
0.0764097  0.0184705  0.997325  
0.200954  0.0114918  0.979888  
0.36166  0.0192831  0.933025  
0.0765343  0.00471511  0.997405  
0.234704  0.0126362  0.972146  
0.262815  0.0145393  0.964952  
0.338386  0.0739352  0.941277  
0.338267  0.0181634  0.941369  
0.371812  0.436006  0.928958  
0.370782  0.222032  0.928974  
0.370782  0.0212952  0.928997  
0.0739554  0.0197838  0.997826  
0.327157  0.0185074  0.945093  
0.379965  0.0924892  0.92575  
0.211531  0.0112383  0.97748  
0.0735102  0.0051508  0.998071  
0.0633936  0.00403659  0.99812  
0.229495  0.0123865  0.973425  
0.0600321  0.00348977  0.998444  
0.249347  0.0134299  0.968829  
0.296359  0.0196378  0.95541  
0.380845  0.0301572  0.925778  
0.368925  0.0201091  0.929943  
0.336747  0.429537  0.942269  
0.0585906  0.00322137  0.998684  
0.208664  0.0111056  0.978217  
0.357081  0.0197133  0.934415  
0.380958  0.0240883  0.925933  
0.147421  0.132687  0.989288  
0.147399  0.00870548  0.989288  
0.269306  0.363441  0.963147  
0.325209  0.474347  0.946011  
0.289621  0.0163207  0.957314  
0.192692  0.0106167  0.981356  
0.158901  0.0353269  0.98747  
0.158813  0.0109497  0.987477  
0.158839  0.00950013  0.987482  
0.388859  0.547919  0.924305  
0.186182  0.0108219  0.98352  
0.377443  0.133474  0.926745  
0.315797  0.0174012  0.94902  
0.377442  0.0970847  0.9268  
0.269936  0.249132  0.962917  
0.367157  0.163566  0.930323  
0.146307  0.403296  0.989592  
0.389421  0.0231744  0.924597  
0.326665  0.0176642  0.945237  
0.375984  0.206589  0.927116  
0.376  0.0960882  0.927163  
0.259138  0.0726985  0.966766  
0.189988  0.0104589  0.981929  
0.25756  0.0156276  0.96679  
0.241114  0.0261467  0.970518  
0.38394  0.0796197  0.924825  
0.376744  0.0843501  0.927219  
