1.0016  0.0203994  0.00181879  
0.982385  0.274544  0.100035  
5.38027e-06  1.25835e-05  1.01002  
0.982388  0.165243  0.276758  
0.98239  0.165193  0.14424  
0.982396  0.164935  0.0937164  
0.984839  0.154435  0.0800874  
0.986144  0.154426  0.0635857  
0.131643  0.143776  0.997969  
0.0720868  0.055069  0.998029  
0.0637566  0.00938559  0.998133  
0.0541768  0.00236241  0.998595  
0.0431869  0.00180765  0.999106  
0.0307267  0.393881  0.999543  
0.0300347  0.00542181  0.999566  
4.40102e-06  1.92093e-05  1.00015  
0.992311  0.159283  0.0567573  
0.986494  0.264186  0.058227  
0.986498  0.156172  0.0582707  
0.987254  0.150591  0.451458  
0.987392  0.150613  0.258035  
0.98672  0.150711  0.0766405  
0.99952  0.0310633  7.13468e-06  
0.986608  0.151683  0.0735894  
0.98239  0.752668  0.0897651  
0.982395  0.53313  0.0897918  
0.982395  0.277371  0.089618  
0.982399  0.164877  0.0895476  
0.999881  0.0216748  0.000307266  
0.982904  0.164081  0.0864989  
0.986389  0.152749  0.0664594  
0.983304  0.162995  0.0835894  
0.988444  0.159283  0.0567673  
0.986722  0.15353  0.0625274  
0.986226  0.154938  0.0608619  
0.986824  0.154981  0.0586518  
0.983701  0.18153  0.082311  
0.985286  0.152996  0.0776869  
1.03802  0.0206109  0.000704798  
0.983822  0.163642  0.0823323  
0.0420642  0.00184306  0.99914  
1.00053  0.0206847  0.0647505  
0.0406609  0.00173845  0.999186  
1.00055  0.0207183  0.000307897  
0.987752  0.158673  0.0569346  
0.987496  0.150774  0.0756219  
0.0384615  0.00131512  0.999293  
0.990635  0.157824  0.0574076  
0.986774  0.150877  0.0751296  
0.0362354  0.00185365  0.999356  
0.985372  0.15535  0.0718212  
0.985919  0.151485  0.0749216  
0.985459  0.164664  0.0692004  
0.985477  0.156656  0.0687713  
0.0334348  0.00139124  0.999503  
0.985525  0.156099  0.0683402  
0.984067  0.162406  0.0838993  
0.0294339  0.0684347  0.999575  
0.0294519  0.0318537  0.999575  
0.0295086  0.00149443  0.999576  
0.0287913  0.00253838  0.999597  
0.0287805  0.00157577  0.999598  
0.986281  0.154927  0.0599741  
0.986196  0.150774  0.177998  
0.0280764  0.493894  0.999627  
0.0280818  0.364227  0.999634  
0.0281437  0.361428  0.999634  
0.0281118  0.00146117  0.999635  
0.0274554  0.523643  0.999678  
0.0274498  0.297763  0.999687  
0.504933  0.00576901  0.998134  
0.027474  0.153715  0.999689  
0.0274907  0.00148347  0.999689  
0.0636897  0.00310694  0.998136  
1.0001  0.020924  0.0203418  
0.987802  0.15231  0.0730231  
0.026863  0.457939  0.999717  
0.0267969  0.456765  0.999718  
0.0267986  0.208461  0.999719  
0.0267445  0.00155565  0.999719  
0.986198  0.151074  0.0762065  
0.0537719  0.176064  0.998595  
0.982906  0.163551  0.0852305  
0.987015  0.151234  0.0746275  
0.0259798  0.391361  0.999788  
0.0260903  0.3163  0.999788  
0.0260224  0.00437342  0.999789  
0.0261018  0.00190535  0.999797  
0.0635063  0.0028253  0.998137  
0.985982  0.151542  0.074586  
0.0503265  0.00206868  0.998773  
0.986315  0.150741  0.0766047  
0.0256702  0.00255616  0.999819  
0.0602376  0.00256659  0.998267  
0.049897  0.00196792  0.998783  
1.00117  0.020401  0.0014436  
0.987388  0.155646  0.0583348  
1.00127  0.0204176  0.000994398  
0.0487739  0.00236792  0.998849  
0.0249694  0.0023213  0.999898  
