0.124417  0.0138482  0.99224  
0.124417  0.0138482  0.99224  
4.3279e-05  1.77215e-05  1.00005  
0.1173  0.0121515  0.99307  
0.109749  0.382132  0.993933  
0.109747  0.0671149  0.993934  
0.1097  0.0119482  0.993937  
0.104087  0.0109378  0.994556  
0.0977709  0.0581772  0.995198  
0.0975992  0.0100359  0.995215  
0.0899907  0.00941063  0.995945  
0.0860396  0.00970114  0.996298  
0.0824914  0.0374602  0.996616  
0.0821518  0.00848742  0.996635  
0.0751776  0.00963352  0.997156  
0.0724514  0.00768892  0.997385  
0.0694291  0.0170218  0.997583  
0.0693767  0.00766702  0.997584  
0.0668753  0.00769696  0.997764  
0.0646165  1.20805  0.997963  
0.0646207  1.14622  0.997967  
0.0646964  0.588124  0.997973  
0.0646103  0.471936  0.997975  
0.0646132  0.252203  0.997977  
0.064757  0.0661682  0.99798  
0.0646311  0.0168437  0.997991  
0.0642695  0.00691767  0.998024  
0.0546302  0.00600081  0.998508  
0.0503737  0.0297923  0.998741  
0.0504457  0.00576093  0.998741  
0.0491577  0.00601805  0.998796  
0.0478341  0.0848794  0.998903  
0.0478342  0.02032  0.998922  
0.0478325  0.00513766  0.998922  
0.0469435  0.00690688  0.999131  
0.0469916  0.00532075  0.999139  
0.201902  0.0129614  0.992259  
0.124351  0.0130262  0.992259  
0.0386734  0.00457805  0.999265  
0.123385  0.136832  0.992323  
0.123369  0.115738  0.992323  
0.0374779  0.0058796  0.999308  
0.123404  0.0130289  0.992324  
0.0372776  0.00403633  0.999315  
0.0361358  0.00394384  0.999351  
0.081378  0.00865736  0.9967  
0.122639  0.0135005  0.992392  
0.0354634  0.00376155  0.99938  
0.0347741  0.00388413  0.999407  
0.122484  0.0128224  0.992424  
0.0339096  0.0037516  0.999441  
0.0333012  0.00356024  0.999468  
0.0891476  0.00920333  0.996006  
0.0960082  0.00993  0.995372  
0.10905  0.0357493  0.99399  
0.109057  0.0114909  0.993991  
0.121802  0.0470378  0.992508  
0.0322505  0.00348686  0.9995  
0.0806198  0.00852947  0.996851  
0.121793  0.0129976  0.992542  
0.0315713  0.00351278  0.999547  
0.108598  0.0117117  0.994057  
0.113469  0.0118555  0.993497  
0.0309213  0.00464755  0.999613  
0.0309978  0.00370462  0.999631  
0.120847  0.0128526  0.992647  
0.0304613  0.0037815  0.999691  
0.112636  0.0117973  0.993631  
0.0877467  0.00912284  0.9963  
0.0856938  0.0090595  0.996302  
0.12051  0.0128727  0.992737  
0.107908  0.0112781  0.99423  
0.103776  0.0259313  0.994619  
0.103782  0.0109075  0.994616  
0.120371  0.0125957  0.992767  
0.0852255  0.00896319  0.996336  
0.0798515  0.00898828  0.997087  
0.0803663  0.0083989  0.996932  
0.102869  0.0110226  0.994936  
0.0849261  0.00945006  0.996366  
0.0667754  0.00724221  0.997766  
0.084848  0.00894453  0.996383  
0.0957594  0.00991766  0.995399  
0.0642336  0.00667694  0.998137  
0.0941471  0.00988077  0.995714  
0.120143  0.0126301  0.992796  
0.0302363  0.00379818  0.999827  
0.088669  0.0898524  0.996074  
0.0665136  0.00718229  0.997801  
0.0889316  0.00925024  0.996034  
0.0749768  0.00956644  0.997167  
0.0845607  0.00886935  0.996427  
0.0536187  0.00564415  0.998573  
0.0475682  0.00519066  0.998989  
0.0663032  0.00784076  0.997833  
0.0662037  0.00711283  0.997833  
0.0506783  0.00536513  0.998741  
0.0504587  0.00536752  0.998742  
0.064781  0.00673546  0.998028  
0.0303173  0.00374334  0.999798  
