1.44163  0.132191  0.0141237  
0.407736  0.91369  0.000973916  
4.08121e-05  4.00834e-05  1.00006  
0.98948  0.145021  6.73461e-05  
0.99269  0.132191  0.0141238  
0.992511  0.132247  0.00112731  
0.654013  0.907666  0.000687337  
0.420067  0.907683  0.000687337  
0.415806  0.909524  0.000614843  
0.412649  0.91096  0.00062974  
0.989969  0.141613  0.000157299  
0.990469  0.138093  8.02063e-05  
0.990785  0.136038  6.65568e-05  
0.410863  0.911861  0.108566  
0.41059  0.911914  0.000811608  
0.991163  0.134087  8.28786e-05  
0.991464  0.13284  0.000240253  
0.409386  0.912423  0.000754221  
0.418868  0.908322  0.00118233  
0.417909  0.908568  0.00078349  
0.408357  0.912859  0.000766073  
0.414546  0.910171  0.00071993  
0.413956  0.910347  0.000572447  
0.417086  0.908939  0.000679396  
0.419501  0.907867  0.000554071  
0.992971  0.132269  0.000551838  
0.991928  0.132306  0.0758819  
0.991983  0.132312  0.00697502  
0.411709  0.911412  0.000722542  
0.992015  0.132373  0.000844844  
0.989588  0.14463  6.78095e-05  
0.416697  0.909147  0.000660675  
0.408001  0.913329  0.00110813  
0.992239  0.132448  0.000492806  
0.415338  0.909856  0.000630843  
0.407843  0.913421  0.000792808  
0.410281  0.912063  0.000713388  
0.991746  0.132519  0.000609476  
0.419187  0.908026  0.000630756  
0.411242  0.911606  0.000868023  
0.990858  0.135397  0.00010258  
0.992048  0.132551  0.000298114  
0.409109  0.912591  0.000716824  
0.990209  0.140266  9.25284e-05  
0.991206  0.133304  0.00080158  
0.99121  0.133477  0.000324191  
0.417629  0.908692  0.000829108  
0.408003  0.913177  0.000906806  
0.418787  0.908328  0.000785713  
0.413721  0.910453  0.00061876  
0.409966  0.912198  0.000690985  
0.412203  0.911206  0.00066312  
0.408893  0.912652  0.000793322  
0.991272  0.133239  0.000225598  
0.413129  0.910768  0.000619049  
0.415522  0.909666  0.000621106  
0.990596  0.137455  6.42145e-05  
0.410866  0.911794  0.000670166  
0.990028  0.141437  0.000149437  
0.415048  0.909995  0.000722152  
0.408151  0.913074  0.000773356  
0.990998  0.134386  0.0345149  
0.416354  0.90937  0.000643625  
0.418427  0.908423  0.000747465  
0.409767  0.912275  0.000889419  
0.991905  0.132577  0.000443702  
1.0434  0.132357  0.00038597  
0.991028  0.134579  0.000321197  
0.409832  0.912276  0.000714733  
0.991164  0.133849  0.000153471  
0.991038  0.134291  0.00285849  
0.411453  0.911664  0.000743588  
0.991628  0.132623  0.496545  
0.991628  0.132623  0.000798337  
0.991358  0.133023  0.000218168  
0.991834  0.132412  0.00162921  
0.992971  0.132609  0.00019112  
0.991324  0.133617  0.000121161  
0.419287  0.907924  0.479378  
0.992337  0.13249  0.000222902  
0.408756  0.912794  0.000701151  
0.416994  0.909046  0.00119675  
0.416999  0.908985  0.000913865  
0.419579  0.907781  0.0212879  
0.419584  0.907783  0.000593979  
0.992428  0.132249  0.00189639  
0.419221  0.907944  0.0629842  
0.991384  0.132831  0.143892  
0.991403  0.132795  0.0524542  
0.419221  0.907955  0.0625015  
0.991851  0.133161  0.000150684  
0.990607  0.137389  5.67338e-05  
0.991406  0.133345  0.000153514  
0.991099  0.134444  0.000180353  
0.991474  0.132781  0.000487578  
1.4285  0.132462  0.000269988  
0.992415  0.132241  0.285305  
0.992212  0.132364  0.0009547  
0.993371  0.132263  0.000737163  
0.991271  0.133305  0.000448374  
