0.999851  0.0444982  0.00543886  
0.169321  0.99244  0.0835657  
4.32412e-05  3.82407e-05  1.06053  
0.635916  0.357121  0.760331  
0.542241  0.494653  0.760933  
0.542252  0.357991  0.762165  
0.000246164  0.000177355  1.00001  
0.179397  0.980708  0.0783944  
0.16936  0.983145  0.079819  
0.998392  0.0573814  3.44829e-05  
0.998816  0.0491188  5.53136e-05  
1.00685  0.0445293  0.000844267  
1.00013  0.044539  0.000863214  
0.176345  0.981293  0.078461  
0.542851  0.356768  0.760456  
0.17419  0.981632  0.0784073  
0.171357  0.982164  0.0784094  
0.169892  0.982445  0.0784786  
0.998949  0.0468201  7.84882e-05  
0.999101  0.0455636  0.000197782  
0.999417  0.0448852  0.00148431  
0.99957  0.0448773  0.000503599  
0.542252  0.366636  0.760798  
0.542253  0.357778  0.760676  
0.169339  0.992631  0.0793254  
0.169353  0.98993  0.0793508  
0.169432  0.983458  0.0791467  
0.173609  0.981718  0.0784846  
0.178463  0.980878  0.0785155  
0.999301  0.0450307  0.00019636  
0.542455  0.357352  0.760607  
0.998431  0.0569842  0.000177501  
0.169523  0.98272  0.0790985  
0.169558  0.988186  0.0787588  
0.169562  0.983009  0.0786898  
0.542534  0.357047  0.760485  
0.177871  0.980989  0.0783809  
0.998536  0.0547745  0.000192246  
0.172743  0.981894  0.0784528  
0.999705  0.0446166  0.000664396  
4.16377e-05  4.50845e-05  1.00066  
0.169651  0.982635  0.0788008  
5.30235e-05  4.47715e-05  1.00007  
0.544186  0.356536  0.761413  
0.177581  0.981063  0.0784501  
0.543648  0.35655  0.76091  
0.170915  0.982252  0.0784313  
0.999122  0.0453538  0.000263791  
0.999479  0.0447234  0.000860213  
0.170722  0.982271  0.0785269  
0.542592  0.356875  0.760525  
0.179185  0.980742  0.0784165  
1.07158  0.0463452  3.79838e-05  
0.171956  0.982012  0.0785909  
0.998959  0.0465739  0.000142408  
0.542667  0.357121  0.760334  
1.10759  0.0460144  5.03672e-05  
0.999276  0.0460041  5.60558e-05  
0.998681  0.0527968  3.42556e-05  
0.543061  0.356636  0.760606  
0.174901  0.981504  0.0784813  
1.08542  0.0448663  0.000380011  
0.542675  0.356905  0.760403  
0.998832  0.0489927  0.000166289  
0.542345  0.357458  0.760675  
0.999124  0.0458261  8.87943e-05  
0.169621  0.982902  0.0786879  
0.16944  0.989022  0.0790308  
1.00432  0.0448696  0.000397559  
0.999435  0.0449257  0.000428632  
0.169766  0.982541  0.0787588  
0.169594  0.982552  0.0812968  
0.99921  0.0449928  0.000453864  
0.169334  0.989775  0.0794405  
0.999147  0.0452632  0.000382546  
0.542582  0.479956  0.76039  
0.542767  0.3568  0.760479  
0.169575  0.98279  0.0787645  
0.999477  0.0454492  0.000114292  
0.890281  0.356688  0.760486  
0.999401  0.044712  0.409029  
0.999225  0.045302  0.000190943  
0.169601  0.982579  0.079172  
1.42628  0.044962  0.000264302  
0.542359  0.357512  0.760607  
0.999628  0.0446556  0.110801  
0.170124  0.982379  0.078484  
0.999358  0.0448587  0.252964  
0.17839  0.980927  0.0785536  
0.178295  0.980929  0.0785231  
0.542475  0.357294  0.761074  
0.999129  0.0454582  0.00020667  
0.888824  0.356654  0.760551  
0.999797  0.0445444  0.0727039  
0.542613  0.463854  0.760423  
0.542615  0.463801  0.760391  
0.543375  0.356645  0.760555  
0.99915  0.0453134  0.000237771  
0.542411  0.361473  0.760565  
0.169648  0.9826  0.0789345  
