1.00048  1.15496e-05  6.64269e-06  
0.278985  0.963027  0.0836024  
8.91965e-06  9.58704e-06  1.00005  
0.707298  0.00396754  0.706992  
0.835963  0.511755  0.206175  
0.838466  0.00140359  0.544994  
0.545562  0.151855  0.838348  
0.537698  0.000464752  0.843241  
0.313758  0.397639  0.867943  
0.897052  0.000155758  0.441955  
0.430367  0.0223703  0.90268  
0.928905  0.00735714  0.370407  
0.635361  0.00529252  0.772286  
0.769836  0.000192148  0.638481  
0.363908  0.00362008  0.931555  
0.948629  0.0355201  0.31644  
0.308414  0.000372243  0.951434  
0.281217  0.960018  0.0374291  
0.957417  0.00234339  0.288851  
0.596302  0.0021165  0.802877  
0.499354  0.00212509  0.866448  
0.79951  0.00662981  0.60067  
0.269709  0.673065  0.964023  
0.862358  0.000150804  0.506331  
0.673849  0.00231333  0.738913  
0.254563  0.00560872  0.967095  
0.9677  0.00751774  0.252204  
0.737792  0.000989138  0.675046  
0.473416  0.000529191  0.880889  
0.222279  0.00178063  0.975002  
0.97621  0.00262552  0.217138  
0.447369  0.000290162  0.894429  
0.816127  0.159459  0.578339  
0.816018  0.00797743  0.578384  
0.908237  0.00138582  0.418635  
0.875944  0.00860682  0.482446  
0.56877  0.00385964  0.822543  
0.20197  0.000563588  0.97951  
0.980602  0.0387537  0.196071  
0.98096  0.00426267  0.194284  
0.655991  0.00231333  0.754812  
0.93985  0.00123782  0.341651  
0.430179  0.00117644  0.902782  
0.619326  0.00053097  0.785232  
0.753343  0.00935449  0.658255  
0.784122  0.00125635  0.62065  
0.984292  0.00160061  0.176817  
0.179038  0.040465  0.983913  
0.178691  0.000994922  0.983915  
0.691463  0.00132043  0.722438  
0.401677  0.00388724  0.915881  
0.722913  0.00249445  0.691012  
0.299196  0.397639  0.868047  
0.914598  0.274092  0.404434  
0.914605  0.00147917  0.40444  
0.847459  0.00605224  0.530906  
0.824886  0.000654034  0.566351  
0.883585  0.0892294  0.468413  
0.883587  0.0131727  0.468408  
0.350567  0.0125184  0.936669  
0.987146  0.0029043  0.160093  
0.162562  0.00800844  0.986761  
0.525218  0.019603  0.851164  
0.556812  0.010159  0.830662  
0.292876  0.000811623  0.956158  
0.98893  0.034844  0.148448  
0.881897  0.00198647  0.47155  
0.149829  0.0842023  0.988789  
0.148333  0.0265353  0.988994  
0.989482  0.00128568  0.146132  
0.147825  0.00106197  0.989055  
0.946611  0.00342303  0.322485  
0.517542  0.00450853  0.855715  
0.869655  6.05658e-05  0.493702  
0.339394  0.000586778  0.940846  
0.919202  0.0031666  0.39389  
0.58281  0.00109385  0.812627  
0.990865  0.445088  0.135139  
0.990872  0.00569092  0.135128  
0.751219  0.000190783  0.66032  
0.60872  0.0118807  0.793471  
0.853323  0.00186778  0.521521  
0.792899  0.00049658  0.609455  
0.138969  0.818296  0.990447  
0.138969  0.802633  0.990445  
0.13897  0.52729  0.990404  
0.138973  0.405196  0.990426  
0.138974  0.354964  0.990435  
0.138975  0.230408  0.990479  
0.138976  0.0737056  0.990422  
0.138985  0.0573856  0.990423  
0.284171  0.00113315  0.958822  
0.464236  0.24956  0.885815  
0.128359  0.0076987  0.991751  
0.381833  0.0011432  0.924257  
0.682042  0.07687  0.731508  
0.92217  0.00220201  0.386859  
0.681549  0.00176109  0.731845  
0.890029  0.00216774  0.456015  
0.605635  0.00522072  0.795899  
