0.587347  0.48005  0.787966  
0.587347  0.48005  0.787966  
0.56079  0.24938  0.848209  
0.576487  0.233108  0.788027  
0.560794  0.232474  0.864148  
0.560799  0.232489  0.798642  
0.567656  0.231822  0.790035  
0.562507  0.231406  0.793885  
0.56756  0.227354  0.791842  
0.565425  0.230126  0.79223  
0.570181  0.233494  0.788026  
0.560799  0.280992  0.79635  
0.560848  0.232517  0.796204  
0.561058  0.232223  0.79481  
0.569145  0.232826  0.788733  
0.566544  0.231308  0.790954  
0.564044  0.231412  0.792827  
0.567598  0.229876  0.790785  
0.566562  0.229484  0.791546  
0.566733  0.228435  0.960132  
0.566751  0.228382  0.8099  
0.565828  0.231332  0.791444  
0.5684  0.232502  0.78935  
0.566892  0.228034  0.791922  
0.564774  0.23075  0.793433  
0.56345  0.231338  0.793158  
0.561408  0.231648  0.796943  
0.564756  0.231191  0.792304  
0.561384  0.231659  0.795951  
0.561951  0.231833  0.794128  
0.566924  0.228948  0.791407  
0.565898  0.23063  0.791753  
0.567191  0.231958  0.790331  
0.567291  0.227976  0.791462  
0.562959  0.231787  0.793443  
0.561238  0.231794  0.794756  
0.566205  0.230893  0.791329  
0.566946  0.230948  0.7908  
0.566005  0.229819  0.791999  
0.565043  0.230323  0.792451  
0.564384  0.231109  0.792585  
0.568805  0.232688  0.788979  
0.575869  0.233147  0.788046  
0.566236  0.229585  0.791761  
0.563227  0.231103  0.793585  
0.567042  0.229649  0.791101  
0.561645  0.244111  0.794325  
0.56794  0.232281  0.789729  
0.569879  0.23793  0.788342  
0.569063  0.232389  0.789059  
0.567079  0.227743  0.859658  
0.561616  0.232047  0.794479  
0.56731  0.231692  0.790521  
0.566949  0.231885  0.790546  
0.567308  0.227534  0.810762  
0.566791  0.230097  0.791182  
0.566969  0.227803  0.792045  
0.565337  0.230834  0.792017  
0.566265  0.231614  0.791107  
0.568041  0.232063  0.78981  
0.567408  0.227595  0.791691  
0.562603  0.231191  0.793987  
0.560845  0.680068  0.795278  
0.566917  0.228493  0.79171  
0.567016  0.228281  0.791712  
0.560849  0.679825  0.795384  
0.561408  0.232718  0.794549  
0.561032  0.231969  0.954248  
0.560856  0.232211  0.802244  
0.561415  0.232254  0.794554  
0.566092  0.230711  0.791552  
0.561753  0.232494  0.794278  
0.560864  0.232248  0.796022  
0.562313  0.231524  0.794192  
0.560871  0.298827  0.795656  
0.567205  0.227799  0.791863  
0.568898  0.23249  0.788995  
0.567206  0.229475  0.791201  
0.570009  0.233838  0.788088  
0.563323  0.231082  0.793422  
0.567494  0.2322  0.790152  
0.56702  0.227897  0.791854  
0.564555  0.230961  0.793058  
0.565281  0.230431  0.79224  
0.561099  0.231863  0.795232  
0.563605  0.231186  0.79329  
0.561397  0.231662  0.79572  
0.567428  0.227437  0.796479  
0.560932  0.232739  0.795274  
0.567115  0.23176  0.790603  
0.561123  0.23189  0.795038  
0.561837  0.231891  0.794493  
0.567199  0.227946  0.791612  
0.560985  0.232428  0.794904  
0.567517  0.227354  0.995492  
0.567238  0.227704  0.950293  
0.566109  0.231278  0.791532  
0.567388  0.227808  0.791765  
0.587529  0.352332  0.788018  
0.685057  0.240162  0.788018  
