1.50994  0.139345  0.00381124  
0.980144  0.240065  0.00409494  
2.64801e-05  2.77294e-05  1.00003  
1.1102  0.139352  0.00164799  
0.990746  0.139572  0.0248536  
0.980437  0.196979  2.56789e-05  
0.985585  0.169419  5.37079e-05  
0.990088  0.141463  2.45575e-05  
0.9813  0.192817  0.000165329  
0.986367  0.16484  3.61705e-05  
0.982014  0.189064  7.30768e-05  
0.98699  0.161049  5.2147e-05  
0.982642  0.186025  0.000189364  
0.987505  0.157823  9.11048e-05  
0.987854  0.155538  2.99199e-05  
1.04303  0.139391  0.00166026  
0.991035  0.139647  0.000486372  
0.98828  0.153012  0.000199999  
0.988594  0.151014  6.65039e-05  
0.98877  0.149866  0.000114577  
0.989123  0.147576  0.000104626  
0.990161  0.140364  0.000384498  
0.980592  0.196311  0.000114308  
0.989474  0.145095  0.00011388  
0.980727  0.195604  1.94163e-05  
0.981428  0.191995  8.89357e-05  
0.985782  0.16822  0.00012705  
0.990543  0.13986  0.000284204  
0.989614  0.144538  4.67732e-05  
0.980854  0.194857  5.17405e-05  
0.982198  0.18815  0.000103727  
0.989662  0.143944  0.000111269  
0.98659  0.163388  0.0600341  
0.98661  0.163402  0.000139239  
0.989721  0.143438  0.000202968  
0.987139  0.160073  0.000132213  
0.980982  0.194147  8.26418e-05  
0.987983  0.15514  0.074172  
0.990157  0.140787  9.75615e-05  
0.987912  0.155252  0.000109258  
0.980157  0.198373  0.000184085  
0.99026  0.140251  0.000138198  
0.990286  0.139937  0.000715137  
0.986734  0.162475  6.71383e-05  
0.988095  0.1543  3.65724e-05  
0.982419  0.187206  0.0001019  
0.990307  0.14003  0.000217066  
0.981797  0.190217  3.17003e-05  
0.989869  0.142383  9.77253e-05  
0.986158  0.166012  3.22212e-05  
0.987297  0.159044  0.000108273  
0.98024  0.198008  0.000396249  
1.15715  0.139467  0.000828932  
0.987548  0.157644  0.00347926  
0.988415  0.151897  7.2982e-05  
0.985813  0.168041  0.0986382  
1.76917  0.139857  0.000115106  
0.982924  0.185862  0.000366317  
0.985808  0.168071  6.42134e-05  
1.729  0.139835  0.000137412  
1.44731  0.139835  0.000137482  
1.00371  0.139835  0.000137586  
0.991205  0.139713  0.000316034  
0.986846  0.162107  0.0491725  
0.990631  0.139717  0.000329364  
0.985649  0.169227  7.55673e-05  
0.986847  0.162107  0.000134596  
0.982277  0.187931  0.011403  
0.982708  0.185886  0.000855855  
0.987536  0.157686  0.0010445  
0.987332  0.15891  9.85075e-05  
0.982606  0.186203  6.39538e-05  
0.988194  0.154174  9.19179e-05  
0.980314  0.197878  0.00173941  
0.989966  0.14171  0.000102034  
0.980316  0.197888  0.00061234  
0.980317  0.197896  0.000363449  
0.99058  0.139915  0.000174935  
0.987995  0.155128  0.00879532  
0.980248  0.198019  0.000295992  
0.990163  0.140269  0.0573951  
0.990163  0.14027  0.000646956  
0.990352  0.140116  0.000125427  
0.989523  0.144911  0.00485741  
0.989523  0.144911  0.000127706  
0.990197  0.140181  0.209081  
0.990504  0.139783  0.0412679  
0.990007  0.141485  0.00217667  
0.990549  0.139755  0.000713929  
0.990384  0.139953  0.000510356  
0.990012  0.141619  0.00178313  
0.990084  0.140773  0.000484693  
0.99047  0.139906  0.000410925  
0.988698  0.150233  0.313936  
0.988698  0.150233  0.000174988  
0.990086  0.140883  0.000248902  
0.990211  0.140199  0.0569041  
0.990087  0.141341  0.00016045  
0.982723  0.185962  0.000297699  
0.990367  0.14004  0.000159622  
