1.00002  6.77219e-06  6.71218e-06  
0.70712  0.00109325  0.707096  
7.03691e-06  9.72535e-06  1.00004  
0.545289  0.104146  0.838267  
0.838166  0.000217643  0.545446  
0.482904  0.000928768  0.875837  
0.896991  0.00554375  0.442084  
0.618994  0.00814082  0.785466  
0.400801  0.000705452  0.916174  
0.927981  0.452531  0.372686  
0.927982  0.341485  0.372696  
0.927894  0.000689372  0.372958  
0.769473  0.00857993  0.638702  
0.3353  0.000453117  0.942169  
0.94762  0.460459  0.319485  
0.94762  0.0021091  0.319446  
0.569165  0.00474266  0.822238  
0.284143  0.365847  0.9588  
0.283732  0.055357  0.958919  
0.281558  0.0101525  0.959557  
0.665978  0.000261598  0.745998  
0.96071  0.289538  0.277712  
0.960828  0.000595287  0.277209  
0.800082  0.569437  0.599899  
0.800082  0.431228  0.599899  
0.800083  0.338479  0.599899  
0.799343  0.271342  0.600884  
0.799343  0.105925  0.600889  
0.800776  0.000773333  0.598977  
0.861011  0.00430336  0.508607  
0.737543  0.000206621  0.675323  
0.536289  0.0241529  0.844158  
0.249065  0.0550465  0.968493  
0.248529  0.0230613  0.969072  
0.968809  0.172634  0.248126  
0.971539  0.0023254  0.236993  
0.236225  0.000346151  0.972123  
0.529975  0.000573454  0.850186  
0.874384  0.000747756  0.485308  
0.2131  0.0458556  0.977093  
0.977084  0.00075044  0.212983  
0.211176  0.000626069  0.977484  
0.446765  0.00262311  0.894666  
0.816726  0.0559717  0.577063  
0.815935  0.00479114  0.578193  
0.907233  0.000639518  0.420663  
0.687214  0.0793409  0.726545  
0.687262  0.0555174  0.726546  
0.687803  0.00134874  0.725917  
0.9811  0.0657686  0.193548  
0.639896  0.000491114  0.768471  
0.98161  0.00592123  0.191388  
0.188873  0.071089  0.982088  
0.603255  8.60522e-05  0.797598  
0.383216  0.00102788  0.923679  
0.783628  0.00299488  0.621245  
0.512451  0.00101342  0.858728  
0.184033  0.00055673  0.98295  
0.752593  0.0190473  0.658506  
0.755497  0.000898749  0.65606  
0.984989  0.4137  0.172626  
0.722684  0.571915  0.691191  
0.722687  0.0833629  0.691189  
0.722688  0.0329737  0.691204  
0.722688  0.00681331  0.691185  
0.1694  0.0554344  0.98556  
0.985624  0.000759273  0.16912  
0.548653  0.00264422  0.836058  
0.883502  0.00158653  0.468441  
0.589627  0.000270513  0.807688  
0.847791  0.054673  0.53036  
0.825067  0.0136826  0.565055  
0.825068  0.000222304  0.565045  
0.933004  0.000399814  0.359898  
0.160407  0.00301683  0.987053  
0.914917  0.000399814  0.403674  
0.32096  0.0275288  0.9471  
0.848643  0.032907  0.528976  
0.848646  0.00787606  0.528976  
0.987868  0.0297899  0.155342  
0.654071  0.000528162  0.756461  
0.426702  0.000584465  0.904402  
0.146666  0.0986039  0.989207  
0.989275  0.00262601  0.146266  
0.144794  0.00307399  0.989472  
0.29997  0.00132779  0.953968  
0.93732  0.38121  0.348616  
0.937321  0.214396  0.348616  
0.791042  0.000641315  0.611779  
0.951186  0.000127996  0.308736  
0.99057  0.000274645  0.137114  
0.625676  0.000651966  0.780133  
0.889382  0.000456505  0.457203  
0.676048  0.000931769  0.736871  
0.503405  0.0557084  0.864184  
0.69717  0.00239569  0.71693  
0.503491  0.00103857  0.864181  
0.807259  0.447912  0.590229  
0.807259  0.116796  0.590227  
0.936304  0.000417983  0.351269  
