0.909966  0.0461434  
0.0265845  0.8394  
0.421112  0.351663  
0.171402  0.586206  
0.711819  0.156737  
0.578896  0.239289  
0.0691916  0.738285  
0.256841  0.494334  
0.837918  0.0846988  
0.513659  0.285181  
0.10736  0.672542  
0.366839  0.398199  
0.211785  0.541051  
0.793731  0.109378  
0.132813  0.635716  
0.0372273  0.80718  
0.757945  0.129565  
0.394119  0.372888  
0.547839  0.259922  
0.884607  0.059624  
0.0822329  0.713419  
0.491427  0.300208  
0.235148  0.517243  
0.190201  0.564531  
0.0460116  0.785685  
0.443999  0.334119  
0.740874  0.139545  
0.867889  0.0686976  
0.0534703  0.770036  
0.0917662  0.697219  
0.696558  0.17667  
0.156941  0.605352  
0.535307  0.270909  
0.115725  0.660023  
0.381643  0.383222  
0.222706  0.52835  
0.56703  0.247232  
0.700192  0.163469  
0.407803  0.361969  
0.782814  0.115904  
0.0584058  0.759121  
0.245703  0.50648  
0.857478  0.0745505  
0.729838  0.146782  
0.525005  0.275621  
0.0983557  0.687059  
0.0734181  0.729453  
0.181417  0.574861  
0.203377  0.55068  
0.121585  0.65176  
0.90174  0.0508314  
0.0292638  0.829241  
0.502575  0.292519  
0.374104  0.389151  
0.559842  0.252323  
0.0615917  0.752074  
0.162244  0.598388  
0.437136  0.339144  
0.196534  0.557057  
0.850064  0.0782367  
0.769936  0.123183  
0.228922  0.52175  
0.25032  0.500304  
0.0399548  0.800391  
0.125684  0.645719  
0.415231  0.356233  
0.40061  0.367211  
0.101693  0.681313  
0.89609  0.0535278  
0.0862096  0.707119  
0.175984  0.580686  
0.720726  0.151349  
0.542466  0.263644  
0.215629  0.535712  
0.508277  0.287185  
0.239192  0.51193  
0.752795  0.133521  
0.206593  0.54557  
0.165516  0.593413  
0.185104  0.569964  
0.110954  0.667073  
0.0325384  0.819815  
0.429353  0.347093  
0.0492124  0.778707  
0.573207  0.242983  
0.387825  0.378974  
0.84568  0.08048  
0.0782343  0.720428  
0.555162  0.255952  
0.128398  0.641814  
0.891603  0.0557824  
0.516007  0.281718  
0.873827  0.0652769  
0.242329  0.508201  
0.862518  0.0713581  
0.218829  0.532575  
0.0430614  0.792819  
0.36727  0.395586  
0.709236  0.158201  
0.0559446  0.764781  
