0.999998  1.02522e-06  
9.25762e-06  0.997231  
0.383657  0.380632  
0.088546  0.702503  
0.752971  0.132335  
0.623484  0.211627  
0.282655  0.474178  
0.00713773  0.91557  
0.022668  0.849483  
0.473944  0.325296  
0.12839  0.650894  
0.332952  0.423323  
0.039759  0.800778  
0.697682  0.165671  
0.962142  0.0206711  
0.435069  0.343092  
0.0544661  0.766698  
0.666871  0.183402  
0.30411  0.448841  
0.0656526  0.743876  
0.36113  0.400013  
0.107939  0.671649  
0.409194  0.360454  
0.73316  0.145093  
0.457008  0.326537  
0.650387  0.193981  
0.073479  0.729082  
0.986991  0.00689341  
0.027003  0.835856  
0.0094395  0.903023  
0.32077  0.433758  
0.349089  0.40932  
0.0965116  0.690715  
0.72182  0.150818  
0.0116985  0.891904  
0.117594  0.657221  
0.396939  0.370056  
0.0439908  0.7905  
0.638076  0.201422  
0.287273  0.464122  
0.373874  0.389446  
0.0788093  0.719348  
0.421429  0.350979  
0.0303811  0.825747  
0.682113  0.174402  
0.0137618  0.882789  
0.978306  0.0115511  
0.0582613  0.758705  
0.0471418  0.78297  
9.74468e-05  0.990188  
0.745969  0.136357  
0.0328319  0.818875  
0.000304212  0.982633  
0.342293  0.415866  
0.312809  0.442052  
0.0159166  0.873912  
0.000585897  0.975903  
0.101462  0.682139  
0.297827  0.455272  
0.0823305  0.71312  
0.000995857  0.968649  
0.971535  0.014556  
0.715753  0.154843  
0.659376  0.188177  
0.00142814  0.962854  
0.391375  0.374459  
0.017384  0.868469  
0.630075  0.206484  
0.00200058  0.955809  
0.356139  0.403412  
0.403339  0.365075  
0.689999  0.169487  
0.0607413  0.753597  
0.0495657  0.777426  
0.0346728  0.813978  
0.326222  0.428893  
0.0681268  0.739147  
0.00244762  0.951026  
0.369275  0.392376  
0.378743  0.38489  
0.995468  0.0023629  
0.282908  0.468942  
0.00301033  0.945495  
0.0185468  0.863905  
0.0846882  0.709077  
0.0360227  0.810241  
0.00344255  0.941554  
0.415597  0.356979  
0.315898  0.438646  
0.114251  0.66217  
0.0701439  0.735229  
0.0623655  0.750321  
0.431819  0.344775  
0.02376  0.845909  
0.0512527  0.773678  
0.387651  0.377425  
0.675233  0.180241  
0.0937878  0.693872  
0.672475  0.180678  
0.121754  0.654765  
