0.999999  1.52859e-06  
3.83418e-06  0.998274  
0.382933  0.381212  
0.0874767  0.704817  
0.751662  0.133064  
0.214802  0.536597  
0.595566  0.228339  
0.912072  0.0450278  
0.498425  0.294143  
0.0068901  0.917039  
0.138252  0.628268  
0.29175  0.460277  
0.0227641  0.852074  
0.68968  0.169575  
0.856848  0.0762221  
0.448295  0.3313  
0.0402193  0.801588  
0.339874  0.417445  
0.171772  0.586056  
0.555745  0.254544  
0.252317  0.498111  
0.820233  0.0947934  
0.653032  0.192493  
0.0548244  0.76597  
0.107361  0.672461  
0.796304  0.108723  
0.41308  0.357892  
0.957213  0.0218216  
0.192405  0.561481  
0.317527  0.436982  
0.0655901  0.744185  
0.628722  0.207145  
0.477741  0.308906  
0.891467  0.0560544  
0.362304  0.398266  
0.272139  0.479295  
0.151877  0.610454  
0.121012  0.652222  
0.2353  0.515678  
0.779556  0.117107  
0.580048  0.2386  
0.432285  0.342956  
0.985564  0.00760779  
0.0733485  0.730006  
0.674563  0.178713  
0.00948339  0.902658  
0.714764  0.156337  
0.0270362  0.835906  
0.877496  0.0634181  
0.463782  0.319138  
0.095239  0.691527  
0.39791  0.369396  
0.202652  0.550287  
0.160596  0.599331  
0.181584  0.574745  
0.0119743  0.890709  
0.044515  0.79043  
0.224614  0.526335  
0.128378  0.642155  
0.0305241  0.825555  
0.351979  0.407781  
0.611055  0.218715  
0.327687  0.427817  
0.373065  0.389302  
0.243644  0.506862  
0.0142704  0.880781  
0.666205  0.184213  
0.812053  0.0990126  
0.0793028  0.719128  
0.112972  0.664016  
0.283919  0.469641  
0.488268  0.301425  
0.0584733  0.758674  
0.0331197  0.818113  
0.456872  0.32444  
7.51224e-05  0.991431  
0.000237387  0.984762  
0.0161293  0.873241  
0.143217  0.621655  
0.391024  0.374809  
0.000533818  0.977889  
0.40607  0.363145  
0.000848158  0.971156  
0.049012  0.778828  
0.00128576  0.965591  
0.683812  0.173378  
0.438691  0.33771  
0.0823064  0.713485  
0.00176218  0.958836  
0.0352057  0.81249  
0.356751  0.402845  
0.427403  0.347801  
0.0178832  0.866454  
0.155746  0.605583  
0.367959  0.393479  
0.256879  0.493422  
0.00222797  0.95303  
0.103176  0.686459  
0.00284373  0.946812  
0.286692  0.466183  
