0.826321  0.0921291  
0.055309  0.766025  
0.415149  0.356755  
0.180206  0.578614  
0.715667  0.154261  
0.0988491  0.686042  
0.495043  0.296438  
0.131131  0.638091  
0.784997  0.114164  
0.459596  0.322215  
0.387141  0.378202  
0.0689699  0.73825  
0.152193  0.611188  
0.759739  0.128412  
0.079334  0.71837  
0.111751  0.666713  
0.437971  0.338646  
0.742486  0.138393  
0.164625  0.594363  
0.479978  0.30724  
0.809315  0.100566  
0.402266  0.365842  
0.119863  0.655369  
0.087812  0.704415  
0.0594734  0.756192  
0.731644  0.144812  
0.427071  0.34734  
0.138777  0.628708  
0.775108  0.11966  
0.171545  0.586022  
0.45145  0.328184  
0.801429  0.105086  
0.143891  0.620857  
0.47111  0.314403  
0.157042  0.603799  
0.123932  0.648117  
0.0918996  0.697384  
0.0724191  0.731461  
0.105164  0.676282  
0.394599  0.371943  
0.488723  0.301213  
0.795792  0.108112  
0.0624197  0.750668  
0.726041  0.148805  
0.445406  0.333267  
0.754457  0.13193  
0.409144  0.360568  
0.420613  0.351729  
0.1149  0.661734  
0.818115  0.095648  
0.768685  0.123687  
0.0646703  0.746289  
0.0946668  0.69246  
0.43168  0.343175  
0.46507  0.318081  
0.107609  0.672189  
0.475779  0.310312  
0.0838209  0.710567  
0.0745994  0.727516  
0.127287  0.644211  
0.160934  0.599361  
0.174626  0.582545  
0.722275  0.150784  
0.135327  0.632221  
0.738293  0.141416  
0.101799  0.682329  
0.748512  0.135099  
0.45581  0.324912  
0.391373  0.374724  
0.168322  0.589868  
0.790567  0.111067  
0.441634  0.335651  
0.0763452  0.724654  
0.485182  0.30439  
0.417822  0.3539  
0.153793  0.608403  
0.0563412  0.763292  
0.398819  0.369225  
0.781156  0.116973  
0.11656  0.659103  
0.492191  0.298587  
0.146268  0.618246  
0.42458  0.348649  
0.0962894  0.689986  
0.0853649  0.70797  
0.0813915  0.714898  
0.80531  0.102714  
0.0895771  0.701795  
0.434504  0.340902  
0.177154  0.580313  
0.468055  0.315882  
0.404925  0.363683  
0.824174  0.0923558  
0.158802  0.601623  
0.0664915  0.744225  
0.413209  0.357558  
0.779252  0.117343  
0.118041  0.656619  
0.0672165  0.740827  
0.766998  0.124737  
