1  7.02673e-07  
8.14963e-06  0.99716  
0.383364  0.380863  
0.0882367  0.70304  
0.752495  0.132597  
0.614609  0.216801  
0.285473  0.468263  
0.00709483  0.915978  
0.022594  0.849899  
0.175234  0.641898  
0.697974  0.164675  
0.948608  0.0275666  
0.119903  0.654006  
0.0396147  0.801038  
0.447057  0.332708  
0.335268  0.421608  
0.05432  0.767059  
0.666831  0.183454  
0.419642  0.353501  
0.311193  0.444897  
0.0659816  0.743235  
0.362249  0.39847  
0.730727  0.145803  
0.643861  0.198222  
0.981388  0.00959028  
0.0993866  0.686382  
0.404603  0.363984  
0.073894  0.728239  
0.297517  0.454717  
0.00946973  0.902827  
0.0268283  0.836287  
0.322764  0.432022  
0.350357  0.408834  
0.71893  0.152898  
0.106114  0.67465  
0.969945  0.0164494  
0.0119095  0.890943  
0.15137  0.643624  
0.431458  0.343348  
0.0444666  0.789247  
0.634103  0.204115  
0.373825  0.388686  
0.0300866  0.826679  
0.079028  0.719102  
0.684515  0.174684  
0.394805  0.3721  
0.0139889  0.882067  
0.65774  0.18988  
0.74389  0.137569  
0.0580797  0.759171  
0.128244  0.64659  
0.959965  0.020457  
0.000100637  0.990054  
0.000293904  0.982935  
0.0158281  0.874281  
0.290164  0.461502  
0.000606976  0.976444  
0.316304  0.437718  
0.708494  0.158358  
0.993712  0.00321421  
0.033331  0.817524  
0.0481328  0.780705  
0.000935707  0.969495  
0.110358  0.668686  
0.329482  0.426105  
0.0824714  0.712883  
0.00135787  0.963223  
0.626228  0.211153  
0.303883  0.449148  
0.690934  0.169346  
0.426148  0.347597  
0.342448  0.416317  
0.0174207  0.868251  
0.00185588  0.958069  
0.0686987  0.738154  
0.114896  0.661133  
0.00228565  0.952287  
0.389712  0.376109  
0.367696  0.393731  
0.410747  0.359301  
0.0613467  0.752594  
0.0352451  0.812624  
0.00274923  0.94763  
0.378808  0.384577  
0.0952942  0.692304  
0.0503345  0.775718  
0.0186175  0.864242  
0.673173  0.179605  
0.00329677  0.943054  
0.399161  0.368325  
0.358475  0.402455  
0.346673  0.41212  
0.662363  0.186302  
0.0703619  0.734795  
0.723635  0.149623  
0.00384211  0.939133  
0.681343  0.175531  
0.0758688  0.7246  
0.144287  0.643747  
0.285921  0.466002  
