1  3.12662e-07  
9.09557e-06  0.997093  
0.383416  0.380841  
0.0885815  0.702442  
0.753403  0.135401  
0.216129  0.535211  
0.598462  0.227329  
0.504617  0.290511  
0.300655  0.451718  
0.00712568  0.915639  
0.139773  0.626219  
0.0226515  0.849565  
0.850381  0.0779415  
0.689263  0.171305  
0.451117  0.328712  
0.0397654  0.800687  
0.257955  0.492177  
0.173457  0.583562  
0.345144  0.412552  
0.55661  0.254156  
0.0545782  0.766453  
0.654171  0.193943  
0.10844  0.670761  
0.421438  0.35121  
0.19311  0.560645  
0.0658364  0.74348  
0.481999  0.306128  
0.534959  0.268703  
0.23675  0.513499  
0.324001  0.430845  
0.280008  0.470901  
0.72289  0.150708  
0.628401  0.207911  
0.154438  0.607102  
0.12111  0.652087  
0.366391  0.394763  
0.403457  0.36484  
0.581248  0.238766  
0.0737793  0.728453  
0.00952558  0.902482  
0.0267984  0.836393  
0.437977  0.338299  
0.6765  0.179093  
0.0960807  0.690233  
0.52068  0.278502  
0.20434  0.548227  
0.466297  0.317239  
0.614454  0.216258  
0.312938  0.440657  
0.742476  0.139813  
0.128816  0.641211  
0.0117809  0.891557  
0.269171  0.481241  
0.247185  0.502875  
0.226162  0.524505  
0.162809  0.596629  
0.0441415  0.790014  
0.1827  0.573182  
0.290691  0.460888  
0.33539  0.421085  
0.0300954  0.826671  
0.35665  0.402947  
0.0790891  0.718874  
0.667416  0.184721  
0.3945  0.371945  
0.0137926  0.882662  
0.547464  0.260232  
0.14612  0.617858  
0.492789  0.298179  
0.641066  0.200122  
0.413474  0.357069  
0.569299  0.246436  
0.100806  0.682598  
0.0582087  0.758805  
0.113672  0.663029  
0.37539  0.387344  
0.430638  0.343808  
0.0473769  0.782495  
0.0325908  0.81958  
0.0156136  0.875133  
0.000102829  0.989908  
0.000311847  0.982392  
0.514008  0.283466  
0.000603348  0.975482  
0.133421  0.634896  
0.000962304  0.96925  
0.460176  0.322319  
0.21013  0.541715  
0.0826331  0.712681  
0.198478  0.554586  
0.606849  0.221516  
0.00136077  0.963284  
0.167724  0.590583  
0.307155  0.446134  
0.588588  0.233193  
0.0171117  0.869315  
0.187772  0.566715  
0.00182208  0.957547  
0.0685392  0.738244  
0.242695  0.50902  
