1  3.3771e-07  
9.41815e-06  0.997037  
0.383353  0.380885  
0.0886725  0.702389  
0.717218  0.153775  
0.216029  0.535273  
0.574549  0.242204  
0.299985  0.452343  
0.00715682  0.915527  
0.493559  0.298168  
0.139767  0.62618  
0.854095  0.0784542  
0.0227645  0.849174  
0.658176  0.189151  
0.0398659  0.800502  
0.443234  0.334284  
0.954309  0.0261753  
0.2574  0.492692  
0.173539  0.583563  
0.344427  0.413239  
0.0545101  0.766638  
0.541042  0.265074  
0.625216  0.209732  
0.108307  0.670933  
0.416824  0.354424  
0.0657698  0.743686  
0.192976  0.560754  
0.47244  0.313143  
0.236056  0.514194  
0.279062  0.471762  
0.323309  0.431449  
0.695478  0.168348  
0.154361  0.607171  
0.520542  0.279255  
0.603598  0.223341  
0.121033  0.652165  
0.365044  0.39584  
0.0736734  0.728684  
0.40184  0.366123  
0.00957733  0.902365  
0.0270369  0.836074  
0.678758  0.176437  
0.645414  0.197512  
0.203844  0.548582  
0.0960192  0.690219  
0.45909  0.322642  
0.12879  0.641187  
0.0118184  0.891397  
0.432333  0.342741  
0.311849  0.441592  
0.246569  0.503533  
0.268397  0.482038  
0.162838  0.596534  
0.590387  0.231655  
0.182365  0.573018  
0.508573  0.287797  
0.2257  0.524998  
0.0441187  0.790262  
0.289902  0.461669  
0.334489  0.421786  
0.0789537  0.719079  
0.030145  0.826565  
0.35556  0.403772  
0.484496  0.304124  
0.0138446  0.882538  
0.375116  0.387591  
0.145996  0.617983  
0.531589  0.271146  
0.393308  0.372902  
0.615916  0.215667  
0.058132  0.758987  
0.100754  0.682668  
0.113484  0.663242  
0.0471988  0.782999  
0.670113  0.181959  
0.0155511  0.875408  
0.0326693  0.81948  
0.000102445  0.989949  
0.000289877  0.983028  
0.000562076  0.976403  
0.425314  0.347862  
0.452537  0.327471  
0.133372  0.634875  
0.409882  0.359821  
0.000917685  0.970024  
0.209834  0.542179  
0.0824791  0.712877  
0.167607  0.59067  
0.00130932  0.963981  
0.689663  0.169895  
0.0170053  0.869653  
0.198031  0.555066  
0.187293  0.567265  
0.306036  0.446875  
0.00172815  0.958529  
0.241266  0.508873  
0.034583  0.814114  
0.251767  0.498289  
0.0684447  0.738433  
0.284679  0.46651  
