0.902383  0.0506198  
7.88139e-06  0.997216  
0.329825  0.425809  
0.0694725  0.736493  
0.661738  0.186903  
0.175199  0.58154  
0.516224  0.281721  
0.43223  0.342627  
0.249131  0.500937  
0.779547  0.118854  
0.108807  0.670286  
0.00460896  0.932322  
0.602784  0.223917  
0.0150272  0.87749  
0.385152  0.379447  
0.854973  0.0754452  
0.027245  0.835058  
0.732097  0.145282  
0.209668  0.542151  
0.289904  0.461642  
0.136235  0.630966  
0.47939  0.307666  
0.566632  0.247307  
0.0385496  0.804118  
0.359729  0.400368  
0.0835513  0.711039  
0.70555  0.161662  
0.63966  0.200455  
0.15293  0.608988  
0.0476106  0.781944  
0.411732  0.358422  
0.545556  0.261461  
0.229034  0.521517  
0.270006  0.480452  
0.45921  0.323138  
0.310944  0.442815  
0.191213  0.562931  
0.119991  0.653802  
0.0929782  0.695217  
0.884101  0.059765  
0.054421  0.766828  
0.760337  0.130783  
0.588627  0.233196  
0.500396  0.293727  
0.346114  0.411823  
0.626133  0.209802  
0.163105  0.596321  
0.533033  0.269985  
0.447703  0.33108  
0.400266  0.367647  
0.373257  0.389073  
0.259752  0.490419  
0.238873  0.511383  
0.059356  0.756528  
0.300709  0.451699  
0.218977  0.532332  
0.0990037  0.685425  
0.017502  0.8678  
0.126739  0.64432  
0.14342  0.621501  
0.20025  0.553435  
0.719608  0.152405  
0.280703  0.470252  
0.617046  0.214629  
0.00595109  0.923141  
0.0745252  0.727177  
0.42327  0.34952  
0.321115  0.434118  
0.182612  0.572714  
0.491859  0.298909  
0.558169  0.252986  
0.030135  0.8265  
0.469252  0.31502  
0.00719784  0.915207  
0.579003  0.23952  
0.0196199  0.860077  
0.338434  0.418352  
0.0627374  0.749641  
0.168535  0.589648  
0.393473  0.372853  
0.00851994  0.907842  
0.0411504  0.797514  
0.113678  0.663295  
0.0323419  0.820321  
0.353576  0.405445  
0.102851  0.679444  
0.0870427  0.705072  
0.0213251  0.854129  
0.366812  0.394576  
0.0778523  0.721151  
0.15756  0.603392  
0.0095832  0.902323  
0.147478  0.616079  
0.130646  0.638917  
0.769381  0.125436  
0.254449  0.495621  
0.295526  0.456433  
0.406656  0.362473  
0.244073  0.506145  
0.265006  0.485395  
