0.93713  0.032737  
9.74304e-06  0.996919  
0.35096  0.409482  
0.0776053  0.723389  
0.693051  0.167758  
0.190886  0.563764  
0.5452  0.262155  
0.457789  0.323463  
0.26804  0.483041  
0.857039  0.0745693  
0.00584583  0.923628  
0.122175  0.653057  
0.0186007  0.864176  
0.633994  0.203959  
0.778151  0.11906  
0.407757  0.361736  
0.0332201  0.81978  
0.311044  0.442339  
0.151314  0.611823  
0.228553  0.522396  
0.508355  0.287113  
0.598366  0.226721  
0.0461064  0.787179  
0.745949  0.13697  
0.0942937  0.695094  
0.381506  0.382999  
0.905315  0.0500062  
0.43582  0.339877  
0.576971  0.240502  
0.169544  0.589861  
0.289496  0.462046  
0.486624  0.302497  
0.672189  0.180741  
0.0575553  0.76401  
0.208738  0.544063  
0.246479  0.503713  
0.724864  0.149168  
0.133878  0.635707  
0.333077  0.425276  
0.105371  0.678476  
0.365837  0.395313  
0.529677  0.273018  
0.0639643  0.748013  
0.619487  0.213675  
0.563748  0.249258  
0.423625  0.349477  
0.474162  0.311461  
0.893327  0.0553963  
0.396094  0.371357  
0.711573  0.156675  
0.178895  0.578797  
0.0222087  0.852807  
0.0077496  0.912334  
0.256851  0.493319  
0.0839104  0.711697  
0.300593  0.451807  
0.279272  0.472162  
0.322177  0.432627  
0.217013  0.534396  
0.160216  0.601695  
0.0370736  0.809651  
0.199716  0.554168  
0.449003  0.330153  
0.00983067  0.902407  
0.113554  0.665638  
0.142703  0.622931  
0.49855  0.294004  
0.237681  0.513914  
0.520405  0.278807  
0.0693636  0.738285  
0.0251149  0.843245  
0.589593  0.232488  
0.33957  0.41732  
0.610162  0.218915  
0.758575  0.129249  
0.358146  0.401833  
0.050221  0.776834  
0.685734  0.1727  
0.126642  0.645208  
0.416479  0.35481  
0.0118113  0.891767  
0.0393258  0.80319  
0.0880028  0.704074  
0.538058  0.266749  
0.183384  0.57257  
0.466218  0.317243  
0.389899  0.376267  
0.0268691  0.837087  
0.273446  0.477141  
9.57855e-05  0.9905  
0.0999517  0.687142  
0.000236228  0.985118  
0.372629  0.38995  
0.262744  0.487935  
0.000626948  0.975424  
0.0134355  0.88489  
0.284559  0.467072  
0.0526436  0.771992  
0.0728802  0.73253  
0.0593231  0.757171  
