0.99999  6.09948e-06  
9.04148e-06  0.997021  
0.38371  0.380635  
0.0888191  0.702034  
0.751577  0.133108  
0.216664  0.534649  
0.59794  0.226779  
0.506408  0.288441  
0.301478  0.450993  
0.00717936  0.915331  
0.140353  0.625404  
0.0227819  0.849299  
0.692594  0.168258  
0.452542  0.327369  
0.039976  0.800173  
0.258488  0.491642  
0.174387  0.582523  
0.824114  0.0922751  
0.345181  0.412522  
0.961781  0.0215899  
0.560685  0.251241  
0.655839  0.1903  
0.0547696  0.766148  
0.108727  0.670352  
0.421741  0.350654  
0.065964  0.743349  
0.483626  0.30469  
0.194017  0.55976  
0.633025  0.204433  
0.538312  0.266547  
0.237089  0.513209  
0.280405  0.470527  
0.803244  0.10532  
0.324462  0.430445  
0.155407  0.605897  
0.784603  0.114361  
0.121939  0.651017  
0.366121  0.394974  
0.405247  0.363544  
0.583175  0.236386  
0.0740628  0.72798  
0.619519  0.213064  
0.677353  0.177029  
0.439284  0.337365  
0.00961362  0.902062  
0.470409  0.314271  
0.026915  0.836137  
0.524824  0.275734  
0.0963942  0.689706  
0.204728  0.547685  
0.77284  0.120934  
0.011903  0.891014  
0.269714  0.480737  
0.313832  0.439908  
0.129667  0.640409  
0.0442828  0.789673  
0.248035  0.502015  
0.164036  0.595482  
0.183711  0.571608  
0.226786  0.523967  
0.291226  0.460407  
0.030361  0.825937  
0.335588  0.420854  
0.0793975  0.718585  
0.395432  0.371242  
0.496795  0.295333  
0.356834  0.402731  
0.0139203  0.88212  
0.574354  0.242254  
0.147091  0.616552  
0.550087  0.258354  
0.66919  0.182247  
0.113991  0.662486  
0.375683  0.387129  
0.101208  0.682022  
0.431711  0.34325  
0.0586044  0.757975  
0.462771  0.320032  
0.414396  0.356298  
0.0475991  0.782022  
0.0156781  0.87497  
0.000103806  0.989867  
0.516453  0.281385  
0.0329325  0.818851  
0.000307797  0.982555  
0.000601793  0.975582  
0.000955542  0.969243  
0.210467  0.541327  
0.134172  0.634419  
0.0827434  0.712604  
0.168594  0.589574  
0.00141719  0.962612  
0.446684  0.331726  
0.199104  0.553845  
0.308014  0.44539  
0.017205  0.86906  
0.264237  0.486033  
0.188611  0.566083  
0.231797  0.518798  
0.002035  0.9551  
