0.931502  0.0358331  
9.61365e-06  0.996919  
0.34639  0.412779  
0.0761998  0.724383  
0.688918  0.170779  
0.18828  0.566539  
0.539095  0.266313  
0.453063  0.327554  
0.265904  0.486166  
0.0055105  0.926018  
0.120622  0.654651  
0.806007  0.106931  
0.0181209  0.867397  
0.627823  0.208575  
0.403227  0.365455  
0.0320687  0.823043  
0.878385  0.0628237  
0.224697  0.526629  
0.759028  0.131749  
0.14787  0.616041  
0.308149  0.446747  
0.501329  0.29201  
0.594377  0.230879  
0.0444499  0.789951  
0.376449  0.38649  
0.0925987  0.698421  
0.725793  0.148218  
0.165665  0.593635  
0.663569  0.186762  
0.430873  0.343734  
0.0543656  0.768239  
0.480336  0.307067  
0.568669  0.246526  
0.243895  0.507452  
0.284977  0.467001  
0.327566  0.428598  
0.203793  0.548846  
0.1305  0.638948  
0.907755  0.0473492  
0.102717  0.683347  
0.524302  0.277182  
0.0612575  0.753527  
0.780435  0.117199  
0.362218  0.398251  
0.614266  0.217589  
0.175941  0.5811  
0.649675  0.196288  
0.418605  0.353177  
0.390466  0.375215  
0.554717  0.255309  
0.0213019  0.856008  
0.213443  0.538265  
0.0075559  0.914668  
0.253877  0.496916  
0.74415  0.137773  
0.155579  0.605851  
0.465824  0.317546  
0.295016  0.457111  
0.317627  0.436866  
0.584614  0.235959  
0.275041  0.476451  
0.137648  0.629247  
0.082929  0.713236  
0.0665844  0.742889  
0.679121  0.177465  
0.111377  0.667755  
0.0352941  0.813222  
0.232928  0.517707  
0.337521  0.419758  
0.513812  0.283315  
0.009523  0.903759  
0.0237228  0.847819  
0.491582  0.298923  
0.354317  0.404798  
0.196169  0.559034  
0.0109461  0.895794  
0.0377149  0.80635  
0.441413  0.337014  
0.0958933  0.691786  
0.41193  0.358868  
0.607697  0.22189  
0.0256368  0.841106  
0.370025  0.391865  
0.0480988  0.782009  
0.531967  0.27095  
0.384066  0.380332  
0.0702158  0.736609  
0.182383  0.574694  
0.0869235  0.707028  
0.170201  0.588101  
0.141793  0.62377  
8.63676e-05  0.991354  
0.0123779  0.890421  
0.160186  0.600483  
0.473229  0.312191  
0.123057  0.649418  
0.000284473  0.983695  
0.000529065  0.977041  
0.259834  0.491958  
0.106798  0.67543  
