1  3.80352e-07  
9.90317e-06  0.996885  
0.38391  0.380441  
0.0889842  0.701743  
0.737892  0.143473  
0.216661  0.534564  
0.588305  0.233546  
0.499259  0.293468  
0.30078  0.451598  
0.00722687  0.915061  
0.140343  0.625483  
0.0228743  0.848825  
0.849598  0.0788887  
0.678328  0.176544  
0.94713  0.0268718  
0.449222  0.329919  
0.0401365  0.799722  
0.174106  0.582792  
0.258124  0.49204  
0.803829  0.103497  
0.34516  0.412737  
0.552087  0.257659  
0.643748  0.19916  
0.0549558  0.765703  
0.108886  0.670112  
0.42033  0.351968  
0.193758  0.559872  
0.0661948  0.742816  
0.529929  0.272258  
0.236963  0.513256  
0.621686  0.212415  
0.324215  0.430655  
0.279591  0.471287  
0.47869  0.309213  
0.713922  0.156346  
0.155017  0.606359  
0.121503  0.65153  
0.366258  0.394939  
0.404502  0.364118  
0.0740339  0.72808  
0.830204  0.0889053  
0.573369  0.244085  
0.00964962  0.901823  
0.0270202  0.835696  
0.436604  0.339294  
0.609238  0.220039  
0.662491  0.186757  
0.517582  0.281099  
0.0964655  0.689525  
0.466428  0.317732  
0.204451  0.548177  
0.129276  0.640534  
0.313003  0.44061  
0.0119484  0.890795  
0.163518  0.595712  
0.0444643  0.789261  
0.247705  0.50245  
0.183074  0.5724  
0.269151  0.481677  
0.226666  0.523995  
0.290539  0.461047  
0.0304104  0.825702  
0.0793569  0.718365  
0.35627  0.403215  
0.335519  0.421239  
0.0139817  0.8819  
0.542739  0.263522  
0.489707  0.300516  
0.395805  0.370907  
0.563942  0.249286  
0.146849  0.616869  
0.375612  0.387322  
0.0585855  0.758048  
0.114002  0.662452  
0.101438  0.681572  
0.0475787  0.782018  
0.0329753  0.818454  
0.000105559  0.989764  
0.0157842  0.874436  
0.000297036  0.982802  
0.413667  0.356945  
0.000577363  0.976027  
0.429968  0.344408  
0.210267  0.541495  
0.00092811  0.969584  
0.133972  0.63425  
0.58092  0.237989  
0.0828256  0.712295  
0.00133359  0.96358  
0.168391  0.589717  
0.0172596  0.868719  
0.18819  0.566302  
0.306934  0.446038  
0.198656  0.55433  
0.00177813  0.95805  
0.654267  0.193749  
0.0349123  0.813236  
0.0689777  0.737684  
0.686585  0.171535  
0.00225573  0.952902  
