1  1.92608e-07  
8.79298e-06  0.997086  
0.383606  0.380701  
0.088795  0.702064  
0.730525  0.147713  
0.216039  0.535301  
0.586314  0.234511  
0.890923  0.0561473  
0.497912  0.294867  
0.300465  0.451891  
0.00719039  0.915282  
0.139971  0.626011  
0.0227616  0.849245  
0.829  0.0902669  
0.67701  0.1783  
0.448112  0.331396  
0.0399803  0.800248  
0.257842  0.492667  
0.173649  0.583439  
0.344737  0.413093  
0.960531  0.0208255  
0.549329  0.259963  
0.0547263  0.76616  
0.644283  0.203005  
0.108742  0.670323  
0.419522  0.352707  
0.0659868  0.743277  
0.193277  0.560536  
0.619638  0.212993  
0.236302  0.51408  
0.27925  0.471621  
0.528834  0.27426  
0.323088  0.43166  
0.154907  0.606705  
0.121413  0.651736  
0.471307  0.31354  
0.365657  0.395482  
0.403468  0.365007  
0.661997  0.187895  
0.0739449  0.728312  
0.00960669  0.902073  
0.0269321  0.835977  
0.703999  0.165944  
0.568954  0.247609  
0.0964615  0.689518  
0.204258  0.548198  
0.608124  0.222464  
0.913102  0.0447285  
0.129089  0.64086  
0.0119037  0.891142  
0.247036  0.503177  
0.312484  0.441107  
0.268694  0.482099  
0.225949  0.524911  
0.0442634  0.789928  
0.163369  0.595924  
0.183003  0.572778  
0.290264  0.461386  
0.485452  0.303424  
0.432017  0.342855  
0.460285  0.321701  
0.0303003  0.826196  
0.0791855  0.718742  
0.519302  0.280985  
0.355731  0.403654  
0.333866  0.422234  
0.0139987  0.882197  
0.509944  0.286141  
0.146415  0.61747  
0.54115  0.26606  
0.394092  0.372531  
0.695014  0.170215  
0.375632  0.387201  
0.633176  0.205315  
0.0584335  0.758394  
0.113814  0.662778  
0.101308  0.6818  
0.000100755  0.989992  
0.0329083  0.818678  
0.0476588  0.781792  
0.0157388  0.874741  
0.000299259  0.982715  
0.597459  0.227698  
0.000585958  0.97584  
0.000940576  0.969363  
0.133623  0.634628  
0.209981  0.54189  
0.0828585  0.712447  
0.00135699  0.96342  
0.198425  0.554629  
0.410596  0.359328  
0.306677  0.446259  
0.0171672  0.869137  
0.168099  0.590279  
0.252411  0.497694  
0.00179504  0.95768  
0.187897  0.566648  
0.241883  0.508896  
0.0348002  0.813576  
0.0688845  0.737646  
