0.478286  0.328108  
0.444933  0.348275  
0.462904  0.332925  
0.454066  0.339441  
0.449022  0.343232  
0.470261  0.328128  
0.459206  0.335722  
0.467096  0.329904  
0.446545  0.345616  
0.457024  0.337262  
0.451901  0.341063  
0.46543  0.331073  
0.461246  0.334174  
0.445055  0.346884  
0.447789  0.344194  
0.450626  0.342009  
0.468789  0.328703  
0.455697  0.338264  
0.464295  0.331971  
0.453191  0.340074  
0.460375  0.334807  
0.446997  0.344905  
0.462204  0.333472  
0.46806  0.329205  
0.466374  0.330378  
0.445858  0.346056  
0.45498  0.338781  
0.449794  0.342656  
0.463745  0.332326  
0.456435  0.337724  
0.451358  0.34148  
0.457911  0.336762  
0.452484  0.340624  
0.448392  0.343759  
0.459726  0.335305  
0.469854  0.328307  
0.445469  0.346469  
0.464745  0.331597  
0.463385  0.332557  
0.461694  0.333822  
0.447441  0.344511  
0.460905  0.334445  
0.454574  0.339103  
0.465844  0.330763  
0.449487  0.342854  
0.455393  0.338477  
0.465129  0.331274  
0.462612  0.33316  
0.466817  0.330052  
0.457466  0.336985  
0.45379  0.339651  
0.448642  0.343483  
0.451085  0.341718  
0.45606  0.338004  
0.467805  0.329431  
0.447194  0.344653  
0.459485  0.335472  
0.467394  0.329663  
0.452835  0.340389  
0.450103  0.342425  
0.448169  0.343833  
0.464524  0.331709  
0.459958  0.335091  
0.447952  0.343991  
0.456675  0.337522  
0.468293  0.329003  
0.469096  0.328504  
0.450431  0.342183  
0.446634  0.345426  
0.468595  0.328816  
0.461507  0.33396  
0.459028  0.335865  
0.463926  0.33215  
0.461899  0.333651  
0.465677  0.330893  
0.454815  0.338926  
0.457233  0.337097  
0.466561  0.330222  
0.450799  0.341855  
0.453496  0.339924  
0.446853  0.345073  
0.456212  0.33786  
0.462754  0.333023  
0.451591  0.341344  
0.446153  0.345923  
0.445337  0.346628  
0.469714  0.328377  
0.453653  0.3398  
0.444934  0.347111  
0.460543  0.334691  
0.457696  0.336869  
0.451789  0.341162  
0.453018  0.340278  
0.455138  0.338671  
0.449684  0.342722  
0.454433  0.339332  
0.451188  0.341616  
0.452048  0.340969  
0.449288  0.343145  
0.446474  0.345808  
