0.6472  0.219029  
0.570943  0.314652  
0.579031  0.246625  
0.636207  0.226551  
0.570952  0.253667  
0.615356  0.241708  
0.587965  0.241711  
0.642452  0.221908  
0.574845  0.249463  
0.584478  0.243047  
0.639561  0.223738  
0.572293  0.251508  
0.582365  0.244417  
0.645159  0.220107  
0.577349  0.247798  
0.637958  0.224764  
0.58102  0.245291  
0.586512  0.241809  
0.573608  0.250316  
0.641339  0.222582  
0.571008  0.252588  
0.644005  0.220964  
0.636804  0.225659  
0.576193  0.248578  
0.58369  0.243547  
0.585627  0.242343  
0.646505  0.21931  
0.640662  0.223022  
0.578359  0.247072  
0.580056  0.24596  
0.572849  0.250882  
0.643296  0.221286  
0.63741  0.225133  
0.574312  0.249793  
0.575578  0.248953  
0.583212  0.243885  
0.638831  0.224303  
0.644558  0.220505  
0.581713  0.24484  
0.642018  0.222153  
0.585082  0.242621  
0.576926  0.248058  
0.645824  0.219718  
0.640155  0.223352  
0.586126  0.24197  
0.578002  0.247348  
0.579601  0.246268  
0.580508  0.24565  
0.639255  0.223895  
0.575287  0.249167  
0.636522  0.225884  
0.573144  0.250605  
0.57665  0.248242  
0.642769  0.221637  
0.581443  0.245016  
0.641749  0.22231  
0.582944  0.244039  
0.638414  0.224501  
0.646178  0.219468  
0.584034  0.243304  
0.644252  0.220726  
0.639859  0.223512  
0.645606  0.219877  
0.643797  0.220976  
0.637215  0.225276  
0.574119  0.249924  
0.584731  0.242855  
0.573871  0.250128  
0.646866  0.219124  
0.577819  0.247496  
0.63768  0.224952  
0.644831  0.220325  
0.573431  0.250435  
0.575067  0.249294  
0.582079  0.244671  
0.636354  0.226295  
0.580857  0.245422  
0.582201  0.244514  
0.585476  0.242457  
0.577537  0.247646  
0.578883  0.246764  
0.577096  0.247911  
0.583406  0.243739  
0.579286  0.246487  
0.578197  0.24721  
0.574603  0.249657  
0.640297  0.22322  
0.578592  0.246941  
0.582543  0.244292  
0.63818  0.224639  
0.640828  0.222898  
0.641616  0.222462  
0.586406  0.241847  
0.575693  0.24885  
0.645506  0.219902  
0.643447  0.221187  
0.643203  0.221401  
0.571261  0.252502  
0.642324  0.222068  
0.576794  0.24816  
