0.883833  0.0843009  
0.0117829  0.891792  
0.413581  0.420428  
0.653767  0.215941  
0.221008  0.572035  
0.0821139  0.772202  
0.456641  0.355034  
0.249667  0.539953  
0.806395  0.185654  
0.624419  0.304331  
0.0248529  0.864889  
0.431292  0.356995  
0.643026  0.220644  
0.0146217  0.879615  
0.0729251  0.784894  
0.42223  0.408328  
0.798249  0.191544  
0.0167595  0.871062  
0.241911  0.558147  
0.241918  0.54795  
0.227235  0.56515  
0.075689  0.778294  
0.0184278  0.865594  
0.87854  0.0885673  
0.245373  0.543715  
0.223476  0.568086  
0.0784841  0.773493  
0.649401  0.217176  
0.802709  0.188105  
0.880315  0.0856515  
0.629132  0.301574  
0.416334  0.418052  
0.07356  0.782558  
0.0125066  0.888401  
0.626946  0.302259  
0.243305  0.545898  
0.800694  0.189036  
0.440865  0.355114  
0.247187  0.541835  
0.433444  0.355122  
0.424603  0.406476  
0.225436  0.566269  
0.221764  0.570323  
0.0767728  0.776263  
0.0129813  0.886503  
0.878696  0.0869714  
0.799209  0.189857  
0.0152794  0.876788  
0.0744046  0.780914  
0.644975  0.219437  
0.0794102  0.77232  
0.415251  0.419129  
0.244312  0.544648  
0.432437  0.35564  
0.423287  0.40733  
0.62595  0.302891  
0.224329  0.567142  
0.805454  0.186219  
0.246272  0.542455  
0.0159043  0.874139  
0.017579  0.868281  
0.625132  0.30346  
0.798364  0.190728  
0.077707  0.774705  
0.242562  0.547016  
0.879596  0.0860756  
0.076091  0.777552  
0.64432  0.219945  
0.881612  0.0850049  
0.0786215  0.772856  
0.0197581  0.864962  
0.702564  0.215365  
0.245725  0.543115  
0.0730142  0.783982  
0.0119655  0.890747  
0.24779  0.541324  
0.415707  0.418626  
0.222973  0.569095  
0.222066  0.569826  
0.224951  0.566628  
0.2213  0.570943  
0.627601  0.301802  
0.0163157  0.872506  
0.801386  0.188599  
0.802305  0.188181  
0.624532  0.303929  
0.0739519  0.782159  
0.643722  0.220248  
0.431302  0.356599  
0.0752978  0.779078  
0.798691  0.190339  
0.0148921  0.878522  
0.701773  0.215567  
0.422927  0.407555  
0.432995  0.355321  
0.249353  0.54014  
0.424317  0.407017  
0.079247  0.772461  
0.0734316  0.782997  
0.0810228  0.772224  
