0.934793  0.0546039  
0.0309488  0.923442  
0.436846  0.431963  
0.734609  0.231772  
0.246634  0.567004  
0.0862545  0.764809  
0.301873  0.488084  
0.6632  0.264526  
0.879598  0.0781533  
0.0382359  0.903498  
0.123519  0.746641  
0.883062  0.0609928  
0.0988818  0.747808  
0.670893  0.248209  
0.255019  0.551726  
0.246804  0.557548  
0.294295  0.496124  
0.663368  0.253848  
0.0318834  0.917049  
0.929347  0.0553624  
0.0935244  0.749814  
0.0330858  0.911742  
0.297312  0.49191  
0.0341464  0.906409  
0.250979  0.552705  
0.0822602  0.770068  
0.432946  0.4362  
0.666435  0.250284  
0.879626  0.0689701  
0.879642  0.0629657  
0.731882  0.232956  
0.0357581  0.9037  
0.0835287  0.767618  
0.434254  0.433927  
0.299884  0.489615  
0.295138  0.494138  
0.664551  0.251497  
0.669065  0.248579  
0.881254  0.0614607  
0.0843277  0.766223  
0.249635  0.555353  
0.0344839  0.905117  
0.435665  0.432711  
0.116191  0.746667  
0.733106  0.231906  
0.433241  0.434919  
0.300827  0.488606  
0.298371  0.490924  
0.253906  0.55173  
0.0331969  0.910777  
0.250082  0.553722  
0.034877  0.903938  
0.668197  0.249204  
0.252126  0.551838  
0.111989  0.746962  
0.0310897  0.921322  
0.296532  0.493047  
0.880482  0.0618724  
0.930574  0.0546105  
0.295814  0.493406  
0.0848737  0.765533  
0.294449  0.49502  
0.0828483  0.768729  
0.299041  0.490262  
0.0324242  0.914406  
0.928699  0.0559181  
0.66379  0.253209  
0.247351  0.556924  
0.667386  0.249694  
0.664006  0.252037  
0.0336092  0.908574  
0.929955  0.0548342  
0.665955  0.250708  
0.031275  0.920843  
0.879951  0.0624959  
0.882119  0.0610099  
0.732656  0.232283  
0.435223  0.433445  
0.296871  0.492351  
0.0325672  0.913975  
0.297851  0.491487  
0.249663  0.554841  
0.433836  0.434413  
0.294762  0.494342  
0.0337771  0.908015  
0.301216  0.488244  
0.251377  0.55236  
0.668654  0.248866  
0.300518  0.488996  
0.433473  0.434618  
0.115533  0.746682  
0.732106  0.232679  
0.296609  0.492697  
0.0316338  0.919101  
0.879694  0.0627848  
0.294498  0.494857  
0.110642  0.747652  
0.929356  0.0552118  
0.294318  0.495882  
0.294324  0.495672  
