0.671849  0.216169  
0.49722  0.403973  
0.56818  0.265948  
0.499989  0.336006  
0.647993  0.222213  
0.586913  0.245096  
0.576804  0.256146  
0.579171  0.247707  
0.510353  0.328765  
0.657337  0.216188  
0.570752  0.260094  
0.506009  0.331658  
0.653428  0.21851  
0.497286  0.395073  
0.583936  0.245096  
0.50341  0.33344  
0.568188  0.262183  
0.497461  0.376023  
0.497466  0.367404  
0.581541  0.245097  
0.497614  0.346086  
0.574462  0.257652  
0.497825  0.340189  
0.497846  0.337789  
0.651331  0.219839  
0.508648  0.329682  
0.655725  0.217038  
0.577737  0.251404  
0.580087  0.24628  
0.501989  0.334487  
0.649791  0.220847  
0.573142  0.258532  
0.569569  0.261012  
0.505022  0.332327  
0.507685  0.330369  
0.498791  0.336861  
0.654819  0.217626  
0.572158  0.259214  
0.578334  0.249568  
0.575985  0.256653  
0.6526  0.219032  
0.50092  0.335275  
0.509575  0.329041  
0.506773  0.331025  
0.575428  0.256994  
0.648635  0.221668  
0.504479  0.33263  
0.5785  0.249033  
0.498258  0.337246  
0.579563  0.246838  
0.58081  0.245763  
0.65682  0.216524  
0.570213  0.260507  
0.571536  0.259595  
0.654346  0.217947  
0.502941  0.333768  
0.65054  0.220384  
0.499586  0.336314  
0.503957  0.333054  
0.50257  0.334096  
0.569213  0.261228  
0.649442  0.221088  
0.506365  0.331333  
0.648274  0.221891  
0.656284  0.216717  
0.505373  0.332014  
0.499254  0.336562  
0.575026  0.257356  
0.568524  0.261889  
0.508043  0.330076  
0.501363  0.334991  
0.573522  0.258259  
0.572552  0.258942  
0.651772  0.219573  
0.580549  0.245932  
0.571186  0.259839  
0.576435  0.256404  
0.508922  0.329436  
0.653069  0.218787  
0.65236  0.219262  
0.650899  0.220148  
0.655163  0.2174  
0.498033  0.337492  
0.5007  0.335442  
0.501772  0.334709  
0.654135  0.218144  
0.507114  0.330814  
0.57048  0.260304  
0.510133  0.328843  
0.577541  0.255748  
0.574267  0.257826  
0.506557  0.331141  
0.505713  0.331827  
0.499802  0.336111  
0.653751  0.21833  
0.577127  0.255973  
0.650371  0.220591  
0.502415  0.334311  
0.569853  0.260859  
0.656941  0.216371  
