0.822631  0.143453  
0.0686356  0.775488  
0.389377  0.420718  
0.170083  0.635558  
0.577406  0.285486  
0.495073  0.330134  
0.74203  0.189515  
0.557564  0.28906  
0.0771858  0.761012  
0.37692  0.445913  
0.377685  0.431202  
0.813158  0.146939  
0.751739  0.183224  
0.0707468  0.769705  
0.38384  0.42539  
0.504655  0.324687  
0.165128  0.648269  
0.165555  0.642107  
0.499885  0.325609  
0.0730303  0.765518  
0.563432  0.285558  
0.818545  0.14352  
0.748509  0.184808  
0.16659  0.639043  
0.74536  0.186678  
0.0743457  0.762698  
0.380623  0.428394  
0.560801  0.286372  
0.497281  0.327543  
0.387072  0.422837  
0.816359  0.14485  
0.168047  0.637065  
0.0690026  0.773799  
0.74351  0.187858  
0.0755766  0.761072  
0.0715023  0.76826  
0.559377  0.287357  
0.382024  0.427007  
0.815014  0.14558  
0.379032  0.429899  
0.496028  0.328612  
0.0695334  0.772244  
0.385939  0.424122  
0.387978  0.421868  
0.165623  0.640855  
0.558393  0.288111  
0.75083  0.183436  
0.0734386  0.764534  
0.502018  0.324708  
0.168854  0.63617  
0.749948  0.183909  
0.0721594  0.767192  
0.385098  0.424503  
0.499054  0.326255  
0.382974  0.426179  
0.817509  0.144042  
0.167269  0.638  
0.501048  0.324832  
0.562386  0.285597  
0.814158  0.14618  
0.742554  0.188758  
0.0699104  0.771487  
0.744639  0.187175  
0.0749058  0.761927  
0.0724104  0.766487  
0.386151  0.423548  
0.560228  0.286773  
0.388805  0.421234  
0.496732  0.327983  
0.166049  0.639984  
0.379688  0.429358  
0.387452  0.422308  
0.498066  0.327024  
0.0702305  0.770892  
0.381518  0.427437  
0.495085  0.329651  
0.816797  0.14437  
0.169543  0.635709  
0.561609  0.285918  
0.558943  0.28767  
0.06909  0.77337  
0.168426  0.636556  
0.386529  0.423124  
0.073931  0.763482  
0.0726211  0.765964  
0.742863  0.188375  
0.815619  0.145206  
0.166172  0.639611  
0.377347  0.434709  
0.495688  0.329317  
0.744076  0.187527  
0.380235  0.429029  
0.384776  0.424552  
0.81604  0.144888  
0.818128  0.143737  
0.499583  0.325861  
0.384168  0.425092  
0.382678  0.426719  
0.748934  0.184541  
0.495688  0.329317  
