0.825048  0.0920094  
0.0198138  1.01321  
0.383057  0.505341  
0.0786043  0.753028  
0.658004  0.25386  
0.195312  0.596283  
0.443032  0.446959  
0.388252  0.450732  
0.809314  0.236835  
0.809325  0.187712  
0.185493  0.60803  
0.0690292  0.771303  
0.0690716  0.760556  
0.671901  0.244524  
0.663787  0.24531  
0.189228  0.601907  
0.0730363  0.753403  
0.383115  0.455146  
0.819982  0.0957821  
0.658499  0.24882  
0.0201091  1.00838  
0.400068  0.446965  
0.393918  0.447008  
0.191982  0.598724  
0.186557  0.605205  
0.813005  0.185079  
0.822469  0.0931777  
0.385697  0.452813  
0.390997  0.448436  
0.66163  0.246725  
0.811066  0.185435  
0.1935  0.596754  
0.820872  0.0943369  
0.0696896  0.759112  
0.18779  0.603659  
0.190227  0.600593  
0.809628  0.186451  
0.389773  0.449357  
0.387031  0.45157  
0.384489  0.453963  
0.660476  0.247461  
0.392725  0.447303  
0.0719307  0.755194  
0.662946  0.245809  
0.185747  0.606577  
0.192683  0.597921  
0.19119  0.599734  
0.820041  0.0950026  
0.823848  0.0924391  
0.188344  0.60297  
0.187103  0.604461  
0.665672  0.244625  
0.65947  0.248146  
0.66505  0.244643  
0.383857  0.454526  
0.189637  0.60132  
0.388827  0.450148  
0.391632  0.447875  
0.385159  0.453255  
0.39046  0.448774  
0.810535  0.185812  
0.192951  0.597403  
0.821954  0.0934537  
0.186084  0.605789  
0.387797  0.451003  
0.19067  0.600185  
0.383447  0.454744  
0.660058  0.247744  
0.659035  0.248418  
0.191582  0.59903  
0.821244  0.0939471  
0.0693045  0.759996  
0.187406  0.603998  
0.077132  0.753029  
0.824677  0.0920106  
0.0743337  0.753035  
0.19418  0.596394  
0.812163  0.185081  
0.811703  0.185087  
0.658154  0.250772  
0.661289  0.246974  
0.388467  0.450403  
0.192357  0.598175  
0.385973  0.4525  
0.188662  0.602661  
0.386729  0.451849  
0.664751  0.244722  
0.809953  0.186158  
0.019824  1.01037  
0.0198342  1.00933  
0.392255  0.447606  
0.661966  0.246457  
0.189941  0.601054  
0.38754  0.451297  
0.0198661  1.00882  
0.820541  0.0947665  
0.658206  0.250543  
0.822961  0.0929568  
0.193279  0.597065  
0.0198931  1.00855  
