0.855227  0.0862999  
0.0872493  0.870784  
0.299348  0.453128  
0.122308  0.690052  
0.532299  0.34035  
0.468859  0.359484  
0.256695  0.538084  
0.266139  0.517526  
0.51334  0.34038  
0.150184  0.677958  
0.130249  0.678039  
0.475042  0.347569  
0.843721  0.0945017  
0.0927639  0.860183  
0.256718  0.527429  
0.292381  0.471347  
0.292411  0.460883  
0.468861  0.353053  
0.124635  0.684053  
0.261261  0.522087  
0.847437  0.0903326  
0.295325  0.456706  
0.0887023  0.86688  
0.509492  0.343241  
0.472034  0.349861  
0.126881  0.681049  
0.0898365  0.864087  
0.844652  0.0919772  
0.258768  0.524754  
0.263817  0.519628  
0.122478  0.687832  
0.293215  0.458631  
0.297393  0.454837  
0.128425  0.679118  
0.0906479  0.862273  
0.85349  0.0872866  
0.470377  0.350969  
0.511301  0.341725  
0.123009  0.686402  
0.257424  0.526057  
0.26001  0.523382  
0.473829  0.348473  
0.0915727  0.86061  
0.125768  0.682495  
0.262708  0.520713  
0.469275  0.351938  
0.0876602  0.869443  
0.123634  0.685485  
0.296173  0.455872  
0.265044  0.518838  
0.12946  0.678289  
0.292486  0.459942  
0.261986  0.521295  
0.854506  0.0864807  
0.510588  0.342293  
0.265434  0.518023  
0.298412  0.454149  
0.473152  0.348974  
0.127749  0.679896  
0.471235  0.350332  
0.846822  0.0906811  
0.845642  0.0913904  
0.264353  0.519044  
0.844082  0.0925807  
0.260456  0.522818  
0.25915  0.524195  
0.258218  0.525497  
0.0881732  0.868193  
0.256849  0.526914  
0.296885  0.455228  
0.126344  0.682002  
0.292667  0.45945  
0.127263  0.680532  
0.511926  0.341239  
0.509885  0.34276  
0.12507  0.683589  
0.123952  0.685025  
0.853855  0.0868417  
0.128724  0.678677  
0.512908  0.340757  
0.0902241  0.863669  
0.298937  0.453467  
0.295767  0.456299  
0.263113  0.520317  
0.0889503  0.866492  
0.469834  0.351562  
0.0902743  0.863145  
0.294142  0.458258  
0.263475  0.51999  
0.474284  0.348151  
0.470913  0.350636  
0.259544  0.523877  
0.124316  0.684671  
0.122691  0.687  
0.472423  0.349574  
0.468988  0.352576  
0.0895642  0.864791  
0.0912754  0.86204  
0.295098  0.457546  
0.0884758  0.867399  
