0.558735  0.301772  
0.360781  0.438294  
0.474157  0.321455  
0.391542  0.374927  
0.360808  0.400518  
0.531931  0.301779  
0.517191  0.306725  
0.377021  0.386856  
0.484451  0.312768  
0.36917  0.392515  
0.384758  0.379793  
0.478889  0.31631  
0.524124  0.302039  
0.365002  0.396095  
0.381044  0.382841  
0.373263  0.389105  
0.514087  0.30942  
0.388387  0.376912  
0.476075  0.318479  
0.521145  0.303956  
0.362598  0.398086  
0.482003  0.314086  
0.378857  0.384863  
0.367045  0.394226  
0.5195  0.305112  
0.474157  0.319857  
0.515653  0.307882  
0.382852  0.381305  
0.386864  0.378148  
0.375593  0.387395  
0.390242  0.375495  
0.371984  0.390281  
0.4808  0.315066  
0.477572  0.317294  
0.363817  0.396933  
0.523038  0.302655  
0.380043  0.383585  
0.374539  0.388161  
0.361078  0.399577  
0.518562  0.305754  
0.370234  0.391621  
0.366191  0.395082  
0.382022  0.381991  
0.383895  0.380492  
0.368386  0.393284  
0.385714  0.379011  
0.483671  0.312972  
0.361689  0.398833  
0.480089  0.315455  
0.475065  0.319196  
0.52201  0.303331  
0.389146  0.3763  
0.379328  0.384265  
0.516605  0.307217  
0.479571  0.315791  
0.363159  0.397586  
0.483177  0.313348  
0.477079  0.317681  
0.51443  0.308935  
0.515173  0.308264  
0.366579  0.394604  
0.478427  0.316818  
0.374079  0.388449  
0.390883  0.375035  
0.517942  0.30627  
0.387938  0.377307  
0.520699  0.30429  
0.365357  0.395664  
0.386433  0.378399  
0.476559  0.318048  
0.481492  0.31465  
0.520054  0.304705  
0.362149  0.398431  
0.369832  0.392051  
0.38746  0.377752  
0.381441  0.382447  
0.38977  0.375907  
0.382481  0.381603  
0.481121  0.314697  
0.474701  0.319491  
0.372652  0.389931  
0.475525  0.318847  
0.374951  0.387812  
0.384359  0.380148  
0.388777  0.376573  
0.375845  0.387066  
0.52357  0.302327  
0.516047  0.307585  
0.482713  0.31379  
0.368091  0.393727  
0.368746  0.392992  
0.477939  0.317023  
0.383626  0.380775  
0.37379  0.388836  
0.385105  0.379526  
0.518934  0.305502  
0.528099  0.30179  
0.527489  0.301791  
0.367356  0.393996  
0.47851  0.316609  
