0.675517  0.193187  
0.430103  0.346372  
0.551508  0.275863  
0.538395  0.284615  
0.663894  0.211258  
0.664271  0.198943  
0.442284  0.335475  
0.435685  0.339991  
0.54569  0.279006  
0.670737  0.194322  
0.43228  0.342689  
0.54234  0.281307  
0.667734  0.19618  
0.439508  0.337258  
0.549322  0.276681  
0.540379  0.28274  
0.437858  0.338346  
0.665818  0.197385  
0.430307  0.34492  
0.434248  0.341164  
0.547937  0.277471  
0.544423  0.279861  
0.441094  0.336023  
0.431153  0.343771  
0.673735  0.193202  
0.669663  0.195019  
0.672435  0.193334  
0.539413  0.283368  
0.66489  0.198082  
0.547096  0.278053  
0.437034  0.339035  
0.541545  0.281944  
0.543634  0.280458  
0.550529  0.275917  
0.440327  0.336496  
0.433298  0.341937  
0.666897  0.196691  
0.438834  0.337663  
0.67186  0.19367  
0.436422  0.339419  
0.538617  0.284056  
0.668598  0.195633  
0.5431  0.280756  
0.546451  0.278479  
0.435181  0.340506  
0.549971  0.276203  
0.431804  0.343098  
0.43286  0.342195  
0.548888  0.27684  
0.438396  0.337941  
0.441887  0.33561  
0.539008  0.283659  
0.666513  0.196913  
0.54532  0.2793  
0.540816  0.282381  
0.670386  0.194577  
0.669248  0.195287  
0.433916  0.341371  
0.6713  0.193997  
0.433554  0.341611  
0.540054  0.282929  
0.43738  0.338717  
0.43455  0.340865  
0.43086  0.34413  
0.439772  0.336969  
0.667439  0.196404  
0.440814  0.336159  
0.542793  0.28103  
0.549696  0.276333  
0.54862  0.27712  
0.542082  0.281483  
0.432597  0.342432  
0.539736  0.283114  
0.544171  0.280084  
0.66401  0.21101  
0.665579  0.197627  
0.668363  0.195833  
0.548363  0.277254  
0.538404  0.284256  
0.440115  0.336666  
0.43819  0.338095  
0.435456  0.340303  
0.544701  0.279661  
0.541231  0.282191  
0.436015  0.339808  
0.543994  0.280235  
0.543383  0.280579  
0.43686  0.339238  
0.436248  0.339561  
0.669888  0.19485  
0.547269  0.277887  
0.672267  0.193505  
0.545938  0.278848  
0.664738  0.198697  
0.438628  0.337791  
0.440669  0.336299  
0.666373  0.197118  
0.665065  0.197942  
0.441304  0.335889  
0.673151  0.193203  
