0.6592  0.216592  
0.363578  0.610802  
0.430575  0.382062  
0.363979  0.540208  
0.451834  0.367942  
0.375151  0.527522  
0.648393  0.22376  
0.442413  0.372482  
0.368614  0.534108  
0.437156  0.376608  
0.65417  0.219359  
0.447992  0.368321  
0.371806  0.530803  
0.434061  0.379086  
0.365687  0.537265  
0.651329  0.221199  
0.445506  0.370157  
0.440491  0.374016  
0.657406  0.217398  
0.373536  0.529019  
0.370147  0.532516  
0.432517  0.380326  
0.36702  0.535803  
0.649891  0.222199  
0.435757  0.377746  
0.444178  0.37119  
0.656213  0.218116  
0.446894  0.369085  
0.653113  0.22004  
0.43848  0.375638  
0.431575  0.381133  
0.364798  0.538151  
0.429723  0.39132  
0.441574  0.373176  
0.372529  0.52998  
0.374273  0.528253  
0.435012  0.378364  
0.44339  0.371782  
0.367616  0.535112  
0.371123  0.531749  
0.364115  0.539375  
0.649225  0.222801  
0.652335  0.220535  
0.655562  0.218544  
0.366385  0.5366  
0.433318  0.379706  
0.436507  0.377133  
0.446294  0.36953  
0.429986  0.382803  
0.658647  0.216718  
0.650777  0.221594  
0.369173  0.533578  
0.370594  0.531991  
0.437789  0.376098  
0.445005  0.370542  
0.648496  0.223283  
0.432052  0.380654  
0.369688  0.533082  
0.431134  0.381519  
0.447552  0.368643  
0.430158  0.382394  
0.650354  0.221794  
0.374759  0.52788  
0.368066  0.534742  
0.442045  0.372759  
0.654842  0.219005  
0.440927  0.373667  
0.658181  0.217053  
0.445883  0.369826  
0.366061  0.536799  
0.373949  0.528647  
0.435386  0.378046  
0.657089  0.217589  
0.371496  0.531129  
0.434348  0.37878  
0.444718  0.370819  
0.653515  0.219759  
0.436877  0.376847  
0.443112  0.372014  
0.373263  0.529195  
0.365413  0.537619  
0.655292  0.218738  
0.443759  0.37152  
0.372282  0.530229  
0.430815  0.38182  
0.437557  0.376382  
0.44278  0.372256  
0.441816  0.372956  
0.371215  0.531533  
0.367192  0.535601  
0.433862  0.379306  
0.65164  0.221005  
0.652667  0.220341  
0.436011  0.377553  
0.368439  0.53439  
0.372739  0.529811  
0.434734  0.378622  
0.371847  0.530702  
0.430901  0.38172  
0.364017  0.540125  
