1.03848  0.022206  
0.022  1.03231  
0.647065  0.644292  
0.818488  0.403452  
0.460875  0.844308  
0.90143  0.26969  
0.352396  0.915804  
0.723784  0.546775  
0.551188  0.755573  
0.950985  0.177697  
0.284765  0.964901  
0.981024  0.121195  
0.763279  0.489472  
0.84662  0.341921  
0.504452  0.797785  
0.234601  0.986675  
0.590844  0.711208  
0.682096  0.597409  
0.417026  0.876443  
0.999762  0.0794844  
0.915953  0.233933  
0.192954  0.997397  
0.786693  0.446171  
0.61969  0.672983  
0.874371  0.310737  
0.325184  0.938978  
0.526547  0.774235  
0.168564  1.00956  
0.481806  0.820988  
0.701176  0.573891  
0.741656  0.521374  
1.01739  0.0224472  
0.930689  0.213595  
0.397925  0.890583  
0.571892  0.735948  
0.442052  0.857618  
0.120946  1.0141  
0.963335  0.159968  
0.665332  0.624725  
0.830872  0.383229  
0.309513  0.948232  
0.886202  0.297479  
0.803242  0.432915  
0.6881  0.582619  
0.749781  0.508418  
0.986937  0.10142  
0.711389  0.56122  
0.774481  0.475725  
0.859621  0.329869  
0.261541  0.974673  
0.9691  0.138671  
0.384725  0.904029  
0.607996  0.699128  
0.670691  0.603706  
0.940175  0.200516  
1.00656  0.0687126  
0.341649  0.927478  
0.471204  0.832772  
0.561121  0.744989  
0.89103  0.283995  
0.836352  0.366079  
0.0395605  1.02213  
0.637035  0.657724  
0.864988  0.32052  
0.251444  0.977366  
0.452035  0.849188  
0.733334  0.53747  
0.733339  0.528275  
0.575734  0.727752  
0.300684  0.956816  
0.582813  0.718891  
0.908015  0.258325  
0.518846  0.78352  
0.025004  1.02468  
0.65781  0.635216  
0.375943  0.908521  
0.791636  0.439031  
0.810581  0.426096  
0.717054  0.553884  
0.612906  0.692635  
0.993371  0.0949781  
0.780617  0.468101  
0.924066  0.22808  
0.531769  0.768499  
0.115416  1.01603  
0.511493  0.792265  
0.421826  0.871048  
0.279611  0.969197  
0.603074  0.706249  
0.653123  0.638631  
0.881592  0.298591  
0.499953  0.805217  
0.782169  0.463717  
0.295419  0.960665  
0.230414  0.987864  
0.926637  0.222361  
0.643033  0.646223  
0.771035  0.481947  
0.725806  0.54365  
0.393279  0.900911  
