1.02037  0.0184033  
0.0201594  1.04042  
0.629012  0.66649  
0.791995  0.445051  
0.445988  0.852327  
0.879216  0.304988  
0.331332  0.927686  
0.690431  0.573802  
0.928435  0.207521  
0.540313  0.763514  
0.261139  0.97077  
0.824277  0.392552  
0.961811  0.155315  
0.738225  0.523365  
0.213113  0.992371  
0.495808  0.804811  
0.394141  0.887759  
0.982583  0.107258  
0.652102  0.630261  
0.136269  1.00534  
0.594116  0.701861  
0.844374  0.357085  
0.8978  0.259252  
0.763437  0.482826  
0.566798  0.730192  
0.367582  0.901138  
0.99457  0.0811735  
0.470025  0.824071  
0.713636  0.547137  
0.858983  0.331949  
0.79942  0.425145  
0.520453  0.781773  
0.0214119  1.02134  
0.345058  0.909332  
1.00293  0.0574738  
0.292193  0.95393  
0.938682  0.190684  
0.775718  0.466301  
0.613251  0.681123  
0.664022  0.61473  
0.430581  0.866156  
0.946295  0.176579  
0.810414  0.407678  
0.699618  0.560029  
0.831139  0.37798  
0.750685  0.509397  
0.319025  0.937513  
0.916228  0.226151  
0.678348  0.591276  
0.382391  0.890378  
0.456187  0.841934  
0.278746  0.960475  
0.780652  0.45607  
0.679346  0.581155  
0.72824  0.534166  
0.866047  0.322241  
0.654892  0.620171  
0.604204  0.689121  
0.985425  0.0982172  
0.554393  0.754585  
0.888903  0.293969  
0.755054  0.497134  
0.850981  0.343085  
1.01256  0.0294884  
0.408848  0.880127  
0.81665  0.398345  
0.871278  0.314638  
0.528651  0.774423  
0.559548  0.746044  
0.621912  0.673069  
0.837575  0.369446  
0.437582  0.859579  
0.51395  0.788196  
0.955516  0.166748  
0.988954  0.084458  
0.207565  0.995215  
0.805194  0.412418  
0.450975  0.846515  
0.997993  0.0736706  
0.884147  0.298468  
0.709015  0.551789  
0.771152  0.474407  
0.534371  0.769867  
0.546129  0.759059  
0.273073  0.966516  
0.18424  1.00122  
0.833542  0.372754  
0.426667  0.873329  
0.466155  0.838237  
0.9742  0.151728  
0.734704  0.528637  
0.788584  0.448894  
0.626074  0.66649  
0.50064  0.801882  
0.971661  0.151728  
0.493526  0.816587  
0.759394  0.494862  
0.755064  0.494862  
0.93651  0.196471  
0.767428  0.481047  
