1.02404  0.015675  
0.0258786  1.02508  
0.640887  0.644551  
0.803726  0.42815  
0.456448  0.842806  
0.876623  0.285761  
0.345305  0.917431  
0.544685  0.746712  
0.709472  0.548129  
0.933271  0.196055  
0.284558  0.955013  
0.963948  0.136224  
0.827186  0.374346  
0.498287  0.796084  
0.597249  0.698871  
0.986893  0.0988853  
0.672433  0.604396  
0.768256  0.50681  
0.249805  0.975144  
0.900305  0.240438  
0.186887  0.995331  
0.773564  0.477404  
0.567701  0.717519  
0.85  0.341287  
0.379809  0.891688  
0.520832  0.772313  
1.00034  0.068601  
0.617897  0.671746  
0.154179  1.00235  
0.686621  0.582559  
0.435122  0.869905  
0.943665  0.172216  
0.325194  0.93296  
0.728436  0.528816  
0.857954  0.316164  
0.472873  0.825046  
0.692007  0.560535  
0.786404  0.454152  
0.482317  0.809677  
0.657236  0.627455  
0.812165  0.406087  
1.00956  0.0498894  
0.362741  0.903308  
0.138082  1.01206  
0.951506  0.159764  
0.444006  0.85684  
0.97316  0.124354  
0.629516  0.658549  
0.838681  0.362152  
0.816288  0.39216  
0.314369  0.943916  
0.676989  0.59058  
0.977836  0.109915  
0.991629  0.0876185  
0.66383  0.616202  
0.924675  0.216697  
0.913893  0.231942  
0.588469  0.709174  
0.868391  0.306457  
1.01629  0.0335203  
0.610272  0.677536  
0.270164  0.967704  
0.649064  0.637343  
0.956755  0.146741  
0.508266  0.789  
0.84292  0.351993  
0.794637  0.447107  
0.299839  0.948049  
0.602618  0.692036  
1.00975  0.0433497  
0.147112  1.0057  
0.777972  0.471451  
0.633917  0.652959  
1.01849  0.0267407  
0.515763  0.783873  
0.265209  0.969181  
0.591905  0.704222  
0.619775  0.666838  
0.439383  0.864049  
0.769024  0.491529  
0.0325165  1.02061  
0.375345  0.895491  
0.710541  0.543774  
0.946108  0.168281  
0.469071  0.83132  
0.910152  0.23621  
0.854217  0.333909  
0.452744  0.85177  
0.812641  0.395532  
0.96952  0.128596  
0.791011  0.448396  
0.580775  0.713915  
0.660251  0.622969  
0.0290118  1.02088  
0.769171  0.488037  
0.296386  0.950131  
0.800941  0.430689  
0.376048  0.892741  
0.924834  0.214211  
1.01629  0.0292157  
