1.0289  0.0155368  
0.0248531  1.02903  
0.647369  0.646691  
0.805507  0.422771  
0.460749  0.840117  
0.888588  0.286445  
0.346125  0.922645  
0.556524  0.749123  
0.70709  0.560868  
0.939186  0.204145  
0.282393  0.962589  
0.969667  0.141199  
0.752886  0.507549  
0.837061  0.368976  
0.599406  0.701763  
0.511018  0.791184  
0.232375  0.984083  
0.399866  0.880864  
0.989744  0.101897  
0.998664  0.0709658  
0.202068  0.998817  
0.85846  0.337773  
0.665914  0.616817  
0.775642  0.476644  
0.723066  0.522473  
0.910071  0.257616  
0.166338  1.00385  
0.622166  0.6766  
0.48635  0.815929  
0.682088  0.593067  
0.915747  0.234146  
0.325308  0.935194  
0.535623  0.770371  
0.377475  0.903652  
0.44183  0.86199  
0.869735  0.308643  
0.570955  0.730288  
0.787862  0.45088  
0.819763  0.40391  
1.01083  0.0536698  
0.952991  0.17578  
0.14436  1.01269  
0.631634  0.661039  
0.585366  0.716159  
0.49719  0.798446  
0.028947  1.01557  
0.3119  0.945025  
0.846289  0.352658  
0.898371  0.267233  
0.978074  0.121208  
0.270356  0.972477  
1.01741  0.0404932  
0.695866  0.580898  
0.473792  0.829243  
0.366713  0.911268  
0.959047  0.161487  
0.826287  0.393429  
0.546132  0.759205  
0.765387  0.489554  
0.524957  0.781278  
0.656204  0.636145  
0.390198  0.889978  
0.607728  0.69217  
0.432437  0.870424  
0.793917  0.441681  
0.636834  0.651933  
0.924736  0.22531  
0.25834  0.975399  
0.452555  0.853712  
0.224603  0.989331  
0.657218  0.628392  
0.879909  0.301349  
0.549248  0.751019  
0.9322  0.216002  
0.467028  0.833047  
0.862973  0.330986  
0.479409  0.822507  
0.781407  0.4695  
0.274666  0.966068  
0.689477  0.586669  
0.932864  0.209719  
0.454484  0.845914  
0.700826  0.572789  
0.813557  0.410563  
0.963718  0.155555  
0.252738  0.977704  
0.616877  0.686224  
1.02362  0.0326841  
0.8295  0.388327  
0.541174  0.761242  
0.447664  0.857117  
0.529607  0.776534  
0.771138  0.479745  
0.814687  0.406069  
0.985489  0.111779  
0.33182  0.9312  
0.0251357  1.02416  
0.393666  0.886578  
1.0256  0.0293581  
0.827667  0.388335  
