1.02022  0.0128566  
0.0146027  1.0219  
0.64712  0.63453  
0.796694  0.417872  
0.459627  0.833185  
0.891529  0.277265  
0.336907  0.914718  
0.562383  0.731728  
0.711883  0.551236  
0.934  0.200934  
0.257645  0.967864  
0.960616  0.151919  
0.743189  0.50421  
0.518421  0.766087  
0.834976  0.374598  
0.417547  0.873874  
0.851812  0.316275  
0.981962  0.0999339  
0.6758  0.598322  
0.899266  0.242301  
0.188093  0.989582  
0.581302  0.70045  
0.61867  0.671508  
0.993677  0.0736063  
0.49237  0.807676  
0.686896  0.573597  
0.386595  0.890771  
0.31358  0.940967  
0.772253  0.480972  
0.913941  0.212239  
0.659729  0.616563  
1.00502  0.0531843  
0.231108  0.974597  
0.728573  0.535066  
0.814152  0.403654  
0.289767  0.954135  
0.479266  0.818156  
0.870358  0.303741  
0.784283  0.449755  
0.535202  0.753903  
0.728574  0.522943  
0.948747  0.168265  
0.438583  0.862808  
0.404008  0.880096  
0.761808  0.493785  
0.923739  0.201897  
0.824797  0.387181  
0.326958  0.9276  
0.904173  0.231884  
0.650205  0.624562  
0.373726  0.905535  
0.0200153  1.01284  
0.626567  0.662547  
0.57238  0.710953  
0.719709  0.540578  
0.45097  0.839253  
0.862229  0.305129  
0.465186  0.825454  
0.891723  0.269304  
0.318168  0.933569  
0.985188  0.0929058  
0.5633  0.724934  
0.180259  1.00617  
0.705224  0.559394  
0.77763  0.472545  
0.248238  0.967987  
0.669211  0.609155  
0.765689  0.487151  
0.432238  0.867251  
0.954294  0.161099  
1.01399  0.0407664  
0.283616  0.957716  
0.39814  0.88113  
0.526798  0.760293  
0.498065  0.802051  
0.791495  0.441319  
0.791614  0.434426  
0.31358  0.936104  
0.369306  0.906468  
0.739251  0.51258  
0.427771  0.869951  
0.774029  0.47661  
0.758318  0.498358  
0.787868  0.446323  
0.283889  0.954351  
0.383279  0.893676  
0.780661  0.469269  
0.482741  0.814929  
0.896252  0.247649  
0.647316  0.629396  
0.83211  0.384282  
0.647342  0.626236  
0.763081  0.490808  
0.616538  0.675095  
0.524147  0.763983  
0.519852  0.763983  
0.436521  0.864741  
0.784816  0.447979  
0.533731  0.753903  
0.932728  0.200938  
