1.02474  0.0148612  
0.0204639  1.0203  
0.64192  0.636956  
0.819634  0.432391  
0.463145  0.844181  
0.876928  0.280656  
0.351216  0.907434  
0.545316  0.745613  
0.726191  0.544174  
0.944425  0.192739  
0.290097  0.960639  
0.965916  0.133329  
0.761363  0.484233  
0.494384  0.792371  
0.826179  0.366999  
0.679816  0.585194  
0.2233  0.977649  
0.414694  0.869085  
0.987026  0.0858673  
0.906803  0.23988  
0.320598  0.928406  
0.787364  0.454718  
0.613393  0.691172  
0.847959  0.340117  
0.729921  0.520955  
0.657216  0.615011  
1.00531  0.048512  
0.742049  0.501665  
0.70084  0.567946  
0.624795  0.667682  
0.560521  0.728627  
0.510892  0.775582  
0.444414  0.853461  
0.305029  0.945436  
0.95087  0.17321  
0.97225  0.1175  
0.400468  0.884052  
0.773612  0.469792  
0.802461  0.441439  
0.710049  0.554782  
0.992801  0.0723331  
0.68825  0.573046  
0.835609  0.355289  
0.211927  0.985886  
0.895696  0.267597  
0.955076  0.161268  
0.63141  0.65705  
1.01451  0.0358013  
0.896392  0.258413  
0.665027  0.606573  
0.6336  0.648871  
0.375513  0.899309  
0.435837  0.860972  
0.406904  0.871707  
0.811041  0.433775  
0.647052  0.629539  
0.617393  0.682285  
0.340705  0.921056  
0.979834  0.104586  
0.839762  0.348224  
0.959349  0.145485  
1.01821  0.0232163  
0.673061  0.600163  
0.828556  0.360948  
0.793858  0.448809  
0.299359  0.954608  
0.987255  0.0775889  
0.0260434  1.01485  
0.4555  0.848263  
0.315909  0.940812  
0.72165  0.544174  
0.660585  0.609039  
0.796989  0.444422  
0.479754  0.839825  
0.474078  0.839833  
0.947031  0.184144  
0.0223421  1.01634  
0.844286  0.343672  
0.358136  0.90384  
0.466197  0.840662  
0.54746  0.74216  
0.681448  0.58186  
0.718021  0.551455  
0.956022  0.156176  
0.636731  0.645568  
1.01128  0.0383454  
0.627628  0.664481  
0.903604  0.252674  
0.213588  0.982724  
0.903656  0.249834  
0.962997  0.142914  
0.845479  0.34013  
0.997188  0.069997  
0.621486  0.679997  
0.654988  0.624602  
0.644975  0.63035  
0.655268  0.617026  
0.0205766  1.01841  
0.975482  0.116068  
0.813994  0.432391  
