1.02242  0.0163359  
0.0116427  1.02395  
0.644816  0.645187  
0.805879  0.427304  
0.463098  0.842368  
0.8903  0.292396  
0.349487  0.909226  
0.716004  0.555018  
0.556773  0.7542  
0.936625  0.193871  
0.286026  0.962155  
0.836511  0.37523  
0.971449  0.131113  
0.7553  0.494634  
0.509381  0.792683  
0.592837  0.707345  
0.243319  0.978598  
0.425838  0.871411  
0.853547  0.337313  
0.674096  0.609317  
0.683618  0.575611  
0.994011  0.100329  
0.214633  0.995672  
0.908539  0.231271  
0.780629  0.463736  
0.321874  0.938362  
0.615673  0.683715  
0.486335  0.819118  
0.534141  0.758641  
0.170397  1.00179  
0.95114  0.169823  
0.735263  0.534173  
0.870051  0.317688  
1.00302  0.0801028  
0.406365  0.890081  
0.818183  0.407785  
0.575404  0.733596  
0.765527  0.479042  
0.629854  0.660888  
0.922744  0.216755  
0.895088  0.279026  
0.823608  0.394184  
0.334127  0.92568  
0.793462  0.449383  
0.580221  0.721491  
0.522257  0.779957  
0.309151  0.950388  
0.451503  0.849501  
0.982673  0.115827  
0.878987  0.306126  
0.744116  0.522652  
0.395505  0.898115  
0.843106  0.358607  
0.961018  0.154361  
0.663704  0.624563  
0.564857  0.744126  
1.00641  0.070101  
1.0128  0.0404894  
1.01286  0.0233859  
0.0184171  1.01471  
0.477489  0.833353  
0.264759  0.970469  
0.900492  0.270341  
0.434475  0.8638  
0.418293  0.881975  
0.727747  0.546481  
0.810778  0.419502  
0.98663  0.107892  
0.62256  0.675737  
0.862772  0.326906  
0.708767  0.56212  
0.99564  0.0931252  
0.23616  0.987918  
0.470489  0.835246  
0.883384  0.297921  
0.799153  0.438708  
0.974966  0.124573  
0.302386  0.955802  
0.84711  0.35257  
0.93081  0.209256  
0.503742  0.801546  
1.01683  0.0166885  
0.749736  0.516358  
0.639125  0.655389  
0.412887  0.884648  
0.390133  0.903555  
0.56964  0.738823  
0.668029  0.619359  
0.788337  0.451639  
0.559776  0.748282  
0.739174  0.529114  
0.575404  0.728021  
0.848805  0.347732  
0.481613  0.825588  
0.73059  0.541139  
0.998084  0.0885138  
0.813789  0.414212  
0.231914  0.989107  
1.01308  0.0192532  
0.409889  0.886841  
