1.1284  0.259031  
0.3  0.765137  
1.05213  0.272344  
1.05802  0.259071  
1.05223  0.2594  
1.05462  0.259177  
1.05274  0.25924  
0.30002  0.765016  
0.3  0.765101  
0.3  0.765055  
0.3  0.76503  
0.3  0.765016  
0.3  0.765026  
0.3  0.765026  
0.3  0.765018  
0.3  0.765018  
0.3  0.765018  
0.3  0.765016  
0.3  0.765016  
0.3  0.765016  
0.3  0.765016  
0.3  0.765016  
0.3  0.765016  
0.3  0.765016  
0.3  0.765016  
0.3  0.765016  
0.3  0.765016  
0.3  0.765016  
0.3  0.765135  
0.3  0.765492  
0.3  0.765397  
0.3  0.765016  
0.3  0.765016  
0.3  0.765018  
0.3  0.765016  
0.3  0.765016  
0.3  0.765022  
0.3  0.765019  
0.3  0.765016  
0.3  0.765018  
0.3  0.765016  
0.3  0.765016  
0.3  0.765016  
0.300001  0.765024  
0.3  0.765016  
0.3  0.765016  
0.3  0.765016  
0.3  0.765016  
0.3  0.765016  
0.3  0.765018  
0.3  0.765135  
0.3  0.765016  
0.3  0.765016  
0.3  0.765016  
0.3  0.765016  
0.3  0.765016  
0.3  0.765016  
0.3  0.765016  
0.3  0.765016  
0.3  0.765397  
0.3  0.765016  
1.05213  0.272344  
1.05213  0.272344  
0.3  0.765022  
0.3  0.765016  
0.3  0.765016  
0.3  0.765016  
0.3  0.765016  
0.3  0.765016  
0.3  0.765016  
0.3  0.765016  
0.3  0.765016  
0.3  0.765016  
0.3  0.765101  
0.3  0.765016  
1.05213  0.272344  
0.3  0.765016  
0.3  0.765022  
0.3  0.765016  
0.3  0.765108  
0.3  0.765022  
0.3  0.765016  
0.300028  0.765016  
0.3  0.765016  
0.3  0.765016  
0.3  0.765018  
0.3  0.765016  
0.3  0.765018  
0.3  0.765016  
0.3  0.765016  
0.3  0.765016  
0.3  0.765016  
0.3  0.765016  
0.3  0.765019  
0.3  0.765016  
0.3  0.765018  
0.3  0.765016  
0.3  0.765016  
0.3  0.765397  
0.3  0.765018  
