1  5.20958e-13  
3.59162e-16  1  
0.789713  0.470406  
0.4599  0.791506  
0.790031  0.458919  
0.790011  0.468481  
0.790014  0.465896  
0.459884  0.791517  
0.459893  0.79151  
0.790025  0.458921  
0.459888  0.791511  
0.459892  0.79151  
1  3.82197e-16  
0.79003  0.458928  
1  1.70605e-09  
0.79003  0.45893  
1  1.13348e-10  
1  3.82197e-16  
1  4.54381e-06  
1  4.54381e-06  
0.790031  0.458923  
1  2.6578e-11  
0.79003  0.458928  
0.459892  0.791511  
1  3.82197e-16  
1  1.13348e-10  
0.79003  0.458926  
1  1.16236e-10  
1  1.16236e-10  
0.459893  0.79151  
0.790031  0.458923  
0.459892  0.79151  
1  5.20958e-13  
1  3.82197e-16  
0.459893  0.79151  
1  3.48197e-06  
1  4.54381e-06  
1.00001  3.97e-16  
0.790025  0.458921  
0.459893  0.79151  
0.79003  0.458928  
1  7.13563e-10  
1  1.70605e-09  
0.459893  0.79151  
1  3.48197e-06  
1  3.82197e-16  
0.790011  0.468481  
1  5.91699e-11  
3.59162e-16  1  
0.79003  0.458927  
0.4599  0.791506  
0.790027  0.458927  
1  3.82197e-16  
0.790011  0.468481  
0.79003  0.458928  
0.790028  0.458924  
0.79003  0.458927  
1  7.80913e-13  
1  1.52991e-09  
1.00001  4.60779e-10  
0.79003  0.458928  
1  1.13348e-10  
1.00001  3.82197e-16  
0.79003  0.458928  
0.459893  0.79151  
1  4.41409e-16  
3.59162e-16  1  
1  7.08412e-10  
1  1.16236e-10  
0.459893  0.79151  
1  5.10932e-10  
0.79003  0.458928  
1  4.54381e-06  
1  1.70605e-09  
1  7.13262e-10  
0.79003  0.45893  
1  9.93074e-11  
1  3.82197e-16  
0.4599  0.791506  
0.459893  0.79151  
0.459893  0.79151  
0.790033  0.458928  
1.00001  3.82197e-16  
1  6.97979e-11  
0.79003  0.458928  
0.790031  0.458928  
0.459893  0.79151  
0.459893  0.79151  
1  1.70605e-09  
1  5.10932e-10  
0.4599  0.791506  
3.59162e-16  1  
0.79003  0.458928  
1  3.82197e-16  
1  1.90694e-10  
0.4599  0.791506  
1  7.13563e-10  
0.79003  0.458928  
0.459892  0.791511  
0.79003  0.45893  
