0.882119  0.575353  
0.111491  1.22999  
0.419665  0.780039  
0.114986  1.22951  
0.113163  1.2296  
0.112553  1.22967  
0.882076  0.575368  
0.882078  0.575353  
0.882076  0.575363  
0.882076  0.57536  
0.882077  0.575354  
0.882078  0.575354  
0.419665  0.819623  
0.419665  0.81947  
0.419665  0.811965  
0.419665  0.785191  
0.419665  0.780094  
0.419665  0.780039  
0.419665  0.780039  
0.419665  0.780039  
0.419665  0.780039  
0.419665  0.780039  
0.419665  0.780039  
0.419665  0.780039  
0.419665  0.780039  
0.419665  0.780039  
0.419665  0.780039  
0.112553  1.22967  
0.882076  0.575368  
0.419665  0.780039  
0.882078  0.575354  
0.419667  0.780039  
0.419665  0.780039  
0.419665  0.780039  
0.419665  0.780039  
0.419665  0.780039  
0.419665  0.780039  
0.419665  0.780039  
0.419665  0.780039  
0.419665  0.780039  
0.419665  0.780041  
0.882077  0.575354  
0.419665  0.780039  
0.112553  1.22967  
0.419665  0.780094  
0.419665  0.780039  
0.419665  0.780039  
0.419665  0.780039  
0.419665  0.780039  
0.419665  0.780039  
0.882078  0.575354  
0.882076  0.575368  
0.419665  0.780039  
0.419665  0.780039  
0.419665  0.780039  
0.419665  0.780039  
0.419665  0.780039  
0.419665  0.780039  
0.419665  0.780039  
0.419665  0.780039  
0.419665  0.780039  
0.419665  0.780039  
0.419665  0.780039  
0.419665  0.780039  
0.419665  0.780039  
0.419665  0.780039  
0.419665  0.780039  
0.419665  0.780039  
0.419665  0.780039  
0.419665  0.780039  
0.419665  0.780039  
0.419665  0.780046  
0.419665  0.780046  
0.419665  0.780039  
0.419665  0.780039  
0.419665  0.780039  
0.419665  0.780039  
0.419665  0.780046  
0.419665  0.780039  
0.419665  0.780039  
0.419665  0.780039  
0.419665  0.780049  
0.419665  0.780046  
0.419665  0.780046  
0.419666  0.780039  
0.419665  0.780039  
0.419665  0.780039  
0.419665  0.780039  
0.419665  0.780039  
0.419666  0.780039  
0.419665  0.780039  
0.419665  0.780094  
0.419665  0.780039  
0.882078  0.575354  
0.419665  0.780039  
0.419665  0.780039  
0.419665  0.780039  
0.419665  0.780039  
0.419665  0.780041  
0.419665  0.780039  
