0.843688  1.13408  
0.638577  1.96891  
0.843501  1.1343  
0.843545  1.13416  
0.843605  1.13408  
0.843564  1.13411  
0.843505  1.13426  
0.843516  1.13423  
0.84358  1.13409  
0.843524  1.13421  
0.843531  1.13419  
0.84355  1.13414  
0.843568  1.1341  
0.843536  1.13418  
0.843596  1.13408  
0.843555  1.13413  
0.644816  1.9689  
0.843508  1.13425  
0.843539  1.13417  
0.843518  1.13422  
0.84351  1.13424  
0.843558  1.13412  
0.84354  1.13417  
0.843526  1.1342  
0.843501  1.13428  
0.843511  1.13424  
0.84352  1.13422  
0.843576  1.1341  
0.843592  1.13408  
0.843547  1.13415  
0.84356  1.13412  
0.843542  1.13416  
0.843528  1.1342  
0.644231  1.96891  
0.843533  1.13419  
0.843513  1.13423  
0.843522  1.13421  
0.843561  1.13412  
0.843548  1.13415  
0.843552  1.13414  
0.843578  1.13409  
0.843566  1.13411  
0.843537  1.13418  
0.843514  1.13423  
0.843556  1.13413  
0.843534  1.13418  
0.843508  1.13425  
0.843543  1.13416  
0.843516  1.13423  
0.843504  1.13427  
0.843544  1.13416  
0.84353  1.13419  
0.843553  1.13414  
0.843563  1.13411  
0.843506  1.13426  
0.843549  1.13414  
0.843571  1.1341  
0.843525  1.1342  
0.843522  1.13421  
0.843514  1.13423  
0.843503  1.13428  
0.843551  1.13414  
0.843508  1.13425  
0.843517  1.13422  
0.843541  1.13416  
0.843506  1.13425  
0.843559  1.13412  
0.843535  1.13418  
0.843527  1.1342  
0.843546  1.13415  
0.84351  1.13424  
0.843554  1.13413  
0.843507  1.13425  
0.843557  1.13413  
0.843519  1.13422  
0.843598  1.13408  
0.843687  1.13408  
0.84354  1.13417  
0.843524  1.13421  
0.843511  1.13424  
0.843521  1.13421  
0.843511  1.13424  
0.843567  1.13411  
0.843509  1.13424  
0.843524  1.13421  
0.843529  1.1342  
0.843536  1.13418  
0.843533  1.13418  
0.843568  1.13411  
0.843555  1.13413  
0.843524  1.13421  
0.843538  1.13417  
0.843549  1.13414  
0.843541  1.13416  
0.843517  1.13422  
0.843513  1.13423  
0.843551  1.13414  
0.843547  1.13415  
0.84354  1.13417  
0.843548  1.13415  
