0.539321  0.665017  
0.4208  1.70489  
0.4347  1.69896  
0.423545  1.69898  
0.420816  1.6991  
0.421299  1.69899  
0.420957  1.69905  
0.420809  1.70308  
0.420818  1.69909  
0.539321  0.665017  
0.539321  0.665017  
0.539321  0.665017  
0.539321  0.665017  
0.539321  0.665017  
0.539321  0.665017  
0.539321  0.665017  
0.539321  0.665017  
0.539321  0.665017  
0.539321  0.665017  
0.539321  0.665017  
0.539321  0.665017  
0.539321  0.665017  
0.539321  0.665017  
0.539321  0.665017  
0.539321  0.665017  
0.539321  0.665017  
0.539321  0.665017  
0.421299  1.69899  
0.539321  0.665017  
0.539321  0.665017  
0.539321  0.665021  
0.539321  0.66502  
0.420818  1.69909  
0.539321  0.665017  
0.539321  0.665017  
0.539321  0.665017  
0.539321  0.665017  
0.539321  0.665017  
0.539321  0.665017  
0.539321  0.665017  
0.539321  0.665017  
0.539321  0.665017  
0.539321  0.66502  
0.539321  0.665017  
0.539321  0.665017  
0.423545  1.69898  
0.539321  0.665021  
0.539321  0.665017  
0.539321  0.665021  
0.539321  0.665017  
0.539321  0.665017  
0.539321  0.665017  
0.539321  0.665017  
0.423545  1.69898  
0.539321  0.665017  
0.539321  0.665017  
0.423545  1.69898  
0.539321  0.665017  
0.539321  0.665021  
0.539321  0.665017  
0.539321  0.665017  
0.420957  1.69905  
0.539321  0.665017  
0.539321  0.665017  
0.539321  0.665017  
0.539321  0.665017  
0.539321  0.665017  
0.539321  0.665017  
0.4347  1.69896  
0.539331  0.665017  
0.539321  0.665017  
0.539321  0.665017  
0.539321  0.665017  
0.420818  1.69909  
0.539321  0.665017  
0.539321  0.665017  
0.420957  1.69905  
0.539321  0.665017  
0.539321  0.665017  
0.539321  0.665017  
0.539321  0.665017  
0.539321  0.665017  
0.539321  0.665017  
0.539321  0.665017  
0.420818  1.69909  
0.539321  0.665017  
0.539321  0.665017  
0.539321  0.665017  
0.539321  0.665017  
0.539321  0.665017  
0.539321  0.665017  
0.420818  1.69909  
0.539321  0.665017  
0.539321  0.665017  
0.539321  0.665017  
0.539321  0.665017  
0.539321  0.665017  
0.539321  0.66502  
0.539321  0.665017  
0.539321  0.665017  
