1  3.80641e-13  
2.8637e-94  1  
0.462123  0.788163  
0.791776  0.460074  
0.457931  0.792305  
0.45795  0.788181  
0.457949  0.788265  
0.791827  0.460074  
1  3.67394e-16  
1.36808e-104  1  
1.81498e-104  1  
1.81498e-104  1  
4.57427e-104  1  
9.0309e-104  1  
9.0309e-104  1  
3.42133e-103  1  
3.42133e-103  1  
5.40768e-103  1  
6.71323e-102  1  
6.76179e-101  1  
2.33242e-99  1  
0.791776  0.460074  
1.40526e-102  1  
1.79501e-103  1  
2.33242e-99  1  
0.791776  0.460074  
2.60741e-94  1  
4.57427e-104  1  
2.8637e-94  1  
1.82974e-102  1  
1.7087e-103  1  
1  1.46621e-13  
1  3.06759e-13  
1.40526e-102  1  
0.791827  0.460074  
0.45795  0.788181  
1.811e-103  1  
1.79501e-103  1  
3.16835e-103  1  
2.33242e-99  1  
3.42133e-103  1  
4.57427e-104  1  
5.65082e-101  1  
1.82974e-102  1  
2.33242e-99  1  
2.8637e-94  1  
9.0309e-104  1  
1  5.15424e-16  
1.811e-103  1  
3.42133e-103  1  
1.40526e-102  1  
1  2.05702e-10  
3.12522e-07  1  
1.811e-103  1  
6.86409e-101  1  
5.40768e-103  1  
1.82974e-102  1  
2.8637e-94  1  
0.791776  0.460074  
1.811e-103  1  
1.79501e-103  1  
5.65082e-101  1  
1  5.15424e-16  
1.81467e-103  1  
3.42133e-103  1  
1.7087e-103  1  
1.811e-103  1  
2.46031e-104  1  
1.79501e-103  1  
1  3.18557e-13  
1  1.57975e-13  
2.43797e-94  1  
1.79501e-103  1  
1  3.06759e-13  
1.82974e-102  1  
5.65082e-101  1  
4.7581e-17  1  
1.36808e-104  1  
2.8637e-94  1  
2.60741e-94  1  
1  5.15424e-16  
2.48003e-08  1  
2.8637e-94  1  
1.82974e-102  1  
1.811e-103  1  
5.65082e-101  1  
2.60741e-94  1  
1  1.46621e-13  
4.51399e-98  1  
5.65082e-101  1  
3.42133e-103  1  
3.42133e-103  1  
2.60741e-94  1  
0.791776  0.460074  
1  5.15424e-16  
9.0309e-104  1  
9.0309e-104  1  
2.8637e-94  1  
1.67657e-101  1  
1.79501e-103  1  
