1.1624  0.426834  
0.408981  0.995049  
1.16177  0.449141  
1.16186  0.428425  
1.16197  0.427494  
1.16197  0.427038  
1.16214  0.426872  
1.16204  0.42688  
1.16201  0.426943  
1.16198  0.427032  
1.16197  0.427483  
1.16198  0.427036  
1.16202  0.426942  
0.408988  0.995049  
0.408982  0.995049  
0.408982  0.995049  
0.408982  0.995049  
0.408985  0.99505  
0.408981  0.995049  
0.408982  0.995049  
0.408989  0.995049  
1.16177  0.449141  
0.408982  0.995051  
0.408981  0.995049  
0.408982  0.99505  
0.408982  0.995049  
0.408982  0.995049  
0.408985  0.99505  
0.408982  0.995049  
0.408981  0.995049  
0.408985  0.99505  
0.408982  0.995049  
1.16177  0.449141  
0.408983  0.995049  
0.408982  0.995049  
1.16198  0.427032  
0.408982  0.995049  
0.408982  0.995049  
0.408981  0.995049  
0.408982  0.995049  
0.408982  0.995049  
0.408989  0.995049  
0.408981  0.995049  
0.408982  0.995049  
0.408988  0.995049  
0.408981  0.995049  
0.408982  0.995049  
0.408982  0.995049  
1.16177  0.449141  
0.408989  0.995049  
0.408981  0.995049  
0.408982  0.995049  
0.408982  0.995049  
0.408982  0.995049  
0.408981  0.995049  
0.408982  0.995049  
0.408983  0.99505  
0.408983  0.995049  
0.408982  0.995049  
0.408983  0.995049  
0.408982  0.995049  
0.408982  0.995049  
1.16177  0.449141  
0.408982  0.995049  
0.408983  0.995049  
0.408982  0.995049  
0.408982  0.995049  
0.408983  0.995049  
0.408983  0.995049  
0.408982  0.995049  
0.408982  0.995049  
0.408982  0.995049  
0.408981  0.995049  
0.408982  0.995049  
0.408983  0.995049  
0.408982  0.995051  
0.408982  0.995049  
0.408985  0.99505  
0.408982  0.995049  
1.16177  0.449141  
0.408982  0.995049  
0.408989  0.995049  
1.16201  0.426947  
0.408981  0.995049  
0.408982  0.995049  
0.408981  0.995049  
0.408982  0.995049  
0.408982  0.995051  
0.408981  0.995049  
0.408983  0.995049  
0.408981  0.995049  
0.408983  0.995049  
0.408982  0.995049  
0.408983  0.995049  
0.408982  0.995049  
0.408982  0.995049  
0.408982  0.995049  
1.1624  0.426834  
1.1624  0.426834  
1.1624  0.426834  
