1  9.63406e-15  
5.44524e-85  1  
0.78072  0.453593  
0.465839  0.79128  
0.459885  0.791339  
0.78075  0.452418  
0.463451  0.7913  
0.780721  0.453106  
0.780721  0.452633  
0.780724  0.452484  
0.460865  0.791319  
0.780733  0.452447  
0.780736  0.452424  
0.78072  0.453592  
0.780749  0.452422  
1  3.67394e-16  
1  3.67394e-16  
1  3.67394e-16  
6.59699e-09  1  
1  3.67394e-16  
0.780736  0.452424  
0.459885  0.791339  
6.59699e-09  1  
1  1.16254e-06  
0.780749  0.452422  
1  2.76734e-10  
1  1.45794e-06  
1  8.7348e-06  
1.00001  1.16768e-06  
1  2.42488e-08  
1.00001  1.14092e-06  
1  8.70146e-06  
1  3.67394e-16  
1  1.15042e-06  
1  1.85334e-10  
3.67991e-08  1  
4.32594e-12  1  
1.00001  3.67394e-16  
1.00001  3.67394e-16  
1  5.95742e-07  
1  1.16254e-06  
1  8.32557e-06  
0.780736  0.452424  
1.00001  8.32546e-09  
0.459885  0.791339  
0.780736  0.452424  
1  3.24189e-07  
1  2.93988e-07  
0.780736  0.452424  
1  9.74681e-08  
4.32594e-12  1  
1  3.67394e-16  
1  6.29983e-08  
1  1.52881e-08  
5.44524e-85  1  
1  3.67394e-16  
1  8.70015e-06  
1  3.67394e-16  
1  9.74681e-08  
1  3.67394e-16  
1  1.66738e-07  
1  3.67394e-16  
2.50922e-06  1  
0.780721  0.453106  
1.00001  3.67394e-16  
1  6.68624e-14  
1  1.34934e-07  
1  6.29983e-08  
1  1.42576e-10  
3.20387e-08  1  
1  3.92143e-08  
1  2.88862e-08  
1  8.70015e-06  
1  1.85334e-10  
1.00001  1.14092e-06  
4.32594e-12  1  
1  1.40831e-06  
5.44524e-85  1  
1  2.42488e-08  
6.60711e-09  1  
1  6.27934e-09  
3.67991e-08  1  
0.780736  0.452424  
1  3.67394e-16  
1.00001  1.54993e-07  
1  1.15042e-06  
1  8.7348e-06  
0.780736  0.452424  
1  3.67394e-16  
0.78075  0.452418  
1  1.00911e-08  
1.00001  1.4155e-06  
1  1.25626e-07  
0.780736  0.452424  
1  3.67394e-16  
1  5.96239e-10  
1  1.85334e-10  
3.67991e-08  1  
1.00001  3.67394e-16  
1  1.25626e-07  
