1  1.64843e-13  
2.72055e-17  1  
0.789981  0.458965  
0.466442  0.792442  
0.870633  0.423962  
0.984757  0.347587  
0.460525  0.792508  
0.865405  0.434718  
0.865408  0.424043  
0.984771  0.347055  
0.865463  0.423969  
0.465314  0.792451  
0.865409  0.423997  
0.460547  0.792461  
0.790706  0.458931  
0.865426  0.423971  
0.790116  0.45894  
0.984764  0.347531  
0.790114  0.45894  
0.865424  0.423982  
0.79006  0.458963  
0.86545  0.42397  
0.865406  0.434704  
0.865404  0.457113  
0.790059  0.458963  
0.865407  0.430062  
0.865449  0.423971  
0.865449  0.423971  
0.865426  0.423975  
0.984764  0.347531  
0.984764  0.347583  
0.984764  0.347583  
1  3.67394e-16  
0.984764  0.347583  
1  1.64843e-13  
0.984759  0.347588  
0.984764  0.347588  
1  5.44715e-06  
0.984764  0.347583  
0.984764  0.347531  
0.460525  0.792508  
0.984764  0.347583  
1  1.64843e-13  
0.984771  0.347055  
0.465314  0.792453  
0.984764  0.347531  
0.984764  0.347531  
0.460525  0.792508  
0.790116  0.45894  
0.984771  0.347055  
0.865454  0.42397  
0.865457  0.423971  
0.984764  0.347531  
0.865457  0.423971  
0.865459  0.42397  
0.865409  0.423997  
1  1.64843e-13  
0.790116  0.45894  
0.984764  0.347583  
0.790116  0.45894  
0.79006  0.458963  
0.789981  0.458965  
0.790706  0.458931  
0.790116  0.45894  
0.865424  0.423982  
0.984764  0.347531  
0.865404  0.457113  
0.790706  0.458931  
0.984764  0.347583  
1  1.64843e-13  
0.984764  0.347531  
0.865406  0.434704  
0.865457  0.423971  
0.865408  0.424043  
0.865457  0.423971  
0.865404  0.457113  
0.865404  0.457113  
0.465314  0.792453  
0.865457  0.423971  
0.865404  0.457113  
0.865404  0.457113  
0.984764  0.347583  
0.865459  0.42397  
0.465314  0.792453  
0.865405  0.434718  
0.865459  0.42397  
0.865459  0.42397  
0.984764  0.347531  
0.984764  0.347588  
0.865404  0.457113  
0.865457  0.423971  
0.984766  0.347531  
0.984764  0.347583  
0.460547  0.792461  
0.460525  0.792508  
0.865459  0.42397  
1  1.64843e-13  
1  3.67394e-16  
0.865463  0.423969  
0.465314  0.792453  
