1.58376  0.5978  
0.329566  1.79634  
1.58303  0.600596  
1.58303  0.598582  
1.58308  0.597896  
1.58334  0.597801  
1.5831  0.597802  
1.58303  0.598393  
1.58303  0.598341  
1.58304  0.598301  
1.58305  0.598231  
1.58305  0.598201  
1.58305  0.598173  
1.58306  0.598141  
1.58308  0.59785  
1.58306  0.598122  
1.58306  0.598102  
1.58309  0.597833  
1.58306  0.598084  
1.58307  0.59804  
1.58309  0.597821  
1.58307  0.598007  
1.58307  0.597994  
1.58304  0.598292  
1.58307  0.597967  
1.58307  0.597955  
1.5831  0.59781  
1.58304  0.598286  
1.58303  0.598335  
1.58307  0.59795  
1.58308  0.597944  
1.58309  0.597828  
1.58304  0.598329  
1.58308  0.597928  
1.58304  0.598283  
1.5831  0.597805  
1.58304  0.598321  
1.58308  0.597847  
1.58304  0.598318  
1.58305  0.598224  
1.58305  0.598195  
1.58305  0.598168  
1.58308  0.597844  
1.58308  0.597841  
1.58305  0.598281  
1.58304  0.598315  
1.58308  0.597922  
1.58307  0.598037  
1.58306  0.598098  
1.58305  0.598219  
1.58305  0.598191  
1.58304  0.598312  
1.58303  0.598391  
1.58306  0.598162  
1.58308  0.597895  
1.58307  0.59808  
1.58308  0.597907  
1.58306  0.598092  
1.58303  0.59838  
1.58308  0.597926  
1.5831  0.597809  
1.58306  0.598135  
1.58303  0.598369  
1.58309  0.59782  
1.58304  0.59829  
1.58305  0.598279  
1.58306  0.598153  
1.58304  0.598309  
1.58304  0.598328  
1.58306  0.598113  
1.58306  0.598133  
1.58303  0.59835  
1.58304  0.598286  
1.58308  0.597906  
1.58304  0.598297  
1.58304  0.598306  
1.58305  0.598181  
1.58307  0.598  
1.58306  0.598083  
1.58305  0.598278  
1.58306  0.598088  
1.58303  0.598339  
1.58303  0.598338  
1.58304  0.598304  
1.58303  0.598332  
1.58305  0.598224  
1.58304  0.598289  
1.58305  0.5982  
1.58306  0.598162  
1.58305  0.59828  
1.58303  0.598348  
1.58304  0.5983  
1.58303  0.598347  
1.58305  0.59818  
1.58304  0.598303  
1.58308  0.597898  
1.58304  0.598294  
1.58305  0.598209  
1.58368  0.597801  
1.58304  0.598301  
