1  3.85295e-14  
3.06657e-87  1  
0.458021  0.788538  
0.789192  0.477076  
0.794179  0.458389  
0.789193  0.458521  
0.457927  0.867039  
0.457948  0.788548  
0.789342  0.458509  
0.457959  0.788539  
1  3.67394e-16  
1  4.75984e-06  
1.00001  1.8189e-06  
1  7.96012e-06  
0.789193  0.458521  
1  4.75984e-06  
0.457948  0.788548  
1  7.96012e-06  
1  1.39247e-06  
1.00001  2.43488e-08  
0.457948  0.788548  
1  1.19859e-06  
1.00001  2.48276e-06  
1  4.71074e-06  
1  1.42875e-06  
1.00001  9.17458e-08  
1.00001  2.02324e-06  
1.00001  2.29738e-06  
1  4.75984e-06  
0.789342  0.458509  
1  3.85295e-14  
1.00001  1.81869e-06  
1  1.22801e-06  
0.457948  0.788548  
1  8.10559e-06  
1.00001  6.81351e-06  
1  1.41918e-06  
1  5.71973e-07  
1  8.2345e-06  
1.00001  5.97084e-06  
1  1.1488e-08  
1.00001  6.43132e-06  
1  7.96012e-06  
1.00001  6.27745e-06  
1  2.1754e-06  
1  5.34481e-08  
1  4.29494e-06  
1  1.15349e-06  
1.00001  3.21853e-08  
1  6.69314e-08  
1  5.71973e-07  
0.458021  0.788538  
1.00001  2.62682e-08  
1  3.67394e-16  
1  1.1488e-08  
1.00001  2.43488e-08  
1  1.96335e-06  
1  1.38447e-06  
1.00001  6.27745e-06  
1  7.78101e-06  
1  8.10559e-06  
1  7.96012e-06  
1.00001  1.8189e-06  
1.00001  1.03455e-07  
1  1.15349e-06  
0.789193  0.458521  
1  1.22806e-06  
1  1.19859e-06  
1  1.136e-06  
1  1.136e-06  
1.00001  2.43488e-08  
1  4.75984e-06  
1.00001  8.31472e-08  
1  2.00399e-07  
1.00001  6.43132e-06  
1.00001  7.25431e-07  
1  1.22172e-06  
1  1.22827e-06  
1  2.42158e-07  
1  2.07144e-06  
1.00001  5.96757e-06  
1  1.39247e-06  
1.00001  2.29738e-06  
1  2.07144e-06  
1  4.75984e-06  
1  1.15349e-06  
1.00001  6.27745e-06  
1.00001  6.27745e-06  
1  9.88931e-10  
1  5.71973e-07  
1  1.22172e-06  
1.00001  6.27745e-06  
1.00001  2.02324e-06  
1.00001  1.8203e-06  
1  7.85842e-06  
1.00001  8.17939e-08  
1.00001  1.81869e-06  
1  1.2034e-06  
1.00001  6.27745e-06  
1.00001  1.8189e-06  
