0.386087  0.633275  
0.386045  0.635669  
0.386046  0.634465  
0.386047  0.63333  
0.386055  0.633298  
0.386071  0.633282  
0.386063  0.63329  
0.386047  0.633316  
0.386049  0.633309  
0.386078  0.633277  
0.38605  0.633305  
0.386059  0.633294  
0.386067  0.633286  
0.386075  0.633279  
0.386052  0.633302  
0.386065  0.633288  
0.386061  0.633292  
0.386057  0.633296  
0.386069  0.633284  
0.386085  0.633276  
0.386074  0.63328  
0.386054  0.6333  
0.386084  0.633276  
0.386049  0.633308  
0.386072  0.633281  
0.386047  0.633314  
0.386066  0.633287  
0.386062  0.633291  
0.386051  0.633304  
0.386068  0.633285  
0.386064  0.633289  
0.386058  0.633295  
0.38606  0.633293  
0.38605  0.633307  
0.386056  0.633297  
0.386048  0.633314  
0.386054  0.633299  
0.38607  0.633283  
0.386075  0.63328  
0.386053  0.633301  
0.386052  0.633303  
0.38605  0.633306  
0.38606  0.633293  
0.386056  0.633297  
0.386072  0.633282  
0.386061  0.633292  
0.386078  0.633278  
0.38605  0.633305  
0.386078  0.633278  
0.386068  0.633285  
0.386062  0.63329  
0.386055  0.633298  
0.386059  0.633294  
0.386064  0.633289  
0.386065  0.633288  
0.386052  0.633302  
0.386074  0.63328  
0.386069  0.633284  
0.386063  0.63329  
0.386049  0.633309  
0.386068  0.633285  
0.386058  0.633295  
0.386065  0.633288  
0.386071  0.633283  
0.386066  0.633287  
0.386059  0.633294  
0.386048  0.63331  
0.386073  0.633281  
0.386071  0.633282  
0.386062  0.633291  
0.386056  0.633297  
0.386061  0.633292  
0.386067  0.633286  
0.386084  0.633276  
0.386049  0.633307  
0.386054  0.633299  
0.386058  0.633295  
0.386051  0.633303  
0.386057  0.633296  
0.386066  0.633287  
0.38607  0.633283  
0.386055  0.633299  
0.386065  0.633288  
0.38606  0.633292  
0.38606  0.633293  
0.38605  0.633305  
0.386054  0.6333  
0.386054  0.633299  
0.386076  0.633279  
0.386063  0.63329  
0.386053  0.633301  
0.386062  0.633291  
0.386074  0.63328  
0.386056  0.633297  
0.386059  0.633294  
0.386055  0.633298  
0.386048  0.633314  
0.386051  0.633304  
0.386073  0.633281  
0.38605  0.633305  
