0.965875  0.0341984  
0.0113796  1.01097  
0.491864  0.607956  
0.299121  0.700888  
0.409538  0.647892  
0.932578  0.12295  
0.0113797  1.01062  
0.965782  0.034225  
0.299173  0.700849  
0.299142  0.700858  
0.965802  0.0341985  
0.299129  0.700873  
0.965789  0.0342116  
0.299158  0.700849  
0.299121  0.70088  
0.299151  0.700851  
0.299135  0.700866  
0.965795  0.0342061  
0.965783  0.0342189  
0.299147  0.700854  
0.299138  0.700862  
0.965798  0.0342024  
0.965785  0.0342155  
0.299124  0.700877  
0.299132  0.700869  
0.965793  0.0342085  
0.299127  0.700875  
0.299145  0.700856  
0.965787  0.0342136  
0.299137  0.700864  
0.965791  0.0342098  
0.299149  0.700852  
0.299134  0.700867  
0.299131  0.700871  
0.299141  0.700859  
0.965797  0.0342044  
0.965801  0.0342002  
0.965782  0.0342233  
0.965794  0.0342073  
0.965784  0.0342174  
0.299154  0.70085  
0.299146  0.700854  
0.29914  0.700861  
0.965782  0.0342222  
0.299144  0.700857  
0.299131  0.70087  
0.965788  0.0342127  
0.299132  0.700868  
0.965789  0.0342108  
0.965786  0.0342145  
0.29915  0.700851  
0.299153  0.70085  
0.299148  0.700853  
0.965784  0.0342166  
0.965792  0.0342091  
0.299136  0.700865  
0.9658  0.0342011  
0.965782  0.0342215  
0.965799  0.0342017  
0.965795  0.0342065  
0.299133  0.700868  
0.299142  0.700858  
0.299144  0.700856  
0.29914  0.70086  
0.299145  0.700855  
0.299135  0.700866  
0.299146  0.700854  
0.299143  0.700857  
0.965785  0.034215  
0.29913  0.700872  
0.299153  0.70085  
0.965783  0.0342208  
0.299137  0.700863  
0.299148  0.700853  
0.965799  0.034202  
0.96579  0.0342104  
0.299138  0.700862  
0.29915  0.700851  
0.299121  0.700887  
0.299123  0.700879  
0.299134  0.700867  
0.299139  0.700861  
0.299131  0.70087  
0.965783  0.0342185  
0.965789  0.0342113  
0.965786  0.034214  
0.299152  0.70085  
0.965788  0.0342121  
0.299147  0.700853  
0.965798  0.0342041  
0.299136  0.700864  
0.299142  0.700859  
0.299149  0.700852  
0.299135  0.700865  
0.965787  0.0342131  
0.299124  0.700878  
0.965795  0.0342069  
0.965785  0.0342159  
0.299124  0.700878  
0.299165  0.700849  
