1  1.45069e-15  
2.38251e-16  1  
0.333051  0.666952  
0.773243  0.289989  
0.91444  0.137592  
0.304392  0.772456  
0.949612  0.121732  
0.914473  0.137558  
0.914452  0.13757  
0.914463  0.137561  
0.914443  0.137582  
0.914458  0.137565  
0.914446  0.137576  
0.914449  0.137574  
0.914455  0.137568  
0.914461  0.137562  
0.914441  0.13759  
0.91447  0.137559  
0.914444  0.13758  
0.914441  0.137587  
0.914468  0.137559  
0.914451  0.137572  
0.914445  0.137578  
0.914459  0.137564  
0.914454  0.137569  
0.914456  0.137566  
0.914448  0.137575  
0.914442  0.137585  
0.914467  0.13756  
0.914462  0.137561  
0.914442  0.137584  
0.914443  0.137581  
0.914465  0.13756  
0.914446  0.137577  
0.914451  0.137571  
0.914447  0.137576  
0.91445  0.137573  
0.914458  0.137564  
0.914453  0.13757  
0.914462  0.137562  
0.91446  0.137563  
0.914457  0.137566  
0.914448  0.137574  
0.914454  0.137568  
0.914456  0.137567  
0.914441  0.137586  
0.914443  0.13758  
0.914442  0.137583  
0.914444  0.137579  
0.91446  0.137563  
0.914452  0.137571  
0.914465  0.13756  
0.914459  0.137564  
0.914455  0.137568  
0.914449  0.137574  
0.914448  0.137575  
0.914446  0.137577  
0.914461  0.137562  
0.914456  0.137567  
0.914458  0.137565  
0.914452  0.13757  
0.91445  0.137573  
0.914451  0.137572  
0.914457  0.137565  
0.914466  0.13756  
0.91444  0.13759  
0.914453  0.137569  
0.914444  0.13758  
0.914449  0.137573  
0.914454  0.137569  
0.914455  0.137567  
0.914443  0.137582  
0.914459  0.137564  
0.914447  0.137575  
0.914442  0.137584  
0.914459  0.137564  
0.914445  0.137578  
0.914457  0.137566  
0.914447  0.137576  
0.914456  0.137567  
0.914446  0.137577  
0.914442  0.137584  
0.914463  0.137561  
0.91445  0.137573  
0.914443  0.137581  
0.914457  0.137566  
0.914461  0.137562  
0.914451  0.137571  
0.914461  0.137563  
0.914455  0.137568  
0.914463  0.137561  
0.914444  0.137579  
0.914449  0.137574  
0.914442  0.137583  
0.914457  0.137565  
0.91446  0.137564  
0.91444  0.13759  
0.914445  0.137579  
0.914467  0.137559  
0.914464  0.137561  
