0.999783  0.000237835  
1.61429e-06  1  
0.608051  0.559852  
0.333962  0.666068  
0.950873  0.104022  
0.551288  0.625123  
0.953893  0.0633372  
0.307458  0.822747  
0.950874  0.101536  
0.953762  0.0633382  
0.999719  0.000295969  
0.334013  0.66602  
0.999743  0.000257174  
0.333975  0.66603  
0.551256  0.625425  
0.551261  0.62513  
0.999724  0.000276782  
0.999765  0.000240128  
0.999755  0.000246287  
0.333965  0.666053  
0.999734  0.000267122  
0.333967  0.666043  
0.334  0.666022  
0.333992  0.666023  
0.333985  0.666023  
0.999749  0.000251106  
0.333969  0.666037  
0.999729  0.00027188  
0.99976  0.000241744  
0.999739  0.000262367  
0.99972  0.000287214  
0.333981  0.666026  
0.333971  0.666034  
0.999721  0.000284116  
0.999746  0.000254102  
0.999752  0.0002483  
0.999758  0.000243476  
0.999741  0.00025998  
0.999731  0.000269259  
0.333979  0.666027  
0.99978  0.000237869  
0.999773  0.000237896  
0.999727  0.000273875  
0.999722  0.00028195  
0.551264  0.625128  
0.999722  0.000279496  
0.551262  0.625128  
0.33401  0.66602  
0.333976  0.666028  
0.608061  0.559851  
0.999764  0.000240289  
0.333962  0.666067  
0.999745  0.00025578  
0.333973  0.666031  
0.999756  0.000244974  
0.999748  0.0002528  
0.333968  0.666042  
0.999754  0.000247156  
0.999751  0.000249982  
0.33397  0.666036  
0.999733  0.00026812  
0.608051  0.559851  
0.333966  0.66605  
0.999762  0.000240716  
0.999723  0.000278051  
0.999736  0.000266106  
0.999742  0.00025791  
0.953775  0.0633373  
0.333968  0.66604  
0.334009  0.666021  
0.999759  0.000242623  
0.999741  0.000259132  
0.99974  0.000261238  
0.999748  0.00025196  
0.99973  0.00027055  
0.334006  0.666021  
0.950873  0.10155  
0.99973  0.000271146  
0.999726  0.000274924  
0.999757  0.000244189  
0.999747  0.000253449  
0.999735  0.000266471  
0.333966  0.666046  
0.999725  0.000276153  
0.999728  0.000273276  
0.999731  0.000269927  
0.999732  0.000268541  
0.999752  0.000249345  
0.333976  0.666029  
0.999735  0.000266605  
0.333967  0.666045  
0.999761  0.000241164  
0.999746  0.000254582  
0.99974  0.000260508  
0.333985  0.666025  
0.999721  0.00028249  
0.333966  0.666052  
0.333978  0.666028  
0.333969  0.666039  
0.333971  0.666035  
