0.373628  0.62639  
0.373551  0.626457  
0.373585  0.626415  
0.373565  0.626436  
0.373607  0.626395  
0.373596  0.626404  
0.373575  0.626426  
0.373556  0.626447  
0.37356  0.626441  
0.37358  0.62642  
0.37362  0.62639  
0.373569  0.626431  
0.373601  0.6264  
0.37359  0.62641  
0.373614  0.626392  
0.373552  0.626453  
0.373604  0.626397  
0.373593  0.626408  
0.373583  0.626418  
0.373572  0.626429  
0.373577  0.626423  
0.373588  0.626412  
0.373557  0.626445  
0.373567  0.626434  
0.373563  0.626438  
0.373611  0.626393  
0.373599  0.626402  
0.373553  0.626451  
0.373603  0.626398  
0.373594  0.626406  
0.373561  0.626439  
0.373598  0.626403  
0.373573  0.626427  
0.373558  0.626443  
0.37357  0.62643  
0.373579  0.626422  
0.373554  0.62645  
0.373584  0.626417  
0.373564  0.626437  
0.373581  0.626419  
0.373592  0.626409  
0.373576  0.626424  
0.373566  0.626435  
0.373618  0.626391  
0.37361  0.626394  
0.373589  0.626411  
0.373556  0.626446  
0.373587  0.626413  
0.373554  0.626449  
0.373609  0.626394  
0.373568  0.626432  
0.3736  0.626401  
0.373568  0.626433  
0.373572  0.626428  
0.373585  0.626416  
0.373594  0.626407  
0.373559  0.626442  
0.373575  0.626425  
0.373562  0.626439  
0.373592  0.626408  
0.373578  0.626422  
0.373571  0.626429  
0.373582  0.626419  
0.373586  0.626414  
0.373581  0.62642  
0.373595  0.626405  
0.373606  0.626396  
0.373555  0.626448  
0.37357  0.626431  
0.373566  0.626434  
0.373619  0.62639  
0.373602  0.626399  
0.373557  0.626446  
0.373561  0.62644  
0.373597  0.626404  
0.373552  0.626456  
0.373583  0.626417  
0.373577  0.626423  
0.373564  0.626438  
0.373579  0.626421  
0.373588  0.626413  
0.373604  0.626398  
0.373595  0.626405  
0.373585  0.626415  
0.373574  0.626426  
0.373605  0.626396  
0.373569  0.626432  
0.373557  0.626445  
0.373565  0.626436  
0.373598  0.626403  
0.373556  0.626447  
0.373571  0.626429  
0.373558  0.626444  
0.373565  0.626435  
0.373574  0.626427  
0.373594  0.626407  
0.373571  0.62643  
0.373552  0.626456  
0.373556  0.626446  
0.373583  0.626417  
