0.28218  0.731072  
0.282114  0.903482  
0.282114  0.731905  
0.282115  0.731185  
0.28212  0.731125  
0.282149  0.731093  
0.282165  0.731078  
0.282134  0.731108  
0.282126  0.731117  
0.282142  0.731101  
0.282157  0.731086  
0.282174  0.731072  
0.282116  0.731157  
0.282116  0.731145  
0.28217  0.731073  
0.282145  0.731097  
0.282161  0.731082  
0.282138  0.731105  
0.282153  0.73109  
0.282131  0.731112  
0.282123  0.731121  
0.282118  0.731142  
0.282118  0.731136  
0.282168  0.731075  
0.282118  0.731132  
0.282124  0.731119  
0.282128  0.731115  
0.282163  0.73108  
0.28214  0.731103  
0.282148  0.731095  
0.282143  0.731099  
0.282155  0.731088  
0.282151  0.731091  
0.282159  0.731084  
0.282136  0.731106  
0.282132  0.73111  
0.282119  0.73113  
0.282116  0.731143  
0.282121  0.731123  
0.282119  0.731128  
0.282169  0.731074  
0.28213  0.731114  
0.282166  0.731077  
0.282141  0.731102  
0.282131  0.731111  
0.282173  0.731072  
0.282135  0.731107  
0.28216  0.731083  
0.282149  0.731094  
0.282154  0.731088  
0.282158  0.731085  
0.282139  0.731103  
0.282127  0.731116  
0.282145  0.731098  
0.282137  0.731105  
0.282133  0.73111  
0.282162  0.731081  
0.282125  0.731118  
0.28212  0.731127  
0.282164  0.731079  
0.282147  0.731096  
0.282142  0.7311  
0.282152  0.731091  
0.282141  0.731101  
0.282151  0.731092  
0.282138  0.731104  
0.282147  0.731096  
0.282123  0.73112  
0.282172  0.731073  
0.282156  0.731086  
0.282143  0.731099  
0.282126  0.731117  
0.28215  0.731093  
0.282168  0.731075  
0.282121  0.731124  
0.282164  0.731078  
0.282122  0.731123  
0.282144  0.731098  
0.282167  0.731076  
0.282148  0.731094  
0.282137  0.731106  
0.282146  0.731097  
0.282129  0.731114  
0.282179  0.731072  
0.282156  0.731087  
0.282136  0.731107  
0.282135  0.731108  
0.28212  0.731125  
0.282172  0.731073  
0.282159  0.731083  
0.282154  0.731089  
0.282155  0.731088  
0.282161  0.731082  
0.282158  0.731084  
0.282155  0.731087  
0.28214  0.731103  
0.282128  0.731115  
0.282122  0.731123  
0.28215  0.731093  
0.282118  0.731136  
