0.983765  0.0165005  
1.36758e-08  1  
0.557743  0.520988  
0.316947  0.683162  
0.805972  0.243469  
0.474965  0.588201  
0.251499  0.806474  
0.335977  0.682201  
0.33486  0.682201  
0.983473  0.023402  
0.983473  0.0175052  
0.983473  0.0165391  
0.251554  0.806193  
0.332126  0.683063  
0.326788  0.683063  
0.317256  0.683064  
0.316957  0.683064  
0.251508  0.806424  
0.983558  0.0165007  
0.983508  0.0165009  
0.25153  0.806397  
0.983485  0.0165159  
0.983497  0.0165042  
0.251543  0.806195  
0.251513  0.806413  
0.983475  0.0165281  
0.251499  0.806459  
0.316949  0.683074  
0.2515  0.80645  
0.251524  0.806403  
0.251501  0.806443  
0.316951  0.683066  
0.98349  0.0165098  
0.334854  0.682202  
0.983479  0.016522  
0.251503  0.806437  
0.251504  0.806434  
0.983494  0.0165068  
0.983482  0.0165187  
0.983505  0.0165011  
0.983487  0.0165129  
0.983502  0.0165014  
0.251505  0.806431  
0.251521  0.806407  
0.251536  0.806395  
0.316954  0.683064  
0.983476  0.0165261  
0.251506  0.806429  
0.251541  0.806392  
0.251531  0.806396  
0.983477  0.0165242  
0.983492  0.0165082  
0.983501  0.0165026  
0.251509  0.806423  
0.983489  0.0165114  
0.983473  0.0165367  
0.983495  0.0165054  
0.251512  0.806417  
0.983483  0.0165173  
0.983486  0.0165144  
0.316949  0.683072  
0.98348  0.0165208  
0.983474  0.0165327  
0.983499  0.016503  
0.251502  0.80644  
0.251499  0.806456  
0.983474  0.0165316  
0.983481  0.0165196  
0.251508  0.806423  
0.983478  0.0165234  
0.983488  0.0165122  
0.251502  0.806439  
0.983484  0.0165164  
0.983491  0.016509  
0.983493  0.016507  
0.983478  0.0165228  
0.983496  0.0165047  
0.983501  0.016502  
0.983495  0.016506  
0.983479  0.0165214  
0.983498  0.0165036  
0.983482  0.0165182  
0.251535  0.806395  
0.983493  0.0165076  
0.98349  0.0165102  
0.983486  0.0165146  
0.983489  0.0165109  
0.983475  0.0165277  
0.983487  0.0165134  
0.316952  0.683066  
0.983498  0.0165031  
0.983481  0.0165191  
0.983486  0.016514  
0.983491  0.0165094  
0.983488  0.0165118  
0.251506  0.806429  
0.334859  0.682201  
0.983474  0.01653  
0.2515  0.806456  
0.251502  0.806443  
