0.99999  9.98586e-06  
6.38019e-07  1  
0.654204  0.626951  
0.333333  0.666669  
0.752503  0.2844  
0.925734  0.190455  
0.784789  0.21737  
0.782668  0.239349  
0.782668  0.218592  
0.782909  0.217372  
0.925776  0.18971  
0.332783  0.769631  
0.332783  0.720842  
0.332785  0.719386  
0.782669  0.217627  
0.782681  0.217398  
0.925735  0.190212  
0.925735  0.189751  
0.925735  0.189711  
0.782721  0.217376  
0.782682  0.21738  
0.333375  0.666653  
0.333351  0.666653  
0.756252  0.284386  
0.999978  3.77266e-05  
0.999979  2.59417e-05  
1.00002  2.44287e-09  
1  2.71723e-09  
0.333342  0.66666  
0.782674  0.21749  
0.999983  1.84251e-05  
0.999996  4.67943e-06  
0.333338  0.666664  
0.333347  0.666656  
0.999986  1.41794e-05  
0.999993  7.23012e-06  
0.999998  1.87269e-06  
0.99998  2.32789e-05  
0.333344  0.666657  
0.332794  0.719384  
0.999981  2.12808e-05  
0.999984  1.6456e-05  
0.333336  0.666666  
0.999989  1.16404e-05  
0.333349  0.666654  
0.33334  0.666663  
0.999997  3.21283e-06  
0.999978  3.63703e-05  
0.999994  5.87336e-06  
1  5.30146e-07  
0.999992  8.71609e-06  
0.999982  1.94827e-05  
0.333343  0.666658  
0.332789  0.719385  
0.333345  0.666656  
0.999987  1.32294e-05  
0.333339  0.666663  
0.999985  1.55924e-05  
0.333348  0.666655  
0.999983  1.75942e-05  
0.999978  3.45948e-05  
0.999994  6.53082e-06  
0.99999  1.06032e-05  
0.999996  4.02613e-06  
0.333342  0.666662  
0.999995  5.21538e-06  
0.999999  1.20592e-06  
4.71485e-11  1  
0.333347  0.666655  
0.999982  1.88614e-05  
0.999992  8.10914e-06  
0.333337  0.666666  
7.55329e-08  1  
0.999991  9.18914e-06  
0.654204  0.62695  
0.333344  0.666658  
0.999998  2.51912e-06  
0.999988  1.2701e-05  
1  7.71492e-09  
0.999984  1.69229e-05  
0.999986  1.50801e-05  
0.333351  0.666653  
0.999979  3.20111e-05  
0.999981  2.02996e-05  
0.782681  0.217407  
0.999989  1.12226e-05  
0.999986  1.46774e-05  
0.999997  3.55482e-06  
0.999979  2.80576e-05  
0.999997  2.86647e-06  
0.999991  9.57544e-06  
0.999985  1.61209e-05  
0.999993  6.87655e-06  
0.999994  6.21107e-06  
0.333334  0.666668  
0.999995  4.91654e-06  
0.999987  1.38872e-05  
0.999983  1.79711e-05  
0.99999  1.03238e-05  
0.999995  5.60837e-06  
