0.957076  0.0508976  
0.0170137  1  
0.497426  0.522389  
0.265009  0.734994  
0.865667  0.167745  
0.463455  0.658579  
0.32049  0.715923  
0.956897  0.123521  
0.463458  0.658438  
0.956897  0.12351  
0.265016  0.734988  
0.265011  0.734989  
0.265009  0.734992  
0.265014  0.734988  
0.26501  0.734991  
0.265013  0.734988  
0.26501  0.73499  
0.265012  0.734989  
0.265012  0.734989  
0.265009  0.734992  
0.265011  0.73499  
0.265009  0.734994  
0.265009  0.734992  
0.497426  0.522389  
0.26501  0.73499  
0.265011  0.734989  
0.265009  0.734993  
0.265013  0.734988  
0.265014  0.734988  
0.265009  0.734991  
0.265014  0.734988  
0.265011  0.734989  
0.265013  0.734988  
0.265011  0.734989  
0.265009  0.734993  
0.26501  0.73499  
0.26501  0.73499  
0.265012  0.734989  
0.265014  0.734988  
0.26501  0.734991  
0.26501  0.734991  
0.265009  0.734993  
0.26501  0.734991  
0.265012  0.734989  
0.265012  0.734988  
0.265012  0.734989  
0.265015  0.734988  
0.265013  0.734988  
0.26501  0.734991  
0.265013  0.734988  
0.265012  0.734989  
0.265012  0.734989  
0.265011  0.734989  
0.26501  0.73499  
0.265011  0.734989  
0.265009  0.734993  
0.26501  0.73499  
0.265013  0.734988  
0.26501  0.73499  
0.265014  0.734988  
0.265011  0.73499  
0.265015  0.734988  
0.265012  0.734989  
0.265009  0.734993  
0.265011  0.734989  
0.265015  0.734988  
0.265011  0.734989  
0.265012  0.734988  
0.26501  0.734991  
0.265009  0.734991  
0.26501  0.734991  
0.265011  0.73499  
0.265012  0.734989  
0.26501  0.73499  
0.265009  0.734994  
0.26501  0.73499  
0.265011  0.734989  
0.265016  0.734988  
0.265013  0.734988  
0.265009  0.734993  
0.265011  0.73499  
0.265009  0.734994  
0.265013  0.734988  
0.265011  0.734989  
0.265011  0.734989  
0.26501  0.73499  
0.265012  0.734989  
0.265011  0.73499  
0.265012  0.734989  
0.265011  0.734989  
0.26501  0.73499  
0.265011  0.73499  
0.26501  0.73499  
0.265011  0.734989  
0.265012  0.734989  
0.265014  0.734988  
0.265012  0.734989  
0.265009  0.834715  
0.26501  0.73499  
0.265011  0.734989  
