0.977917  0.0353477  
0.447953  0.578679  
0.569624  0.570486  
0.515833  0.570486  
0.477974  0.570486  
0.447993  0.570486  
0.447954  0.576584  
0.447954  0.574735  
0.447954  0.571632  
0.447954  0.570528  
0.447967  0.570502  
0.447981  0.570489  
0.447956  0.570516  
0.44796  0.570509  
0.447974  0.570495  
0.447964  0.570505  
0.447971  0.570498  
0.447977  0.570492  
0.447957  0.570513  
0.447988  0.570487  
0.447985  0.570487  
0.447959  0.570511  
0.447962  0.570507  
0.447969  0.5705  
0.447966  0.570503  
0.447976  0.570494  
0.447973  0.570497  
0.447983  0.570488  
0.447979  0.570491  
0.447955  0.570524  
0.447955  0.570522  
0.447963  0.570507  
0.447972  0.570498  
0.447955  0.570521  
0.447965  0.570504  
0.447982  0.570488  
0.447975  0.570494  
0.44797  0.570499  
0.447956  0.570515  
0.447968  0.570501  
0.447967  0.570503  
0.447973  0.570496  
0.447957  0.570514  
0.447955  0.57052  
0.447978  0.570491  
0.44796  0.57051  
0.44798  0.57049  
0.447959  0.570511  
0.447982  0.570489  
0.447977  0.570493  
0.447961  0.570509  
0.447955  0.570517  
0.447964  0.570505  
0.447976  0.570493  
0.447971  0.570498  
0.44798  0.57049  
0.447964  0.570506  
0.447958  0.570512  
0.447966  0.570503  
0.447984  0.570487  
0.447972  0.570497  
0.447978  0.570492  
0.447967  0.570502  
0.447969  0.5705  
0.44797  0.570499  
0.447965  0.570504  
0.447975  0.570494  
0.447969  0.570501  
0.447968  0.570501  
0.447962  0.570507  
0.447979  0.570491  
0.447956  0.570516  
0.447975  0.570495  
0.447963  0.570506  
0.447974  0.570496  
0.447965  0.570505  
0.44796  0.570509  
0.44798  0.57049  
0.447967  0.570502  
0.447974  0.570495  
0.447984  0.570487  
0.447963  0.570507  
0.447975  0.570495  
0.447967  0.570502  
0.447971  0.570498  
0.447957  0.570514  
0.447969  0.5705  
0.447973  0.570497  
0.447983  0.570488  
0.447964  0.570506  
0.447984  0.570488  
0.447954  0.571598  
0.447981  0.570489  
0.447976  0.570494  
0.447958  0.570512  
0.44797  0.570499  
0.447976  0.570493  
0.447986  0.570487  
0.447972  0.570497  
0.447956  0.570516  
