0.771409  0.229488  
0.43835  0.561653  
0.770484  0.229541  
0.771004  0.229488  
0.770543  0.229488  
0.770501  0.229499  
0.770485  0.229525  
0.770488  0.229513  
0.770519  0.229489  
0.77051  0.229491  
0.770494  0.229506  
0.770506  0.229495  
0.770485  0.229521  
0.770491  0.229509  
0.770498  0.229503  
0.770503  0.229497  
0.770486  0.229519  
0.770508  0.229493  
0.770515  0.229489  
0.770486  0.229516  
0.770493  0.229507  
0.770513  0.229489  
0.770499  0.229501  
0.770496  0.229504  
0.77049  0.229511  
0.770487  0.229515  
0.770507  0.229494  
0.770504  0.229496  
0.770502  0.229498  
0.770484  0.22954  
0.438392  0.561651  
0.438355  0.561652  
0.770492  0.229508  
0.770511  0.22949  
0.770498  0.229502  
0.770487  0.229514  
0.770494  0.229507  
0.77049  0.22951  
0.770495  0.229505  
0.770497  0.229504  
0.770509  0.229492  
0.770488  0.229513  
0.770489  0.229512  
0.438353  0.561652  
0.770501  0.229499  
0.7705  0.2295  
0.770504  0.229496  
0.770508  0.229493  
0.438352  0.561652  
0.77051  0.229491  
0.770503  0.229498  
0.770511  0.22949  
0.7705  0.2295  
0.770497  0.229503  
0.770489  0.229511  
0.770506  0.229494  
0.770484  0.229539  
0.770492  0.229509  
0.770505  0.229495  
0.770498  0.229502  
0.770499  0.229501  
0.770496  0.229505  
0.770494  0.229506  
0.770505  0.229496  
0.77049  0.22951  
0.770488  0.229513  
0.770503  0.229497  
0.770492  0.229508  
0.770507  0.229493  
0.770514  0.229489  
0.770493  0.229507  
0.770493  0.229508  
0.770513  0.22949  
0.770484  0.229526  
0.770495  0.229505  
0.770507  0.229494  
0.770485  0.229524  
0.770511  0.229491  
0.770495  0.229505  
0.770499  0.229501  
0.770509  0.229492  
0.770502  0.229498  
0.770491  0.22951  
0.770504  0.229496  
0.770501  0.229499  
0.770487  0.229515  
0.770497  0.229504  
0.770486  0.229519  
0.770495  0.229505  
0.770508  0.229493  
0.770506  0.229495  
0.770503  0.229497  
0.770517  0.229489  
0.770493  0.229507  
0.770489  0.229511  
0.77049  0.229511  
0.770511  0.22949  
0.7705  0.2295  
0.770494  0.229506  
0.770492  0.229508  
