1.38691  0.0584686  
0.282689  0.717321  
0.88512  0.207916  
0.940993  0.0703977  
0.336419  0.688568  
0.861839  0.21753  
0.920055  0.162231  
1.37471  0.0584687  
1.37411  0.058482  
0.311763  0.7173  
0.303224  0.7173  
0.282851  0.7173  
0.282705  0.7173  
1.37414  0.0584688  
1.37412  0.0584688  
0.282692  0.717308  
1.37411  0.0584737  
0.282699  0.717302  
1.37411  0.0584698  
0.282696  0.717305  
0.28269  0.717315  
0.28269  0.717312  
1.37411  0.0584714  
1.37411  0.0584793  
0.282703  0.7173  
0.282694  0.717306  
0.282691  0.71731  
0.282698  0.717303  
1.37411  0.0584778  
0.282701  0.717301  
1.37411  0.0584702  
1.37411  0.0584763  
1.37411  0.0584727  
1.37412  0.0584689  
0.282692  0.717309  
0.282693  0.717307  
0.282695  0.717305  
1.37411  0.0584755  
0.282697  0.717304  
1.37411  0.0584692  
1.37411  0.0584708  
0.2827  0.717301  
0.282698  0.717303  
1.37411  0.0584722  
1.37411  0.0584746  
1.37411  0.0584693  
0.282695  0.717305  
0.282694  0.717306  
0.282693  0.717308  
0.282694  0.717307  
0.282692  0.717308  
0.282691  0.71731  
0.282696  0.717304  
0.282699  0.717302  
1.37411  0.0584699  
1.37411  0.0584711  
0.282692  0.717309  
1.37411  0.0584704  
1.37411  0.0584719  
0.28269  0.717311  
0.2827  0.717302  
0.282693  0.717307  
0.282703  0.7173  
0.2827  0.717302  
0.282705  0.7173  
1.37411  0.0584743  
1.37411  0.0584715  
0.28269  0.717314  
0.282701  0.717301  
0.282696  0.717304  
0.282697  0.717303  
0.282693  0.717307  
1.37411  0.0584732  
0.282698  0.717303  
0.282695  0.717305  
0.28269  0.717312  
0.282696  0.717305  
1.37411  0.0584753  
0.282702  0.717301  
0.920219  0.162231  
1.37411  0.0584696  
0.282697  0.717304  
1.37411  0.0584706  
0.282695  0.717306  
0.282694  0.717306  
0.282701  0.717301  
1.37412  0.058469  
1.37411  0.0584724  
1.37411  0.058476  
0.282692  0.717308  
0.282691  0.717309  
1.37411  0.0584758  
1.37411  0.0584698  
1.37412  0.058469  
0.282691  0.71731  
0.282699  0.717302  
1.37411  0.0584762  
1.37411  0.058477  
1.37411  0.0584745  
1.37412  0.0584688  
