0.857574  0.150409  
0.257815  1.13364  
0.440272  0.649313  
0.857536  0.150456  
0.857546  0.150428  
0.85756  0.150414  
0.857537  0.150446  
0.857553  0.150421  
0.857539  0.150439  
0.857541  0.150434  
0.857569  0.150409  
0.857556  0.150417  
0.857549  0.150424  
0.857565  0.150411  
0.857543  0.150431  
0.857563  0.150412  
0.857551  0.150423  
0.857554  0.150419  
0.857558  0.150415  
0.857544  0.15043  
0.857548  0.150426  
0.857539  0.150438  
0.857536  0.150451  
0.857562  0.150413  
0.857542  0.150433  
0.857538  0.150445  
0.857552  0.150422  
0.857557  0.150416  
0.85754  0.150436  
0.857538  0.150442  
0.857555  0.150418  
0.857547  0.150427  
0.857545  0.150429  
0.857538  0.150441  
0.857567  0.15041  
0.857554  0.15042  
0.857536  0.15045  
0.85755  0.150424  
0.857561  0.150413  
0.857548  0.150425  
0.857542  0.150432  
0.85754  0.150436  
0.857566  0.15041  
0.857537  0.150448  
0.857543  0.150431  
0.857562  0.150412  
0.857564  0.150411  
0.857559  0.150415  
0.857544  0.15043  
0.857557  0.150417  
0.857555  0.150419  
0.857556  0.150418  
0.857552  0.150421  
0.857546  0.150427  
0.857553  0.15042  
0.857566  0.15041  
0.857549  0.150424  
0.857558  0.150416  
0.85755  0.150423  
0.857545  0.150428  
0.857551  0.150422  
0.857549  0.150425  
0.857561  0.150413  
0.857554  0.150419  
0.857563  0.150411  
0.857547  0.150426  
0.857564  0.150411  
0.85756  0.150414  
0.857548  0.150425  
0.857551  0.150422  
0.857553  0.15042  
0.857544  0.150429  
0.857552  0.150421  
0.857542  0.150433  
0.857559  0.150415  
0.85755  0.150423  
0.857556  0.150417  
0.857561  0.150413  
0.857546  0.150427  
0.857555  0.150418  
0.857536  0.150455  
0.857562  0.150412  
0.857557  0.150416  
0.857557  0.150416  
0.857558  0.150416  
0.857547  0.150427  
0.857555  0.150419  
0.857569  0.15041  
0.857543  0.150432  
0.857548  0.150426  
0.857536  0.15045  
0.85756  0.150414  
0.857563  0.150412  
0.857541  0.150435  
0.857554  0.150419  
0.857545  0.150429  
0.857548  0.150425  
0.857557  0.150416  
0.857541  0.150435  
0.857556  0.150418  
