1  7.49248e-07  
6.19845e-06  1  
0.486014  0.539383  
0.281293  0.746161  
0.891929  0.231274  
0.363139  0.66663  
0.333317  0.666706  
0.891942  0.219219  
0.347399  0.66663  
0.333446  0.66663  
0.333372  0.666631  
0.333333  0.666667  
0.485988  0.599976  
0.485988  0.539429  
0.485989  0.539403  
0.333355  0.66665  
0.485997  0.539387  
0.333319  0.666691  
0.891929  0.219617  
0.891929  0.219484  
0.89193  0.21922  
0.333322  0.66668  
0.333361  0.666639  
0.333346  0.666659  
0.48599  0.539395  
1.76852e-08  1.00017  
0.333327  0.666674  
4.39164e-08  1.00013  
6.08601e-08  1.00002  
8.08856e-08  1.00001  
1.27877e-07  1  
0.333339  0.666662  
0.333366  0.666634  
0.333356  0.666646  
0.485993  0.539391  
0.333324  0.666677  
0.333358  0.666643  
0.333336  0.666664  
0.333329  0.666671  
0.333319  0.666689  
0.486006  0.539385  
0.33337  0.666632  
0.333363  0.666637  
0.333344  0.66666  
0.333331  0.666669  
0.333342  0.66666  
0.486004  0.539386  
0.33332  0.666684  
0.33338  0.66663  
0.486003  0.539386  
0.485996  0.539389  
0.333378  0.66663  
0.333326  0.666675  
0.485991  0.539392  
0.333335  0.666665  
0.485995  0.53939  
0.333328  0.666672  
0.33336  0.66664  
0.333321  0.666683  
0.333364  0.666636  
0.333338  0.666662  
0.333362  0.666638  
0.333359  0.666642  
0.333341  0.666661  
0.333357  0.666645  
0.485989  0.539401  
0.333332  0.666668  
0.333357  0.666644  
0.891941  0.219219  
0.333323  0.666679  
0.48599  0.539394  
0.485989  0.539399  
0.333365  0.666635  
0.333337  0.666663  
0.333331  0.66667  
0.33332  0.666687  
0.486002  0.539386  
0.485989  0.539398  
1  7.4359e-09  
1  7.74964e-09  
1  8.92574e-09  
1  1.91015e-08  
0.333334  0.666666  
0.485989  0.539398  
0.333318  0.666695  
0.333322  0.66668  
0.333374  0.666631  
0.333356  0.666647  
0.333325  0.666676  
0.333321  0.666682  
0.333367  0.666634  
0.485996  0.539388  
0.333329  0.666672  
0.470072  0.666629  
0.333327  0.666674  
0.333363  0.666638  
0.333323  0.666678  
0.48599  0.539394  
0.333359  0.666642  
0.333335  0.666666  
