0.394446  0.606526  
0.393394  0.606845  
0.393548  0.606526  
0.393394  0.606624  
0.393462  0.606538  
0.393419  0.606581  
0.393441  0.60656  
0.393399  0.606603  
0.393489  0.606526  
0.393478  0.606527  
0.393408  0.606592  
0.39343  0.606571  
0.393452  0.606549  
0.39347  0.606531  
0.393435  0.606565  
0.393425  0.606575  
0.393414  0.606587  
0.393447  0.606554  
0.393456  0.606544  
0.393403  0.606598  
0.393395  0.606614  
0.393466  0.606535  
0.393395  0.606611  
0.393422  0.606578  
0.393416  0.606584  
0.393411  0.606589  
0.393449  0.606551  
0.393432  0.606568  
0.393396  0.606607  
0.393438  0.606563  
0.393444  0.606556  
0.393406  0.606595  
0.393428  0.606573  
0.393473  0.606529  
0.393401  0.6066  
0.393454  0.606546  
0.393468  0.606533  
0.393464  0.606537  
0.393459  0.606542  
0.393442  0.606558  
0.39346  0.606541  
0.393476  0.606527  
0.393426  0.606574  
0.393424  0.606577  
0.393436  0.606564  
0.393418  0.606583  
0.393415  0.606586  
0.393484  0.606526  
0.393439  0.606562  
0.3934  0.606601  
0.393434  0.606567  
0.393447  0.606553  
0.393407  0.606594  
0.393412  0.606588  
0.393398  0.606604  
0.393455  0.606545  
0.393429  0.606571  
0.39342  0.60658  
0.393458  0.606543  
0.393402  0.606599  
0.393482  0.606526  
0.393445  0.606555  
0.393451  0.60655  
0.39348  0.606526  
0.393407  0.606593  
0.393453  0.606548  
0.393414  0.606586  
0.393426  0.606575  
0.393448  0.606552  
0.393409  0.606592  
0.393428  0.606572  
0.393441  0.606559  
0.393395  0.60661  
0.393443  0.606557  
0.393472  0.606531  
0.393424  0.606576  
0.393463  0.606538  
0.393421  0.606579  
0.393476  0.606528  
0.393427  0.606573  
0.393413  0.606587  
0.393461  0.60654  
0.39344  0.606561  
0.393431  0.60657  
0.393446  0.606555  
0.393436  0.606565  
0.393417  0.606584  
0.393454  0.606547  
0.393467  0.606534  
0.393404  0.606597  
0.393416  0.606585  
0.393405  0.606596  
0.39345  0.606551  
0.393465  0.606536  
0.393469  0.606532  
0.393455  0.606545  
0.393406  0.606595  
0.393466  0.606535  
0.393437  0.606563  
0.393463  0.606537  
