1  3.65329e-06  
2.66075e-07  1  
0.500151  0.500321  
0.250167  0.749931  
0.737042  0.263084  
0.125178  0.874856  
0.375476  0.624556  
0.618712  0.381529  
0.833933  0.184384  
0.92192  0.0781963  
0.062591  0.937414  
0.312898  0.687278  
0.187777  0.812461  
0.438059  0.562006  
0.560438  0.439733  
0.676619  0.323592  
0.963868  0.0361505  
0.799185  0.201249  
0.156471  0.843534  
0.0938881  0.906124  
0.0313177  0.968707  
0.281371  0.718675  
0.344315  0.655764  
0.406585  0.593468  
0.219123  0.780932  
0.469303  0.53075  
0.706733  0.293342  
0.769116  0.230945  
0.53051  0.469565  
0.647779  0.35237  
0.590658  0.409704  
0.817477  0.184508  
0.980116  0.020276  
0.328607  0.67142  
0.172126  0.827883  
0.0782451  0.92177  
0.140832  0.859183  
0.0156791  0.984354  
0.109546  0.89049  
0.0469678  0.953052  
0.203229  0.796843  
0.297302  0.702734  
0.422166  0.577883  
0.391081  0.608987  
0.360051  0.640014  
0.453895  0.546377  
0.23476  0.765292  
0.48481  0.515293  
0.2661  0.733984  
0.515564  0.484831  
0.633096  0.367029  
0.546024  0.4542  
0.576474  0.423874  
0.809083  0.19152  
0.987675  0.0123729  
0.211278  0.788927  
0.258269  0.741996  
0.00784486  0.992169  
0.320779  0.679301  
0.133005  0.867006  
0.179951  0.820058  
0.0391442  0.960884  
0.0704234  0.929591  
0.22693  0.773113  
0.023501  0.976536  
0.101732  0.898306  
0.117363  0.882664  
0.054769  0.94524  
0.0860816  0.913964  
0.164318  0.835732  
0.414373  0.585683  
0.148698  0.851331  
0.35228  0.647909  
0.289531  0.710539  
0.305074  0.694965  
0.383253  0.616814  
0.367742  0.632277  
0.538275  0.461837  
0.507876  0.492406  
0.492444  0.507636  
0.336659  0.663392  
0.42982  0.570252  
0.445669  0.55438  
0.24251  0.757676  
0.461709  0.538526  
0.195638  0.804394  
0.273861  0.726467  
0.522845  0.477329  
0.399116  0.600965  
0.56903  0.431081  
0.477518  0.522891  
0.640039  0.359998  
0.626794  0.373256  
0.971898  0.0301215  
0.583162  0.417967  
0.551044  0.449174  
0.995166  0.00492738  
0.254243  0.745816  
0.191689  0.808336  
0.0195781  0.980428  
