0.981073  0.0190074  
0.978504  0.0216188  
0.979742  0.0202711  
0.979059  0.0209488  
0.980424  0.0195952  
0.978725  0.021287  
0.979398  0.020618  
0.980073  0.0199441  
0.980747  0.0192812  
0.980245  0.01977  
0.979912  0.0201074  
0.980897  0.0191201  
0.9789  0.0211218  
0.979564  0.0204594  
0.979239  0.0207756  
0.980597  0.0194321  
0.97858  0.0214642  
0.98051  0.0195096  
0.979984  0.0200237  
0.97983  0.0201855  
0.978644  0.0213857  
0.980332  0.0196927  
0.978961  0.0210472  
0.980142  0.0198702  
0.979467  0.0205444  
0.979632  0.0203874  
0.978829  0.021197  
0.980828  0.0191987  
0.979329  0.0206848  
0.980991  0.0190516  
0.979138  0.020883  
0.980683  0.0193355  
0.978517  0.0215313  
0.979678  0.020337  
0.979186  0.0208326  
0.980776  0.0192363  
0.980465  0.0195506  
0.978677  0.0213429  
0.981031  0.0190088  
0.980204  0.0198208  
0.979017  0.0210066  
0.978767  0.0212469  
0.98037  0.0196537  
0.978603  0.0214269  
0.980632  0.0193951  
0.979511  0.0205075  
0.978861  0.0211601  
0.979292  0.0207328  
0.979877  0.0201508  
0.978927  0.0210869  
0.980286  0.0197361  
0.979772  0.0202377  
0.980105  0.019911  
0.980855  0.0191662  
0.980566  0.019454  
0.980027  0.0199958  
0.978697  0.0213157  
0.979371  0.0206543  
0.979535  0.0204808  
0.980532  0.0194834  
0.979606  0.0204346  
0.979106  0.0209241  
0.979718  0.020297  
0.980049  0.0199686  
0.978556  0.021504  
0.980395  0.01963  
0.978876  0.0211322  
0.980181  0.0198436  
0.980308  0.0197129  
0.979036  0.0209837  
0.979929  0.020085  
0.978994  0.0210251  
0.980223  0.0197934  
0.97989  0.0201296  
0.978656  0.0213564  
0.97884  0.0211746  
0.979266  0.0207548  
0.979415  0.0205973  
0.978806  0.0212263  
0.979219  0.0208072  
0.98049  0.0195237  
0.980869  0.0191462  
0.978618  0.0214082  
0.980446  0.0195754  
0.979304  0.0207148  
0.979967  0.0200574  
0.980948  0.0191037  
0.980354  0.0196744  
0.980126  0.0198889  
0.978913  0.0210976  
0.978534  0.0215172  
0.979618  0.0204131  
0.98027  0.0197564  
0.980001  0.0200103  
0.979498  0.0205172  
0.979859  0.0201738  
0.980232  0.0197824  
0.978951  0.0210696  
0.978508  0.0215844  
0.978509  0.0215693  
