1  6.30423e-06  
9.93265e-06  1  
0.499961  0.500074  
0.749977  0.25005  
0.250003  0.750039  
0.125005  0.875006  
0.374936  0.625098  
0.624423  0.375634  
0.92157  0.0797874  
0.815204  0.186049  
0.0625082  0.937501  
0.187507  0.812515  
0.312435  0.687611  
0.437536  0.562533  
0.686828  0.313283  
0.562522  0.437509  
0.95701  0.0430232  
0.218754  0.781268  
0.0937657  0.906254  
0.156268  0.843764  
0.28122  0.718832  
0.0313113  0.968731  
0.468707  0.531338  
0.343606  0.656438  
0.40638  0.59365  
0.531461  0.468616  
0.593846  0.406228  
0.655898  0.345442  
0.712749  0.287313  
0.979436  0.0207644  
0.769838  0.23123  
0.733645  0.267592  
0.0156755  0.984369  
0.0781364  0.921872  
0.359308  0.640749  
0.140642  0.859378  
0.109381  0.890634  
0.0468919  0.953119  
0.234385  0.765658  
0.203126  0.79692  
0.171916  0.828137  
0.328008  0.672033  
0.265584  0.734467  
0.296866  0.703179  
0.421974  0.578103  
0.48417  0.515874  
0.452987  0.547076  
0.578164  0.422056  
0.390377  0.60969  
0.516059  0.484235  
0.547187  0.452866  
0.799925  0.201732  
0.669882  0.330268  
0.609712  0.390419  
0.967698  0.032388  
0.989719  0.0103677  
0.398474  0.601623  
0.0078414  0.992167  
0.164085  0.835933  
0.0234842  0.976534  
0.148449  0.851558  
0.13282  0.867187  
0.273403  0.726635  
0.117192  0.882819  
0.0859546  0.91406  
0.242191  0.757848  
0.101571  0.898444  
0.289058  0.710982  
0.070331  0.929701  
0.0547096  0.945315  
0.351401  0.648647  
0.0390869  0.960939  
0.195301  0.804726  
0.508274  0.491806  
0.179724  0.820336  
0.257793  0.742256  
0.210954  0.789139  
0.36717  0.632889  
0.320203  0.679874  
0.304708  0.695358  
0.226518  0.773541  
0.539156  0.460896  
0.445241  0.554818  
0.38265  0.617392  
0.335905  0.664157  
0.414105  0.585971  
0.476525  0.523535  
0.460603  0.539456  
0.491733  0.508301  
0.429522  0.570539  
0.601442  0.39874  
0.524054  0.476043  
0.586386  0.414793  
0.571257  0.428799  
0.616507  0.383548  
0.160171  0.839847  
0.0273997  0.972607  
0.214843  0.785198  
0.175815  0.824221  
0.035181  0.964827  
