0.999999  5.16036e-06  
6.57083e-06  1  
0.499989  0.500036  
0.250005  0.750017  
0.7537  0.247193  
0.627165  0.372906  
0.125011  0.875007  
0.375133  0.624955  
0.92193  0.0781881  
0.822434  0.177884  
0.564531  0.435523  
0.187514  0.812514  
0.0625308  0.937483  
0.312661  0.687396  
0.437664  0.562468  
0.688975  0.311245  
0.95879  0.0413187  
0.532537  0.467723  
0.720327  0.279892  
0.281335  0.718711  
0.595888  0.404187  
0.406399  0.593656  
0.21875  0.781263  
0.156255  0.843757  
0.0937667  0.906242  
0.0313068  0.96875  
0.343967  0.656261  
0.468941  0.531141  
0.658254  0.342363  
0.792892  0.208371  
0.980273  0.0197666  
0.938041  0.0620205  
0.516144  0.483955  
0.328317  0.671731  
0.0156584  0.984349  
0.297015  0.703054  
0.422027  0.578012  
0.171887  0.828129  
0.109391  0.890621  
0.0781476  0.921864  
0.0469126  0.95311  
0.20313  0.796897  
0.234385  0.765649  
0.265721  0.734324  
0.140642  0.859395  
0.390699  0.609352  
0.359584  0.640488  
0.453384  0.547029  
0.484159  0.51588  
0.611981  0.388615  
0.547386  0.452681  
0.579636  0.420808  
0.809494  0.191239  
0.781643  0.219095  
0.556114  0.444231  
0.587795  0.412381  
0.351696  0.648375  
0.507888  0.49218  
0.257868  0.742153  
0.429845  0.570184  
0.00783912  0.992181  
0.320471  0.679578  
0.14844  0.851582  
0.242191  0.75783  
0.117199  0.882809  
0.164075  0.835946  
0.179704  0.820319  
0.0547209  0.945293  
0.132835  0.867197  
0.289152  0.710907  
0.210942  0.789094  
0.070344  0.92968  
0.0859593  0.914064  
0.336169  0.66393  
0.195335  0.804708  
0.101593  0.898448  
0.226592  0.773468  
0.0235011  0.976558  
0.0391217  0.960906  
0.414201  0.585867  
0.398625  0.601484  
0.49194  0.508114  
0.367395  0.632644  
0.273494  0.726598  
0.304788  0.695331  
0.382732  0.617299  
0.523734  0.476347  
0.445828  0.554223  
0.801986  0.198648  
0.460445  0.539615  
0.604759  0.395296  
0.539452  0.460759  
0.57275  0.427509  
0.475895  0.524517  
0.815521  0.185377  
0.144525  0.855485  
0.222683  0.777346  
0.0976794  0.902334  
0.128927  0.871097  
0.183597  0.816412  
