1  2.02308e-06  
0.000339964  0.99967  
0.50001  0.500237  
0.250187  0.749993  
0.740044  0.260253  
0.375098  0.625106  
0.125223  0.874809  
0.621432  0.378947  
0.907267  0.0937005  
0.810038  0.190184  
0.18772  0.812347  
0.0627694  0.937238  
0.437358  0.562692  
0.312715  0.687439  
0.560823  0.439821  
0.681498  0.319298  
0.948641  0.0513881  
0.281337  0.718711  
0.156463  0.843557  
0.0940118  0.906044  
0.343785  0.656256  
0.218895  0.781169  
0.0316  0.968434  
0.468971  0.531132  
0.406488  0.59419  
0.531381  0.468712  
0.592242  0.408176  
0.652938  0.347308  
0.713978  0.286175  
0.972397  0.0276811  
0.791313  0.208762  
0.923238  0.076916  
0.390738  0.609332  
0.297035  0.703035  
0.140828  0.859183  
0.109596  0.89042  
0.0783849  0.921619  
0.0159796  0.984056  
0.698366  0.301731  
0.172061  0.827964  
0.421771  0.57839  
0.0471995  0.952828  
0.265782  0.734308  
0.234433  0.765633  
0.637414  0.362767  
0.203213  0.796837  
0.515347  0.484726  
0.328354  0.671722  
0.452899  0.547304  
0.359765  0.640314  
0.576948  0.423517  
0.48477  0.515322  
0.547447  0.452919  
0.985118  0.0148998  
0.668872  0.33162  
0.609323  0.391008  
0.938276  0.0634059  
0.800883  0.199224  
0.351771  0.648261  
0.257913  0.742129  
0.382875  0.617252  
0.569112  0.431061  
0.242253  0.757803  
0.211033  0.789008  
0.0237761  0.976233  
0.00816896  0.99185  
0.133013  0.867002  
0.0705794  0.929432  
0.179904  0.820158  
0.101794  0.898241  
0.0862014  0.913822  
0.117403  0.882623  
0.289154  0.710916  
0.30487  0.69525  
0.164237  0.835776  
0.0393743  0.960658  
0.320579  0.67948  
0.273566  0.726502  
0.148598  0.851432  
0.0550234  0.945051  
0.22665  0.77343  
0.195403  0.804633  
0.336105  0.663953  
0.584598  0.415458  
0.414135  0.586184  
0.367365  0.632682  
0.47716  0.523015  
0.507774  0.492325  
0.44492  0.555144  
0.398941  0.601099  
0.492282  0.507808  
0.429175  0.570946  
0.461675  0.538477  
0.630243  0.371249  
0.524377  0.477513  
0.662376  0.339152  
0.538556  0.462266  
0.5547  0.445645  
0.542645  0.45759  
0.121316  0.878712  
