0.969851  0.0302371  
0.000381441  0.999633  
0.485941  0.515544  
0.727079  0.27297  
0.244067  0.756567  
0.605888  0.394577  
0.121053  0.879059  
0.363204  0.637229  
0.182595  0.817649  
0.0605155  0.939613  
0.423832  0.577231  
0.545159  0.455955  
0.30257  0.697519  
0.687279  0.318683  
0.454624  0.545606  
0.0906986  0.90941  
0.514706  0.485398  
0.150998  0.849051  
0.332667  0.66752  
0.574401  0.426139  
0.394084  0.606581  
0.21188  0.788234  
0.0297112  0.970325  
0.272579  0.727857  
0.438719  0.561595  
0.590663  0.409361  
0.166277  0.833855  
0.0449847  0.955132  
0.287428  0.712717  
0.105713  0.89437  
0.135972  0.864168  
0.317786  0.682483  
0.0754252  0.92474  
0.52974  0.470539  
0.226685  0.773429  
0.499478  0.500967  
0.378593  0.622652  
0.348743  0.652233  
0.0146343  0.985491  
0.40973  0.591414  
0.196722  0.803565  
0.257233  0.742899  
0.561025  0.439926  
0.468399  0.532515  
0.477518  0.523243  
0.401522  0.59866  
0.0526453  0.947405  
0.385949  0.61494  
0.507048  0.49307  
0.113411  0.886694  
0.158615  0.841444  
0.234399  0.765835  
0.204147  0.795974  
0.58312  0.416973  
0.143463  0.8566  
0.173799  0.826323  
0.0828426  0.917219  
0.295056  0.705095  
0.0221025  0.977999  
0.279948  0.720331  
0.0372479  0.962847  
0.522263  0.477905  
0.598415  0.401672  
0.264732  0.735521  
0.325324  0.674946  
0.310074  0.69018  
0.067748  0.932301  
0.0984188  0.901652  
0.446267  0.554321  
0.219416  0.780686  
0.34059  0.660267  
0.128455  0.871853  
0.370877  0.630176  
0.554039  0.446075  
0.431817  0.568742  
0.00742593  0.992743  
0.538279  0.46191  
0.355441  0.645365  
0.417025  0.583558  
0.189099  0.811142  
0.250686  0.750098  
0.491225  0.509115  
0.569194  0.431148  
0.463518  0.53793  
0.238786  0.761468  
0.381857  0.618672  
0.192827  0.807249  
0.0867768  0.913372  
0.094619  0.905461  
0.0564477  0.943606  
0.208093  0.792033  
0.16251  0.837597  
0.048667  0.951389  
0.230406  0.769709  
0.109742  0.890465  
0.215651  0.784577  
0.154969  0.845136  
0.116924  0.883127  
0.0640419  0.936064  
0.253353  0.746919  
