0.999996  7.39363e-06  
4.92178e-06  1  
0.500006  0.500062  
0.250036  0.750127  
0.731953  0.26856  
0.12513  0.874971  
0.375475  0.624767  
0.615795  0.384347  
0.810648  0.18981  
0.921806  0.0786577  
0.31277  0.687386  
0.0626474  0.937489  
0.187507  0.812548  
0.438008  0.562069  
0.5581  0.442421  
0.672994  0.327071  
0.0313454  0.968689  
0.0939261  0.906147  
0.281613  0.718566  
0.218883  0.781302  
0.156365  0.843739  
0.344365  0.656201  
0.406996  0.593096  
0.468902  0.531166  
0.951488  0.0487425  
0.529449  0.470648  
0.586212  0.413864  
0.78421  0.219942  
0.642168  0.358424  
0.697935  0.302936  
0.971716  0.0298869  
0.328617  0.67156  
0.0469847  0.953026  
0.0156888  0.984343  
0.0782733  0.921837  
0.140742  0.859274  
0.266002  0.734195  
0.109618  0.890462  
0.203459  0.796599  
0.297042  0.703146  
0.171731  0.828343  
0.234658  0.765576  
0.453549  0.546705  
0.422674  0.577469  
0.360202  0.639862  
0.391744  0.608345  
0.484971  0.515251  
0.657801  0.343558  
0.514594  0.485564  
0.572013  0.428066  
0.543548  0.456583  
0.800047  0.201244  
0.931141  0.0689353  
0.383743  0.616288  
0.195477  0.804602  
0.258125  0.742037  
0.00785085  0.992159  
0.0391593  0.960852  
0.0235215  0.976511  
0.0548195  0.945215  
0.10181  0.89823  
0.070466  0.929591  
0.148553  0.851475  
0.0861359  0.914009  
0.117344  0.882672  
0.352433  0.647949  
0.414951  0.585191  
0.226952  0.773236  
0.133087  0.867172  
0.179854  0.82021  
0.211232  0.78888  
0.399344  0.600704  
0.273981  0.726085  
0.321055  0.679191  
0.476494  0.523658  
0.336857  0.663183  
0.305302  0.694749  
0.368009  0.632075  
0.43055  0.5695  
0.446111  0.553941  
0.289609  0.710465  
0.242622  0.757701  
0.164358  0.835767  
0.461793  0.538264  
0.579127  0.420922  
0.992934  0.00712713  
0.507579  0.492496  
0.492995  0.507301  
0.522649  0.477497  
0.53676  0.463289  
0.945219  0.0557648  
0.22295  0.777164  
0.253993  0.746154  
0.191546  0.808531  
0.0587182  0.941286  
0.0665375  0.933497  
0.0352371  0.964766  
0.0978875  0.902118  
0.0822145  0.917821  
0.0430613  0.956941  
