1  5.77009e-06  
2.06126e-07  1  
0.500145  0.49988  
0.250091  0.749943  
0.743025  0.257234  
0.375109  0.624907  
0.125072  0.874954  
0.622685  0.377427  
0.920819  0.0804992  
0.814772  0.186922  
0.0625454  0.937471  
0.187589  0.812433  
0.312484  0.687572  
0.437906  0.562148  
0.561283  0.438739  
0.682338  0.317762  
0.957537  0.0425648  
0.40652  0.59352  
0.34376  0.656305  
0.156321  0.843692  
0.0938086  0.906214  
0.0312906  0.968743  
0.218842  0.781205  
0.2813  0.718751  
0.468936  0.531106  
0.530732  0.469317  
0.785196  0.21754  
0.593183  0.4086  
0.651958  0.34815  
0.980281  0.0201193  
0.359416  0.640616  
0.328108  0.67193  
0.0781742  0.921829  
0.109438  0.890579  
0.01566  0.984368  
0.171959  0.828062  
0.046921  0.95311  
0.140682  0.85933  
0.20322  0.796812  
0.296885  0.703146  
0.234496  0.765551  
0.265722  0.734351  
0.484585  0.515478  
0.391033  0.609017  
0.453454  0.546645  
0.421775  0.578269  
0.515236  0.484903  
0.546313  0.453999  
0.575694  0.424465  
0.800519  0.200929  
0.988829  0.0112552  
0.948995  0.0514853  
0.383089  0.616969  
0.36726  0.632778  
0.351566  0.648471  
0.335933  0.6641  
0.00783213  0.992174  
0.101616  0.89839  
0.257901  0.742115  
0.164145  0.835875  
0.0234729  0.976553  
0.148503  0.851516  
0.132871  0.867143  
0.0859906  0.914019  
0.117265  0.88276  
0.0703682  0.929653  
0.226692  0.773383  
0.179787  0.820253  
0.289086  0.71095  
0.242294  0.757744  
0.195426  0.804638  
0.0547532  0.945284  
0.0391316  0.960947  
0.320274  0.679784  
0.21106  0.789022  
0.304682  0.695369  
0.476816  0.523233  
0.273483  0.726591  
0.461141  0.538898  
0.42979  0.570536  
0.445634  0.554448  
0.492569  0.507485  
0.398755  0.601472  
0.414067  0.586032  
0.522668  0.477677  
0.508276  0.491951  
0.806124  0.194031  
0.539416  0.460705  
0.975836  0.0242666  
0.332006  0.668005  
0.207145  0.792894  
0.191511  0.808519  
0.0508402  0.949178  
0.0352213  0.964793  
0.0273813  0.972634  
0.0195637  0.980453  
0.175878  0.82414  
0.105535  0.894484  
0.12117  0.878849  
0.128967  0.871057  
