0.991816  0.00821266  
0.000852139  1.00158  
0.498587  0.501667  
0.248322  0.752404  
0.77217  0.227879  
0.636886  0.364011  
0.373153  0.627744  
0.124014  0.876589  
0.90822  0.0918626  
0.567601  0.433363  
0.0612879  0.939131  
0.436184  0.564149  
0.310743  0.690351  
0.186351  0.814223  
0.693159  0.308301  
0.948197  0.0525028  
0.602385  0.398199  
0.533856  0.469157  
0.0302568  0.970197  
0.467666  0.53313  
0.0932112  0.907498  
0.280165  0.720795  
0.217811  0.783057  
0.155985  0.844739  
0.34347  0.657642  
0.406711  0.595712  
0.664733  0.33541  
0.51688  0.484087  
0.619927  0.381033  
0.390034  0.610753  
0.326951  0.673397  
0.586275  0.416401  
0.0773847  0.923309  
0.789023  0.212086  
0.140099  0.860849  
0.264472  0.73628  
0.0458314  0.95463  
0.202621  0.797961  
0.171198  0.829558  
0.358099  0.642258  
0.295502  0.705862  
0.10913  0.892308  
0.421635  0.579218  
0.233945  0.766738  
0.454012  0.546417  
0.0166252  0.983799  
0.65122  0.349115  
0.554582  0.4458  
0.480099  0.520409  
0.676875  0.323316  
0.542205  0.460417  
0.508153  0.492897  
0.318509  0.681877  
0.00768578  0.993178  
0.413133  0.587419  
0.381201  0.619534  
0.780568  0.219687  
0.61185  0.388503  
0.594323  0.405901  
0.131889  0.868582  
0.101148  0.899521  
0.25655  0.744283  
0.398851  0.602551  
0.575898  0.425526  
0.524152  0.476269  
0.0847984  0.915602  
0.115635  0.884693  
0.489802  0.512862  
0.4465  0.555022  
0.334676  0.6659  
0.0377898  0.962729  
0.0689116  0.9317  
0.272736  0.728142  
0.226531  0.775354  
0.193535  0.806903  
0.302209  0.69867  
0.288326  0.713309  
0.350947  0.650145  
0.178063  0.822465  
0.241218  0.75974  
0.366146  0.635282  
0.644259  0.35589  
0.62994  0.371154  
0.162389  0.837828  
0.954795  0.0456245  
0.210984  0.790087  
0.0549451  0.946377  
0.473632  0.526796  
0.145884  0.854678  
0.43002  0.572143  
0.461078  0.540566  
0.659343  0.340838  
0.670177  0.330092  
0.682325  0.318321  
0.562997  0.440115  
0.0503963  0.949894  
0.151459  0.849335  
0.0260293  0.97569  
0.127999  0.872289  
0.305791  0.694805  
