1  1.28305e-06  
4.61171e-07  1  
0.500021  0.499995  
0.250014  0.749992  
0.797805  0.203386  
0.637978  0.362109  
0.125007  0.874995  
0.375008  0.625037  
0.921186  0.0814457  
0.56958  0.430536  
0.0625045  0.937497  
0.187502  0.81251  
0.312515  0.687515  
0.437613  0.562494  
0.534834  0.465258  
0.604523  0.395813  
0.406338  0.593719  
0.0937561  0.906246  
0.0312527  0.968749  
0.156263  0.843751  
0.218777  0.781273  
0.468802  0.531227  
0.281244  0.718796  
0.343655  0.656384  
0.819941  0.180198  
0.586785  0.413373  
0.621303  0.37929  
0.516664  0.483544  
0.553244  0.447183  
0.359316  0.640711  
0.390642  0.609398  
0.20314  0.796874  
0.29688  0.703164  
0.421988  0.57807  
0.109384  0.890623  
0.0781338  0.92187  
0.0468897  0.953133  
0.140649  0.859373  
0.234402  0.765657  
0.171891  0.828129  
0.0156477  0.984387  
0.484435  0.515596  
0.265624  0.734415  
0.328081  0.671941  
0.452956  0.547083  
0.525707  0.474715  
0.629101  0.370953  
0.6126  0.387562  
0.561193  0.439099  
0.508599  0.49176  
0.543359  0.457308  
0.808867  0.195444  
0.398505  0.601565  
0.382819  0.617203  
0.242194  0.757836  
0.0390729  0.960932  
0.0234376  0.976575  
0.132838  0.867183  
0.414152  0.585908  
0.164081  0.835941  
0.304684  0.695356  
0.117199  0.882817  
0.101579  0.898433  
0.179693  0.820323  
0.210973  0.789054  
0.148459  0.851559  
0.289064  0.710993  
0.070331  0.929682  
0.0859491  0.914067  
0.2266  0.773448  
0.00784584  0.992197  
0.0547046  0.94533  
0.195353  0.804677  
0.257836  0.742206  
0.320296  0.67973  
0.27346  0.726599  
0.335879  0.664161  
0.351564  0.64849  
0.492191  0.50785  
0.367089  0.632966  
0.429877  0.570161  
0.5968  0.403397  
0.476534  0.523525  
0.460668  0.539414  
0.445157  0.554932  
0.579833  0.420427  
0.269535  0.730488  
0.191432  0.808589  
0.0507873  0.949214  
0.128923  0.871082  
0.0664191  0.933584  
0.00393568  0.996087  
0.0351623  0.964839  
0.121096  0.878907  
0.0976705  0.902334  
0.113293  0.886714  
0.222696  0.77736  
0.152362  0.847651  
0.0742342  0.925781  
0.082032  0.917972  
