0.999996  6.5007e-06  
0.000459141  0.999602  
0.499803  0.500239  
0.250169  0.749881  
0.797445  0.203239  
0.652557  0.355672  
0.125298  0.874711  
0.374994  0.625036  
0.921263  0.078809  
0.57497  0.425634  
0.187754  0.812288  
0.0628859  0.937129  
0.312511  0.687564  
0.437199  0.562822  
0.611855  0.389433  
0.53595  0.464232  
0.468466  0.531576  
0.0316703  0.968354  
0.15654  0.843496  
0.218964  0.781075  
0.0941061  0.905937  
0.343674  0.65639  
0.281391  0.718658  
0.406039  0.594008  
0.824376  0.176613  
0.631829  0.371028  
0.517959  0.482458  
0.553991  0.446627  
0.484121  0.51594  
0.0160369  0.983985  
0.0472722  0.952741  
0.265778  0.734265  
0.452835  0.547209  
0.140936  0.859098  
0.0784811  0.921532  
0.17216  0.827874  
0.109704  0.890333  
0.234578  0.765473  
0.421606  0.578433  
0.203415  0.796642  
0.296913  0.703176  
0.390574  0.609613  
0.327872  0.672185  
0.358991  0.641057  
0.58889  0.411741  
0.809786  0.19034  
0.598715  0.40147  
0.565033  0.435414  
0.620117  0.380081  
0.638737  0.361952  
0.508721  0.491325  
0.526152  0.473997  
0.367072  0.632971  
0.195602  0.804442  
0.257967  0.742076  
0.164354  0.835677  
0.0394705  0.960551  
0.335712  0.664384  
0.133137  0.866884  
0.148742  0.851266  
0.05509  0.944925  
0.476306  0.52378  
0.226784  0.773276  
0.0863208  0.913747  
0.117514  0.8825  
0.179973  0.820086  
0.101928  0.898102  
0.0707093  0.929349  
0.398189  0.601852  
0.0239099  0.976197  
0.289157  0.710898  
0.211208  0.788883  
0.445085  0.554965  
0.304668  0.695427  
0.242434  0.757666  
0.273544  0.726548  
0.382763  0.617319  
0.00834775  0.99172  
0.413663  0.586393  
0.320267  0.679851  
0.351414  0.648669  
0.492238  0.507881  
0.429094  0.570951  
0.460339  0.539751  
0.543271  0.456911  
0.803758  0.196895  
0.582941  0.417163  
0.645776  0.356214  
0.815362  0.184744  
0.926886  0.0732447  
0.531089  0.469152  
0.560386  0.439744  
0.51321  0.486865  
0.569041  0.431216  
0.191669  0.808343  
0.176055  0.823953  
0.183843  0.816177  
0.0511829  0.948826  
0.0823892  0.917627  
0.0980224  0.901994  
