0.961349  0.0386669  
0.578305  0.42564  
0.707439  0.292722  
0.837011  0.163099  
0.641224  0.359401  
0.674247  0.326169  
0.607662  0.392647  
0.866415  0.133655  
0.944002  0.05876  
0.657346  0.342728  
0.591162  0.409243  
0.691325  0.309169  
0.623872  0.376545  
0.851472  0.148668  
0.951345  0.0487852  
0.632987  0.367462  
0.615688  0.384446  
0.666088  0.334066  
0.683261  0.317041  
0.699038  0.301163  
0.599738  0.400317  
0.648904  0.351589  
0.58385  0.417144  
0.85917  0.140888  
0.62831  0.371834  
0.846816  0.153294  
0.955945  0.0441914  
0.678304  0.321721  
0.579412  0.42126  
0.636884  0.363175  
0.703338  0.296855  
0.670249  0.329808  
0.686998  0.31305  
0.587228  0.413207  
0.645129  0.355123  
0.611384  0.388991  
0.595106  0.405632  
0.862745  0.13732  
0.653796  0.346646  
0.62043  0.379664  
0.66117  0.339328  
0.603228  0.39698  
0.694199  0.305853  
0.856037  0.14406  
0.958915  0.0412619  
0.596779  0.403334  
0.681099  0.319164  
0.651724  0.349027  
0.676258  0.323889  
0.70106  0.299129  
0.664161  0.335909  
0.634522  0.36554  
0.849638  0.150731  
0.625871  0.37472  
0.613076  0.387192  
0.643364  0.35682  
0.685239  0.314817  
0.605024  0.395257  
0.689649  0.310832  
0.659504  0.340897  
0.854372  0.145846  
0.705783  0.294484  
0.631333  0.36879  
0.609054  0.391007  
0.639648  0.36048  
0.697466  0.302813  
0.617649  0.382913  
0.655198  0.345119  
0.650031  0.350066  
0.593587  0.406651  
0.585714  0.415159  
0.646963  0.353674  
0.621804  0.378233  
0.9575  0.0425988  
0.662763  0.337653  
0.695914  0.304459  
0.692294  0.307781  
0.671621  0.328474  
0.861429  0.13867  
0.668945  0.331138  
0.619175  0.381053  
0.865172  0.135544  
0.679872  0.320203  
0.852826  0.147487  
0.606444  0.394081  
0.629747  0.370685  
0.601152  0.399204  
0.675059  0.325058  
0.627199  0.373196  
0.642254  0.358265  
0.591933  0.408187  
0.656179  0.344063  
0.65848  0.341567  
0.63865  0.361758  
0.86372  0.136337  
0.665163  0.334921  
0.667645  0.333193  
0.660178  0.3401  
0.651731  0.348452  
0.607203  0.39304  
