1  6.71311e-06  3.48418e-06  
0.707107  0.00117936  0.707107  
1.15326e-06  9.13726e-06  1  
0.545333  0.00246146  0.838228  
0.838228  0.000149169  0.545326  
0.442248  0.000293309  0.896895  
0.896908  0.00636695  0.44223  
0.370915  0.00103934  0.928667  
0.928678  0.000457883  0.370894  
0.769628  0.000916504  0.638498  
0.638519  0.000311439  0.769611  
0.947867  6.78812e-05  0.318672  
0.319008  9.17647e-05  0.947766  
0.278945  0.000422514  0.960311  
0.960311  0.00113559  0.278954  
0.799839  2.089e-05  0.600217  
0.599937  2.10744e-05  0.800053  
0.860923  1.80086e-05  0.508845  
0.508888  0.00114359  0.860841  
0.737627  6.09785e-05  0.675213  
0.675122  4.1615e-05  0.737715  
0.24776  0.00122693  0.968823  
0.968905  0.000790426  0.247465  
0.222559  0.0016568  0.974951  
0.975114  0.00276595  0.22175  
0.874504  0.000174557  0.485269  
0.485965  0.00341418  0.874  
0.577758  2.67962e-05  0.816226  
0.815983  0.00515224  0.578082  
0.90689  6.12578e-05  0.421402  
0.42048  9.10655e-05  0.907668  
0.201496  0.01519  0.979495  
0.979654  0.0032625  0.200808  
0.188475  0.000429813  0.982647  
0.982993  0.000638167  0.183651  
0.658203  5.27953e-05  0.752844  
0.752909  0.000114122  0.658138  
0.783175  0.00024548  0.621805  
0.621438  0.00105599  0.783468  
0.691566  4.77424e-05  0.722319  
0.722133  2.42196e-05  0.691767  
0.883055  1.88252e-05  0.469379  
0.471411  3.32614e-05  0.881946  
0.913856  0.000535825  0.406109  
0.405087  0.00235055  0.914285  
0.170766  0.00193231  0.985675  
0.986018  0.000260609  0.167072  
0.531697  0.000129609  0.846939  
0.934076  1.65548e-05  0.357086  
0.357192  9.54678e-05  0.934047  
0.847265  0.00348514  0.531251  
0.825144  0.00477255  0.564965  
0.56485  0.000561369  0.825205  
0.154904  0.00150671  0.987938  
0.988568  0.000112824  0.151098  
0.143905  0.00111832  0.989599  
0.888865  2.43283e-05  0.458737  
0.918474  4.15664e-05  0.395518  
0.937819  0.000135184  0.347163  
0.990106  0.000867306  0.140349  
0.395519  3.48699e-05  0.918464  
0.461532  0.00274788  0.887131  
0.309448  7.7895e-05  0.950918  
0.79037  0.00279307  0.612637  
0.590771  2.49567e-05  0.806844  
0.806646  0.00207843  0.591051  
0.951217  1.49731e-05  0.308549  
0.612249  6.69418e-05  0.790902  
0.348113  4.26065e-05  0.937615  
0.649138  9.87418e-05  0.76068  
0.76093  9.24464e-05  0.648838  
0.500407  4.58126e-05  0.865811  
0.852511  4.88319e-05  0.5228  
0.991617  0.000111271  0.129648  
0.866159  0.00106379  0.4998  
0.830059  0.000130571  0.558061  
0.5225  0.000116139  0.852756  
0.135835  7.43855e-05  0.990732  
0.126799  0.00178726  0.991929  
0.556855  0.000110058  0.830623  
0.667191  2.12926e-05  0.744906  
0.744956  0.00244664  0.667291  
0.729555  0.0101225  0.683936  
0.729551  0.00185402  0.68403  
0.699485  6.8005e-05  0.714656  
0.683962  0.00214291  0.729524  
0.714536  1.68882e-05  0.699621  
0.340615  0.0044915  0.940228  
0.899471  1.63553e-05  0.437469  
0.775701  3.04526e-05  0.63114  
0.992593  0.000451155  0.121888  
0.940497  0.00193923  0.339829  
0.388304  8.09906e-05  0.921543  
0.630848  0.000233073  0.77636  
0.435275  9.28624e-05  0.900393  
0.117745  0.000110237  0.993045  
0.953495  3.94086e-05  0.301413  
0.30153  0.00343111  0.95346  
0.811408  3.40243e-05  0.584583  
0.45532  5.85481e-05  0.890368  
