1  1.21299e-06  3.08918e-07  
3.39271e-06  1  6.71619e-07  
1.38726e-07  9.7622e-07  1  
0.579744  0.572141  0.580179  
0.684878  0.255666  0.68391  
0.279267  0.699343  0.66299  
0.7071  0.707127  0.000128287  
0.0114769  0.733382  0.682264  
0.743801  5.26974e-07  0.668446  
0.783691  0.49164  0.379985  
0.471557  0.78735  0.397233  
0.817855  0.308159  0.486192  
0.567094  0.00204497  0.823689  
0.823315  0.531387  0.200045  
0.304696  0.834887  0.459765  
0.545313  0.838256  3.34354e-05  
0.838311  0.545208  0.000340481  
0.430883  0.549647  0.730615  
0.853185  0.00277951  0.521623  
0.865017  0.359182  0.351377  
0.366037  0.872386  0.324178  
0.662382  0.592576  0.458771  
0.881728  0.411905  0.230731  
0.563342  0.435935  0.703598  
0.198463  0.88544  0.420588  
0.456636  0.00183559  0.88969  
0.676642  0.461158  0.574198  
0.480941  0.682624  0.550739  
0.896988  0.442079  0.00104281  
0.442014  0.897025  0.00173871  
0.126857  0.812774  0.575459  
0.609832  0.723372  0.32392  
0.904725  0.000626348  0.426029  
0.104448  0.905676  0.412622  
0.273675  0.908022  0.318623  
0.909839  0.279483  0.307267  
0.695672  0.618241  0.367006  
0.0112679  0.912105  0.414513  
0.577928  0.348871  0.74093  
0.9183  0.360439  0.16482  
0.392793  0.733439  0.556283  
0.918537  0.194859  0.345332  
0.499615  0.598238  0.642407  
0.77316  0.238845  0.58801  
0.703471  0.512478  0.495752  
0.665838  8.1932e-05  0.746198  
0.197645  0.924655  0.325723  
0.381379  0.000157756  0.924468  
0.602407  0.496767  0.6269  
0.589874  0.642321  0.489542  
0.694687  0.379913  0.611569  
0.370854  0.928735  9.53923e-05  
0.928888  0.370409  0.000637958  
0.747174  0.410867  0.522837  
0.536142  0.717373  0.445145  
0.638562  0.769601  0.00384927  
0.769471  0.638721  0.000409343  
0.324804  0.744791  0.591145  
0.755904  0.572476  0.318309  
0.933403  0.00109407  0.358868  
0.130701  0.933997  0.3406  
0.934385  0.29449  0.225417  
0.488538  0.807051  0.331881  
0.799034  0.426533  0.424345  
0.937479  0.227955  0.27143  
0.633742  0.66094  0.403158  
0.793579  0.0141278  0.608797  
0.430826  0.650735  0.627177  
0.0731712  0.941877  0.328538  
0.942306  0.309432  0.137167  
0.00806671  0.943118  0.332997  
0.414851  0.815324  0.40654  
0.82524  0.472112  0.310487  
0.523982  0.542372  0.657423  
0.716639  0.324471  0.617947  
0.849228  0.306324  0.430465  
0.326679  0.00508183  0.94514  
0.626041  0.441322  0.643699  
0.556167  0.753198  0.355844  
0.691651  0.203169  0.693649  
0.318816  0.947844  2.48187e-06  
0.717608  0.537264  0.443784  
0.94818  0.317776  0.00635116  
0.948186  0.24689  0.204839  
0.66727  0.670723  0.324301  
0.803246  0.2571  0.537837  
0.951091  0.00525584  0.31016  
0.805308  0.200146  0.559666  
0.752031  0.456113  0.47605  
0.439939  0.824955  0.359902  
0.625379  0.522046  0.580903  
0.852229  0.48481  0.197303  
0.821188  0.426899  0.379827  
0.590685  0.673364  0.444994  
0.957754  0.271454  0.0983872  
0.285522  7.84856e-06  0.958423  
0.624578  0.00251903  0.781255  
0.374756  0.832039  0.409397  
0.278741  0.960379  1.1013e-05  
0.526691  0.000159561  0.850289  
