1  1.58695e-07  2.83069e-06  
9.02598e-07  1  7.16191e-07  
5.91138e-07  1.42664e-06  1  
0.578298  0.575248  0.578571  
0.260261  0.682982  0.682753  
0.683181  0.68236  0.260272  
0.683217  0.257824  0.683213  
3.04597e-06  0.73894  0.673907  
0.71678  0.71419  3.80516e-06  
0.672774  1.64676e-07  0.739855  
0.470065  0.788507  0.396706  
0.790825  0.460269  0.403518  
0.395537  0.475084  0.786494  
0.818913  0.277998  0.503076  
0.825073  0.000975364  0.565101  
0.550976  0.83455  0.00772273  
0.842164  0.539321  0.000196958  
0.524001  0.000182053  0.851765  
0.321927  0.851932  0.413393  
0.0271599  0.523156  0.856948  
0.869195  0.408386  0.283828  
0.0355622  0.841451  0.550705  
0.879969  0.288026  0.381599  
0.205512  0.883839  0.420623  
0.571042  0.676275  0.465581  
0.57261  0.464182  0.676363  
0.890502  0.00392926  0.455291  
0.6843  0.553624  0.474638  
0.446973  0.896243  0.0005301  
0.898987  0.438114  0.000506933  
0.470314  0.685015  0.564203  
0.718526  0.389117  0.577798  
0.169353  0.640871  0.754359  
0.0122618  0.903309  0.429149  
0.428081  0.00113178  0.903753  
0.745153  0.586499  0.319059  
0.28832  0.904733  0.322755  
0.478776  0.590346  0.653442  
0.0135799  0.425453  0.906781  
0.580623  0.302415  0.759678  
0.592988  0.744223  0.310147  
0.361751  0.748297  0.584942  
0.910622  0.191419  0.367046  
0.912814  0.343532  0.22273  
0.921852  0.262791  0.289461  
0.748272  0.000283405  0.663507  
0.14841  0.923936  0.353249  
0.924843  0.000569592  0.380465  
0.374422  0.927275  0.000528086  
0.613555  0.604842  0.507822  
0.502601  0.493577  0.716308  
0.930022  0.36805  0.00366169  
0.643562  0.765599  0.00177353  
0.33275  0.571772  0.759231  
0.231687  0.770178  0.606665  
0.360078  0.00615319  0.933343  
0.775573  0.631494  4.97776e-05  
0.673747  0.615587  0.408996  
0.00410829  0.933546  0.360218  
0.708939  0.487216  0.51194  
0.935412  0.277219  0.221625  
0.760531  0.249482  0.599652  
0.803954  0.488534  0.339219  
0.655107  0.43065  0.622041  
0.936619  0.171459  0.305851  
0.413584  0.841191  0.351121  
0.391563  0.685897  0.61964  
0.621831  0.359134  0.698019  
0.611945  0.0133184  0.790987  
0.582125  0.774353  0.249557  
0.746066  0.420048  0.518249  
0.617051  0.682571  0.391766  
0.518866  0.626174  0.593083  
0.782184  0.569813  0.264085  
0.943725  0.219632  0.2488  
0.175453  0.785918  0.615812  
0.551262  0.251178  0.797868  
0.836646  0.216581  0.508256  
0.946192  0.00209537  0.323653  
0.705863  0.325719  0.629458  
0.737071  0.515293  0.437409  
0.321326  0.947006  0.00161407  
0.787543  0.408698  0.462622  
0.948904  0.315633  6.63905e-05  
0.767818  0.356313  0.536499  
0.695963  0.204263  0.688802  
0.420192  0.791183  0.448753  
0.81889  0.495761  0.289409  
0.547168  0.725862  0.417121  
0.517835  0.541164  0.667105  
0.533033  0.775907  0.33819  
0.726735  0.631245  0.272314  
0.309  0.00048782  0.951198  
0.773731  0.201144  0.612156  
0.635074  0.696134  0.340782  
0.952592  0.17073  0.255614  
0.424828  0.638692  0.649981  
0.823435  0.420451  0.381289  
0.423648  0.738816  0.540549  
0.955041  0.220496  0.199931  
