1  7.77499e-06  9.14187e-06  
0.707107  0.000737362  0.707107  
5.41332e-07  2.54833e-06  1  
0.838228  3.87006e-05  0.545329  
0.545349  7.55563e-05  0.838221  
0.44225  4.56678e-05  0.896893  
0.896905  0.0170854  0.442234  
0.928372  0.00116541  0.371693  
0.371001  0.0130162  0.928664  
0.769643  0.00136151  0.638506  
0.638395  0.00579189  0.76971  
0.947658  0.00304238  0.319338  
0.321372  0.000755867  0.948862  
0.960107  0.00197871  0.279685  
0.275782  0.00461209  0.961252  
0.862201  5.18059e-05  0.506568  
0.600393  0.000155254  0.799885  
0.799895  0.00227717  0.600141  
0.509008  3.25809e-05  0.860768  
0.737716  8.48201e-06  0.675117  
0.675315  7.03837e-06  0.737671  
0.968665  0.000852437  0.248389  
0.242059  0.000973114  0.970262  
0.877275  1.17558e-05  0.480002  
0.974797  0.00010871  0.22317  
0.216749  0.00634716  0.976259  
0.41706  3.25731e-05  0.908897  
0.904709  7.07377e-05  0.426058  
0.485999  0.0198741  0.873999  
0.816019  8.11157e-05  0.578051  
0.578495  0.00111706  0.81569  
0.48387  4.35411e-05  0.875177  
0.980534  0.00324596  0.196531  
0.196784  0.000212886  0.980561  
0.886985  1.31104e-05  0.461996  
0.752757  0.000335154  0.658301  
0.658546  0.00203962  0.752605  
0.783159  1.08326e-05  0.621822  
0.621431  0.0054561  0.783473  
0.39778  0.000233485  0.918621  
0.179647  0.000374435  0.98386  
0.912325  0.000897386  0.409611  
0.722223  2.14594e-05  0.691664  
0.359066  0.000171094  0.933463  
0.691711  0.000250226  0.722187  
0.984616  0.000458438  0.175071  
0.847639  0.00813721  0.530607  
0.531573  9.24542e-05  0.847016  
0.469207  0.0412447  0.883267  
0.470554  9.27933e-05  0.882391  
0.166361  0.000290675  0.986069  
0.564996  0.0110396  0.825095  
0.825174  0.00104536  0.564888  
0.935045  1.78873e-05  0.354631  
0.98739  0.000655928  0.161837  
0.153588  0.0208553  0.988161  
0.151939  0.000213273  0.988391  
0.988697  0.000280678  0.150379  
0.917438  5.37501e-05  0.397901  
0.564342  0.000312946  0.825546  
0.893963  8.30367e-05  0.448142  
0.851521  0.000204342  0.524328  
0.308375  0.000670273  0.952446  
0.648587  0.00143149  0.761186  
0.867772  0.00218186  0.496968  
0.79079  8.8428e-06  0.612091  
0.806589  3.93215e-05  0.591116  
0.990808  0.00193741  0.135289  
0.591206  0.000482383  0.806616  
0.612038  0.000243076  0.790831  
0.760698  3.91752e-05  0.649121  
0.341633  0.00203929  0.939841  
0.133654  0.000259045  0.991038  
0.950541  2.10114e-05  0.310984  
0.380759  0.0012167  0.924899  
0.461993  0.00418829  0.887691  
0.498871  0.000362628  0.866686  
0.522934  0.00128961  0.852398  
0.991865  0.000394451  0.127302  
0.632747  1.64713e-05  0.774393  
0.729801  0.000590903  0.683704  
0.68385  0.000236871  0.729724  
0.744806  0.00131196  0.667286  
0.830391  0.000199535  0.557185  
0.43416  0.00162304  0.901191  
0.666982  0.000114579  0.74515  
0.123657  0.000659303  0.992343  
0.920946  0.00024897  0.390235  
0.699687  2.96967e-05  0.71453  
0.775614  0.0002081  0.631215  
0.952992  2.74123e-05  0.303051  
0.940951  1.13315e-05  0.33901  
0.556515  0.0228867  0.830943  
0.556436  0.00101227  0.830948  
0.715078  4.10879e-05  0.699109  
0.298395  0.00289008  0.954475  
0.993034  0.000457994  0.117997  
0.11662  0.000120615  0.993185  
0.26787  0.000702161  0.963457  
0.234395  0.000697311  0.972737  
