1  3.57417e-06  6.67694e-06  
4.6666e-07  1  8.65166e-07  
2.78385e-07  8.02281e-07  1  
0.577465  0.577198  0.577465  
0.682812  0.682851  0.259858  
0.682346  0.260345  0.683162  
0.272927  0.695223  0.674137  
0.738999  1.87142e-06  0.673853  
0.672796  0.739917  2.80681e-06  
0.0609447  0.784854  0.621375  
0.387658  0.483457  0.787671  
0.463104  0.790187  0.40162  
0.792867  0.436689  0.425168  
0.824996  0.565169  0.00384767  
0.564272  0.000218856  0.825639  
0.828019  0.254053  0.502186  
0.30342  0.840117  0.450077  
0.85141  0.00252149  0.524535  
0.524236  0.851611  0.00376043  
0.859826  0.424876  0.283519  
0.170779  0.866063  0.471974  
0.395365  0.871397  0.290882  
0.875597  0.300123  0.378629  
0.679653  0.568289  0.464303  
0.058941  0.887703  0.459211  
0.463421  0.58459  0.675697  
0.567861  0.679667  0.464647  
0.890209  0.455686  2.42543e-05  
0.454888  0.0414571  0.890554  
0.685533  0.459279  0.572094  
0.286356  0.894374  0.345857  
0.572717  0.412504  0.709649  
0.464104  0.686542  0.563291  
0.903676  5.24721e-05  0.428238  
0.730949  0.363254  0.577816  
0.728452  0.586603  0.354064  
0.428526  0.903572  0.000152398  
0.579118  0.756244  0.305256  
0.907668  0.360846  0.216007  
0.189167  0.911075  0.370081  
0.913691  0.220699  0.341718  
0.59602  0.498267  0.631906  
0.748396  0.663377  0.00204218  
0.716499  0.491674  0.495076  
0.92187  0.284651  0.263822  
0.662046  0.000732135  0.749529  
0.752533  0.284593  0.594104  
0.0351443  0.924639  0.386801  
0.379671  0.00106057  0.925126  
0.92529  0.379317  0.0116572  
0.389724  0.726945  0.56565  
0.241225  0.927527  0.286963  
0.788175  0.504242  0.353294  
0.754471  0.593378  0.282121  
0.609742  0.609032  0.507563  
0.498131  0.720116  0.484672  
0.613404  0.687334  0.395876  
0.396791  0.77194  0.497218  
0.360871  0.932626  0.00638499  
0.932651  0.00164594  0.360796  
0.510232  0.61957  0.600724  
2.41334e-05  0.802812  0.596946  
0.93514  0.306767  0.178484  
0.207917  0.720061  0.670358  
0.514249  0.788568  0.338073  
0.936924  0.220652  0.272405  
0.790591  0.000205497  0.612414  
0.611938  0.790936  9.14188e-05  
0.181134  0.939872  0.296157  
0.813592  0.376375  0.443921  
0.670977  0.400772  0.624072  
0.940222  0.160458  0.301224  
0.94029  0.319012  0.120319  
0.332815  0.76327  0.554799  
0.944431  0.250634  0.216718  
0.657756  0.631789  0.413047  
0.153048  0.730679  0.669766  
0.324712  0.00323407  0.945877  
0.945571  0.325406  0.00898072  
0.805857  0.511655  0.298895  
0.733774  0.524879  0.432257  
0.529064  0.733207  0.42754  
0.760878  0.381172  0.525569  
0.411232  0.819228  0.400513  
0.127843  0.948596  0.290449  
0.809521  0.45304  0.374558  
0.311612  0.950354  0.000346184  
0.950387  0.00232756  0.311087  
0.703385  0.320632  0.63452  
0.951346  0.176763  0.252632  
0.485442  0.823147  0.29513  
0.353148  0.846311  0.398963  
0.855791  0.254254  0.450677  
0.348931  0.791492  0.504596  
0.952903  0.267078  0.145886  
0.517791  0.000156515  0.856518  
0.0815575  0.953374  0.313436  
0.638751  0.547845  0.540332  
0.955368  0.279898  0.095248  
0.955985  0.130988  0.264384  
