1  5.19289e-06  3.56327e-06  
5.70587e-08  1  1.66616e-07  
6.89698e-07  4.17064e-07  1  
0.658511  0.373886  0.659185  
0.674942  0.67508  0.307724  
0.198273  0.69293  0.693654  
0.70707  0.00105425  0.707161  
0.708906  0.705434  2.5735e-05  
0.430916  0.466538  0.773533  
4.38186e-05  0.628096  0.778684  
0.799835  0.477544  0.371905  
0.501789  0.822413  0.269244  
0.479916  0.293127  0.83045  
0.838204  0.000337256  0.545367  
0.545271  0.00200769  0.838265  
0.547375  0.836915  9.12418e-06  
0.838699  0.54566  0.00568738  
0.271079  0.469137  0.84091  
0.855603  0.332273  0.399018  
0.141818  0.494277  0.861968  
0.874317  0.419462  0.256679  
0.00997434  0.481021  0.880705  
0.881154  0.213714  0.425346  
0.383882  0.881809  0.274512  
0.44334  0.896378  4.20255e-05  
0.896899  0.00010113  0.442284  
0.442239  2.15158e-05  0.896929  
0.897262  0.441928  0.0218408  
0.905627  0.294384  0.310657  
0.0105569  0.800424  0.684436  
0.615272  0.265364  0.742903  
0.355135  0.379567  0.859665  
0.297213  0.913144  0.288877  
0.752982  0.617788  0.230682  
0.623664  0.751443  0.217566  
0.913921  0.339211  0.226419  
0.916861  0.212539  0.34104  
0.364045  0.920742  0.163996  
0.537263  0.389507  0.752435  
0.365419  0.566905  0.739477  
0.0159399  0.7287  0.691753  
0.371693  0.928377  0.000792433  
0.928594  0.371377  0.00160035  
0.928659  0.00393286  0.370944  
0.370751  0.00106101  0.929012  
0.582584  0.511103  0.680861  
0.769594  1.70716e-05  0.638629  
0.638362  0.000259889  0.769864  
0.227058  0.93204  0.28693  
0.641175  0.767438  0.000817818  
0.771499  0.636365  8.96329e-05  
0.932545  0.254575  0.256805  
0.940124  0.295301  0.184538  
0.94131  0.148414  0.309297  
0.307695  0.941984  0.139374  
0.0254281  0.566829  0.82355  
0.778763  0.561566  0.283816  
0.168653  0.944425  0.296437  
0.553947  0.30617  0.775008  
0.325672  0.526677  0.785535  
0.265416  0.636675  0.725002  
0.420044  0.325185  0.848366  
0.582645  0.434985  0.699555  
0.491984  0.843699  0.215698  
0.947878  0.000165917  0.318698  
0.947956  0.318637  0.00383597  
0.318395  0.947972  0.00447141  
0.31815  0.00162895  0.94806  
0.574397  0.785195  0.233616  
0.789646  0.567851  0.234397  
0.659293  0.324554  0.693976  
0.954689  0.210793  0.24206  
0.835649  0.499945  0.23378  
0.000193937  0.68682  0.72821  
0.316411  0.591891  0.742121  
0.0788985  0.955776  0.290385  
0.263084  0.956136  0.137005  
0.86087  0.378886  0.343581  
0.396138  0.442769  0.805963  
0.711049  0.661603  0.246616  
0.66804  0.707405  0.239839  
0.959326  0.232789  0.183733  
0.000907566  0.960025  0.280471  
0.960364  0.000240212  0.278914  
0.277302  0.00131066  0.960796  
0.96023  0.279613  0.000159036  
0.277227  0.960828  0.0013808  
0.602353  0.798508  0.00034593  
0.799998  2.57487e-05  0.600041  
0.600213  3.07496e-05  0.799886  
0.452738  0.843863  0.295948  
0.408496  0.882959  0.232743  
0.80238  0.597817  4.6739e-05  
0.510617  0.859833  4.48644e-05  
0.175161  0.591288  0.787284  
0.509022  0.0173991  0.860761  
0.860733  2.19823e-05  0.509142  
0.82543  0.441723  0.378648  
0.224811  0.965197  0.165671  
0.969075  0.00940069  0.246778  
