1  6.27112e-07  5.36693e-06  
5.43739e-07  1  1.12278e-07  
1.07311e-06  1.51465e-06  1  
0.577388  0.577357  0.577374  
0.683425  0.260121  0.682709  
0.262601  0.683956  0.68218  
0.687325  0.687722  0.23685  
0.00121999  0.737991  0.676523  
0.736762  1.36091e-07  0.677046  
0.757175  0.657217  0.000378284  
0.459772  0.405481  0.790932  
0.788683  0.39514  0.471094  
0.457283  0.796548  0.408882  
0.581706  0.81429  0.000223252  
0.271897  0.82565  0.505385  
0.834766  0.215323  0.50685  
0.303203  0.524802  0.808864  
0.145437  0.586584  0.831057  
0.810866  0.507601  0.320788  
0.52211  0.00118037  0.8529  
0.854043  1.47243e-05  0.520806  
0.0709438  0.861165  0.50724  
0.861634  0.517745  0.00990086  
0.322339  0.86929  0.377539  
0.674256  0.575558  0.464121  
0.462519  0.682411  0.569587  
0.886347  0.399624  0.292166  
0.676721  0.464279  0.571511  
0.470855  0.888913  0.0159042  
0.565994  0.466095  0.680335  
0.21375  0.893408  0.396414  
0.56534  0.690335  0.458472  
0.459724  0.572438  0.684762  
0.0534649  0.636021  0.770477  
0.577615  0.310134  0.7558  
0.425708  7.7063e-05  0.905125  
0.367918  0.73165  0.577923  
0.907484  0.426585  0.000962119  
0.909345  0.233363  0.367365  
0.125068  0.912781  0.400087  
0.000142509  0.812776  0.583173  
0.914664  0.315374  0.271642  
0.0192051  0.919293  0.395407  
0.722641  0.586771  0.376618  
0.382501  0.604317  0.700077  
0.924058  0.000124344  0.38271  
0.391547  0.925353  0.0136069  
0.491849  0.498304  0.714653  
0.763062  0.273087  0.58747  
0.603399  0.617273  0.506547  
0.932312  0.308893  0.191112  
0.704383  0.505139  0.503891  
0.619231  0.690199  0.391044  
0.613504  0.396257  0.689189  
0.933829  0.22207  0.283169  
0.679835  0.748225  0.00544353  
0.670881  0.01511  0.744558  
0.508179  0.617342  0.605077  
0.356557  4.6504e-05  0.935136  
0.935182  0.359445  0.0188839  
0.806386  0.444339  0.403536  
0.676218  0.401119  0.618156  
0.612502  0.00020404  0.791944  
0.745952  0.601381  0.298968  
0.9431  0.164885  0.311141  
0.7324  0.423321  0.533662  
0.61816  0.47996  0.6248  
0.666074  0.634995  0.405963  
0.944915  0.250875  0.22015  
0.541864  0.741764  0.403257  
0.432173  0.515979  0.743597  
0.945243  0.0125876  0.326458  
0.808783  0.590219  0.00270226  
0.781497  0.000103721  0.62419  
0.00139774  0.646725  0.784786  
0.81935  0.345423  0.458759  
0.727049  0.519434  0.454147  
0.835601  0.402265  0.378531  
0.693965  0.348597  0.634129  
0.631372  0.765356  0.252224  
0.305284  0.95279  0.00815033  
0.406291  0.822265  0.411341  
0.759923  0.540172  0.375295  
0.742745  0.459632  0.487788  
0.310931  2.44283e-05  0.95046  
0.86465  0.261888  0.428789  
0.660034  0.533529  0.530672  
0.954802  0.206923  0.220777  
0.538255  0.845437  0.00346698  
0.746718  0.379008  0.547652  
0.959469  0.282336  0.0106038  
0.960041  1.40575e-05  0.280165  
0.718169  0.699172  0.00161564  
0.106006  0.597138  0.835565  
0.874375  0.0012584  0.485699  
0.898102  0.394002  0.207397  
0.483576  0.00370748  0.875327  
0.890303  0.0117405  0.457121  
0.826076  0.0163979  0.566535  
0.712249  0.0032826  0.703951  
