1  2.65138e-06  3.25358e-07  
1.23297e-06  1  3.91469e-07  
4.13772e-07  1.64433e-07  1  
0.577336  0.577652  0.577101  
0.682937  0.260189  0.682695  
0.260293  0.682648  0.683173  
0.706796  0.707581  0.000501237  
0.67479  7.54078e-07  0.738599  
0.00105567  0.740959  0.674046  
0.394824  0.472856  0.788886  
0.790282  0.462986  0.40147  
0.388676  0.800965  0.475625  
0.819355  0.278642  0.502065  
0.826114  0.00271371  0.56352  
0.837815  0.545474  0.024032  
0.544755  0.838655  0.000940368  
0.00805294  0.58697  0.818004  
0.204201  0.834395  0.520652  
0.525544  0.00734322  0.850775  
0.00401233  0.850948  0.525472  
0.253141  0.446373  0.859452  
0.86852  0.328477  0.371358  
0.87376  0.420632  0.244678  
0.667598  0.589239  0.455632  
0.580091  0.72194  0.377548  
0.458508  0.685414  0.568225  
0.675647  0.46611  0.571381  
0.464158  0.572026  0.676554  
0.565393  0.377874  0.733358  
0.89126  0.000393337  0.45362  
0.13874  0.432981  0.895633  
0.895963  0.444214  3.46824e-05  
0.441867  0.897092  1.8155e-05  
0.704836  0.6122  0.358562  
0.430273  0.00434927  0.902712  
0.904198  0.234149  0.357791  
0.90833  0.32848  0.26096  
0.727612  0.348233  0.591498  
0.581986  0.287873  0.760716  
0.587392  0.489891  0.644695  
0.223312  0.342908  0.914665  
0.275705  0.879678  0.436794  
0.306797  0.750754  0.588075  
0.376229  0.599626  0.706984  
0.917131  0.360508  0.174337  
0.45958  0.389696  0.800903  
0.710057  0.508025  0.489583  
0.500344  0.718901  0.488455  
0.586634  0.640418  0.497815  
0.749803  0.000356388  0.661686  
0.925346  0.00228852  0.379176  
0.18194  0.889515  0.452086  
0.928068  0.37263  9.65171e-05  
0.370781  0.928778  0.000159475  
0.771075  0.636807  4.71894e-05  
0.509904  0.777109  0.399935  
0.134659  0.354614  0.929901  
0.750163  0.405505  0.522419  
0.63803  0.770039  0.000186976  
0.509363  0.616032  0.606122  
0.362244  0.00909673  0.932118  
0.617904  0.418208  0.666492  
0.753071  0.280312  0.595564  
0.933932  0.212914  0.290361  
0.93436  0.292749  0.204151  
0.641001  0.658791  0.396947  
0.806  0.399416  0.440282  
0.524806  0.511042  0.68143  
0.315313  0.618874  0.740686  
0.613345  0.000566121  0.790778  
0.727679  0.552442  0.408259  
0.246534  0.776128  0.590051  
0.203273  0.684016  0.701271  
0.835288  0.218699  0.50557  
0.768965  0.224554  0.602821  
0.619193  0.522242  0.587054  
0.443991  0.739643  0.515317  
0.943509  0.233469  0.235589  
0.410927  0.638049  0.651784  
0.946313  0.00264356  0.323319  
0.947977  0.318366  0.000171971  
0.318344  0.948295  0.0010107  
0.67677  0.395852  0.620907  
0.949853  0.167227  0.265309  
0.660104  0.539763  0.522607  
0.311139  0.00264467  0.950368  
0.770238  0.330599  0.545523  
0.611805  0.589915  0.528576  
0.951947  0.248876  0.179338  
0.843501  0.286949  0.454521  
0.842965  0.171786  0.51673  
0.82199  0.419291  0.385665  
0.325532  0.704572  0.633963  
0.53682  0.673566  0.510363  
0.571415  0.447901  0.68807  
0.707373  0.308826  0.636648  
0.630754  0.251415  0.736739  
0.956385  0.191033  0.221538  
0.803487  0.595384  1.2123e-05  
0.785151  0.000225849  0.6211  
