1  1.91621e-06  1.97063e-06  
0.707109  0.00246453  0.707106  
1.21769e-06  3.09665e-06  1  
0.545342  6.77404e-05  0.838218  
0.838247  3.60687e-05  0.545404  
0.44224  0.0001738  0.896898  
0.896927  0.000226735  0.442186  
0.370844  0.00782783  0.928699  
0.928854  6.7087e-05  0.370514  
0.769609  0.000529457  0.638519  
0.63863  6.15146e-06  0.769573  
0.318741  0.00178161  0.947844  
0.94807  0.045274  0.318432  
0.953716  0.00176831  0.300747  
0.278339  0.00214369  0.960487  
0.600181  4.59893e-05  0.79988  
0.799741  4.70367e-05  0.600379  
0.509139  0.000168576  0.860704  
0.860833  6.48621e-05  0.509138  
0.965447  0.00446383  0.264897  
0.737598  5.20417e-05  0.675243  
0.675303  2.60922e-05  0.73755  
0.246671  0.0010688  0.969103  
0.971328  0.00217944  0.237761  
0.220418  0.000969261  0.975412  
0.486145  0.0112176  0.873916  
0.873704  0.000505954  0.48648  
0.816024  0.00201242  0.578038  
0.577982  7.01367e-05  0.816058  
0.978178  6.83266e-05  0.209844  
0.420485  0.00144101  0.907309  
0.907321  0.000202165  0.420443  
0.198113  0.000245705  0.980191  
0.982981  0.000381964  0.183824  
0.658472  0.00121821  0.75264  
0.752789  0.00461569  0.658266  
0.621873  0.012466  0.78312  
0.783153  0.000742367  0.621886  
0.474096  0.000333478  0.880477  
0.180098  5.36533e-05  0.983945  
0.404941  4.07484e-05  0.914387  
0.93502  0.000126072  0.354975  
0.722095  2.07079e-05  0.691808  
0.691893  1.31436e-05  0.722029  
0.881986  0.00748288  0.471318  
0.985636  0.00222163  0.169026  
0.358395  4.38069e-05  0.933589  
0.913811  0.00236121  0.406144  
0.847092  0.0028396  0.531477  
0.165245  0.00473454  0.986293  
0.531548  0.00031139  0.84704  
0.825207  0.000275439  0.564897  
0.565194  0.0208648  0.824966  
0.565194  0.0019353  0.825042  
0.623504  0.000333526  0.782504  
0.988044  0.00431955  0.156358  
0.392973  9.19755e-05  0.91962  
0.153918  0.000566122  0.988086  
0.941921  0.000114145  0.343979  
0.918402  0.00709433  0.395717  
0.348105  0.00784979  0.937495  
0.142716  0.00149049  0.989769  
0.989777  0.00899419  0.14279  
0.461701  0.0103944  0.887084  
0.887122  0.000869055  0.461591  
0.491737  0.000951655  0.870863  
0.309325  0.00102872  0.950973  
0.806697  0.000356359  0.591012  
0.612452  0.000285113  0.79053  
0.590887  0.00988421  0.806763  
0.382316  3.35171e-05  0.924051  
0.760565  1.79168e-05  0.649329  
0.790236  0.00128505  0.612845  
0.99099  0.00331191  0.134152  
0.459705  0.000148321  0.888075  
0.852131  0.000135882  0.523336  
0.590994  0.00131921  0.806759  
0.650016  0.000164098  0.759942  
0.945632  3.12384e-05  0.325464  
0.523326  0.00013036  0.852147  
0.12786  0.00444793  0.991861  
0.745091  8.75794e-05  0.667125  
0.956212  0.0141508  0.292725  
0.865389  0.00242671  0.501116  
0.992023  0.0172804  0.12607  
0.992024  0.000705759  0.126069  
0.683967  0.000333742  0.729542  
0.557317  0.000408775  0.830325  
0.729787  0.00447106  0.6837  
0.830453  0.00352679  0.557144  
0.714345  1.49635e-05  0.699806  
0.340197  4.3665e-05  0.940412  
0.667998  0.0039145  0.744209  
0.700273  2.44888e-05  0.714658  
0.919015  7.09162e-05  0.394297  
0.120158  0.00282068  0.992859  
0.302272  0.00284894  0.953397  
0.631233  0.00107817  0.775631  
0.775169  0.000108966  0.631758  
0.960924  0.000514649  0.276962  
