1  2.09984e-07  8.05217e-06  
2.34411e-06  1.00001  3.1181e-06  
4.57537e-07  7.75145e-07  1  
0.578079  0.576111  0.578244  
0.683312  0.258495  0.682942  
0.664984  0.694341  0.277381  
0.712065  0.702993  2.39611e-05  
0.741106  2.26361e-06  0.671397  
0.323984  0.744951  0.584255  
0.0577117  0.693392  0.750595  
0.786783  0.481636  0.387062  
0.135984  0.816405  0.567342  
0.818784  0.300441  0.489748  
0.484546  0.818364  0.314598  
0.56569  0.000422798  0.824654  
0.54913  0.8366  0.00335823  
0.839226  0.54416  0.000165861  
0.846217  0.147129  0.512858  
0.434987  0.531265  0.73295  
0.853095  5.79059e-05  0.523052  
4.01562e-05  0.848294  0.539571  
0.339068  0.862177  0.393384  
0.867773  0.356262  0.347817  
0.270775  0.476219  0.874948  
0.877729  0.422442  0.226657  
0.672858  0.580493  0.464365  
0.391552  0.886081  0.249158  
0.675673  0.465046  0.572409  
0.455735  0.0200214  0.890334  
0.891747  0.249045  0.389247  
0.446955  0.894661  4.30766e-05  
0.897083  0.441958  3.04923e-05  
0.466038  0.639945  0.633249  
0.51872  0.707037  0.494839  
0.246002  0.902989  0.355644  
0.534236  0.43083  0.733153  
0.906354  5.30611e-05  0.42975  
0.907961  0.330159  0.258815  
0.724029  0.371539  0.581445  
0.574133  0.72107  0.398922  
0.734657  0.602746  0.313634  
0.0623516  0.454087  0.913248  
0.4121  0.773769  0.490793  
0.591126  0.491373  0.641302  
0.592943  0.347281  0.739478  
0.302035  0.91636  0.272809  
0.164075  0.921179  0.391549  
0.923558  0.243031  0.305374  
0.663385  0.00581937  0.748417  
0.00686878  0.638686  0.83895  
0.378176  0.000385746  0.925767  
0.745574  0.297766  0.597731  
0.374349  0.927343  0.00254259  
0.592405  0.756751  0.278384  
0.928703  0.370871  0.000774006  
0.746727  0.424337  0.512503  
0.233129  0.930479  0.285458  
0.640863  0.768205  0.000343137  
0.932137  0.00109875  0.362138  
0.599826  0.620953  0.511207  
0.18031  0.320867  0.933151  
0.933433  0.298283  0.200245  
0.618618  0.421882  0.667199  
0.773077  0.636563  0.00493653  
0.34243  0.797004  0.498411  
0.0274259  0.93602  0.360811  
0.804228  0.417471  0.426696  
0.59765  0.284267  0.757627  
0.814938  0.486574  0.317046  
0.792475  0.00277637  0.610881  
0.189133  0.860723  0.476387  
0.396057  0.684498  0.618698  
0.722024  0.521543  0.455632  
0.173935  0.941232  0.292425  
0.516556  0.640251  0.574515  
0.942005  0.239206  0.241573  
0.942184  0.308368  0.133418  
0.131303  0.873803  0.480046  
0.944885  0.169444  0.291  
0.325148  0.000639835  0.945823  
0.319105  0.947822  0.00996019  
0.947995  0.318764  0.00821446  
0.62979  0.367602  0.687486  
0.522493  0.760224  0.413842  
0.767225  0.372497  0.525679  
0.467456  0.7036  0.543022  
0.623771  0.525063  0.579972  
0.119692  0.949609  0.295078  
0.764443  0.552921  0.33485  
0.950013  0.0193882  0.312319  
0.691751  0.20913  0.69171  
0.950936  0.254249  0.177537  
0.771198  0.3219  0.550394  
0.698694  0.327495  0.636578  
0.622413  0.675833  0.402728  
0.84788  0.25594  0.465299  
0.0592819  0.956345  0.296553  
0.956032  0.265208  0.130186  
0.957405  0.171211  0.245377  
0.00309927  0.957756  0.295205  
