1  6.58932e-06  5.51478e-06  
2.53046e-07  1  5.75958e-07  
5.78798e-07  2.10867e-07  1  
0.57689  0.577611  0.57761  
0.682934  0.25951  0.682943  
0.265406  0.688694  0.679661  
0.707259  0.706991  0.000118181  
5.26973e-06  0.690526  0.723582  
0.67346  1.46814e-06  0.739353  
0.399363  0.790042  0.465638  
0.453926  0.409176  0.791654  
0.792524  0.441582  0.420673  
0.270263  0.507324  0.818371  
0.823501  0.256381  0.506651  
0.825305  0.00154729  0.564709  
0.0322648  0.831487  0.555223  
0.835454  0.542427  0.0903853  
0.545827  0.838387  4.65112e-05  
0.111155  0.520674  0.850353  
0.524545  0.00195591  0.851411  
0.865499  0.408654  0.290154  
0.326673  0.374816  0.869107  
0.668871  0.589219  0.453332  
0.884038  0.467746  4.46973e-05  
0.000111951  0.573635  0.824186  
0.463378  0.574215  0.677862  
0.466385  0.679848  0.567402  
0.570149  0.464396  0.677894  
0.890466  0.00255854  0.455051  
2.70506e-05  0.892057  0.45239  
0.599726  0.730691  0.372887  
0.44252  0.896775  0.000596258  
0.724523  0.370031  0.58321  
0.901103  0.248663  0.356537  
0.428355  0.000266645  0.903632  
0.368433  0.594136  0.719235  
0.578562  0.307861  0.757524  
0.790673  0.612542  4.39071e-06  
0.909138  0.357987  0.213709  
0.703141  0.613786  0.366291  
0.70693  0.503556  0.496832  
0.192417  0.748328  0.636563  
0.921079  0.388207  0.0370965  
0.744781  0.29051  0.60162  
0.629001  0.495041  0.599693  
0.922594  0.274346  0.272837  
0.278887  0.611508  0.741136  
0.748923  7.88191e-05  0.662682  
0.323458  0.815087  0.481131  
0.92508  0.00105016  0.379913  
0.371138  0.928691  0.000124972  
0.123289  0.760644  0.646236  
0.930969  0.197243  0.30878  
0.491073  0.716166  0.49868  
0.600561  0.617213  0.509116  
0.639218  0.76929  8.60534e-06  
0.657216  0.42767  0.620717  
0.361151  0.000170988  0.932605  
0.348746  0.746944  0.568266  
0.799341  0.485957  0.354144  
0.405703  0.529328  0.746266  
0.821103  0.361558  0.443071  
0.464936  0.33332  0.820895  
0.403127  0.67916  0.617574  
0.729564  0.530074  0.432509  
0.509028  0.617844  0.606444  
0.731254  0.442257  0.519758  
0.279818  0.770262  0.574088  
0.261475  0.831098  0.491698  
0.612849  0.000545228  0.790271  
0.610871  0.38034  0.697975  
0.601399  0.671924  0.440644  
0.941364  0.337965  0.00664952  
0.94265  0.221417  0.251066  
0.650814  0.533691  0.540932  
0.770601  0.231428  0.606435  
0.068899  0.772765  0.644785  
0.945674  0.00992443  0.325143  
0.829846  0.558082  0.00927815  
0.836484  0.200052  0.51028  
0.745466  0.558944  0.371394  
0.208171  0.839269  0.502689  
0.318716  0.947871  0.0010491  
0.771705  0.339973  0.537857  
0.696703  0.206485  0.6876  
0.630193  0.324121  0.705798  
0.577312  0.52477  0.625984  
0.434465  0.738403  0.516441  
0.310655  2.13432e-05  0.950572  
0.840626  0.307405  0.457451  
0.950275  0.172397  0.264144  
0.95223  0.290291  0.114725  
0.842796  0.153315  0.516832  
0.698481  0.327304  0.637489  
0.0236223  0.785446  0.643497  
0.954979  0.222723  0.204335  
0.955681  0.294883  0.000247695  
0.747578  0.664416  0.00181525  
0.637539  0.691908  0.387487  
0.170172  0.851741  0.507393  
