1  5.05335e-06  2.11009e-07  
0.707109  0.000688718  0.707107  
1.00354e-06  2.77722e-06  1  
0.545327  0.00492113  0.838225  
0.838194  0.00427687  0.54538  
0.896847  0.000183542  0.442344  
0.442229  0.00027959  0.896905  
0.928659  0.000124033  0.370935  
0.370898  4.31478e-05  0.928674  
0.638527  0.000488976  0.769609  
0.769566  7.42924e-06  0.638568  
0.318756  0.000604721  0.947838  
0.947925  0.000929497  0.318501  
0.278799  0.001437  0.960355  
0.960385  0.0024594  0.278794  
0.60005  3.72482e-05  0.799983  
0.800021  4.33326e-05  0.59998  
0.860608  4.1977e-05  0.509278  
0.509022  6.81415e-06  0.860756  
0.675156  0.000833208  0.737692  
0.737851  0.00263777  0.675155  
0.247561  0.0141272  0.968874  
0.968935  0.00129051  0.247347  
0.222214  0.00323565  0.974999  
0.975036  0.00861859  0.222784  
0.873839  0.000700513  0.486259  
0.486084  0.00395625  0.873949  
0.577806  0.00169698  0.816188  
0.816203  0.000504767  0.577778  
0.420719  2.00655e-05  0.907197  
0.907412  1.42472e-05  0.42025  
0.979277  0.000264245  0.202541  
0.201461  0.00374831  0.979616  
0.982837  0.00209867  0.184687  
0.18421  0.000705694  0.983082  
0.658318  9.89855e-05  0.75275  
0.752766  0.00347152  0.658326  
0.783187  0.00327057  0.621819  
0.62184  2.39485e-05  0.78325  
0.722334  4.39019e-05  0.691568  
0.691674  3.31004e-05  0.722243  
0.471383  5.06293e-05  0.881934  
0.405947  0.00809044  0.913905  
0.881692  8.9446e-05  0.471829  
0.913949  0.000301637  0.405842  
0.168495  0.000485388  0.985725  
0.934104  8.22467e-05  0.357016  
0.357065  2.86959e-05  0.93408  
0.846847  0.000185802  0.532031  
0.9863  0.0110629  0.164966  
0.531497  0.00230802  0.847113  
0.56447  0.000187576  0.825458  
0.82545  5.94192e-05  0.564488  
0.987642  5.12219e-06  0.157571  
0.156614  0.0110646  0.987662  
0.397639  6.1446e-05  0.917802  
0.98988  0.000918531  0.144626  
0.141507  0.00164403  0.98997  
0.937962  0.000158465  0.346753  
0.347025  0.000131765  0.937859  
0.886995  0.00233399  0.461781  
0.918807  0.000464786  0.394865  
0.46162  0.00122577  0.887324  
0.951131  3.08398e-05  0.308807  
0.790591  0.00124775  0.612346  
0.308892  9.04834e-05  0.951106  
0.61252  0.000391192  0.790464  
0.590756  0.000463744  0.806987  
0.806955  0.000122656  0.590659  
0.760521  0.000936249  0.64935  
0.649179  4.99e-05  0.760668  
0.500187  8.70999e-05  0.865922  
0.131886  0.0010919  0.991303  
0.991385  0.000423631  0.131465  
0.258652  0.000787456  0.966878  
0.52307  0.000169686  0.852292  
0.852181  0.0049338  0.523261  
0.744935  4.12937e-05  0.667143  
0.55629  0.000515889  0.831022  
0.865782  0.00325409  0.500702  
0.729981  3.12836e-05  0.683574  
0.683657  0.000220032  0.729806  
0.83145  0.000173679  0.555738  
0.667428  3.68059e-05  0.744725  
0.77587  7.78195e-05  0.630913  
0.699536  0.00017814  0.7146  
0.714825  0.00263609  0.699305  
0.389058  0.00250032  0.921224  
0.120984  0.00197156  0.992657  
0.940707  0.00017448  0.339282  
0.413511  0.000433709  0.910576  
0.631143  5.13039e-05  0.776087  
0.992914  0.0015452  0.119062  
0.340034  0.00251026  0.940432  
0.251723  0.00269774  0.967999  
0.921735  0.00246277  0.387889  
0.900496  0.000422911  0.434986  
0.972454  4.26486e-05  0.233129  
0.962341  6.56162e-05  0.272028  
0.954245  3.56797e-05  0.299034  
