1  2.14731e-06  1.53582e-06  
1.65865e-06  1  2.02312e-06  
1.72653e-07  4.78882e-07  1  
0.143516  0.428768  0.428789  
0.50896  1.81812e-06  0.491341  
0.647749  0.214062  0.139413  
0.211541  0.679884  0.109139  
0.221483  0.0765597  0.708815  
1.0731e-05  0.25364  0.759773  
0.761076  1.37583e-05  0.24551  
8.75591e-07  0.761412  0.238948  
0.342881  0.135712  0.543608  
0.500715  0.165101  0.33519  
0.84535  0.156563  0.00023204  
5.70635e-05  0.609027  0.391376  
0.00104365  0.391652  0.610984  
0.0293326  0.112603  0.863334  
0.18244  0.547121  0.270719  
0.6157  0.033037  0.357151  
0.0349513  0.876689  0.115007  
0.387563  0.00386933  0.611543  
0.161956  0.846178  0.000149943  
0.0933786  0.273288  0.639708  
0.882077  0.00955302  0.118945  
0.0233307  0.492379  0.489642  
0.119312  0.0010419  0.886312  
0.735304  0.243944  0.0279183  
0.649021  0.110486  0.246489  
0.252613  0.745045  0.00866223  
0.411613  0.137354  0.452375  
0.120493  0.676028  0.203569  
0.722137  0.127537  0.157444  
0.115984  0.346197  0.53862  
0.127911  0.76384  0.119959  
0.564157  0.18677  0.252382  
0.0556395  0.166514  0.78063  
0.0993554  0.590445  0.311098  
0.0137849  0.682252  0.313293  
0.204775  0.000642092  0.800859  
0.0158947  0.312419  0.68162  
0.279978  0.0923522  0.630394  
0.281491  0.000194545  0.723651  
0.432876  0.0401952  0.537551  
0.207223  0.602634  0.196979  
0.537351  0.0914173  0.390713  
0.688791  0.0389374  0.28277  
0.810809  0.045497  0.154255  
0.772328  0.147966  0.0861872  
0.0869372  0.52263  0.391337  
0.932354  0.0281184  0.0484025  
0.0529647  0.0197767  0.933172  
0.134745  0.0527537  0.822292  
0.0421169  0.812844  0.174893  
0.321867  0.0282635  0.660998  
0.0247184  0.548443  0.428117  
0.0783118  0.430073  0.492464  
0.590907  0.11444  0.304432  
0.194793  0.765551  0.0497618  
0.0204504  0.433404  0.55377  
0.571439  0.000237415  0.429465  
0.0258887  0.945389  0.0473596  
0.0762879  0.22159  0.715066  
0.0016823  0.189857  0.815379  
0.165398  0.471387  0.375171  
0.371068  0.0689778  0.561667  
0.119485  0.623673  0.257041  
0.0637453  0.376112  0.560896  
0.00205873  0.069152  0.93593  
0.484666  0.0942017  0.427369  
0.0943096  0.469181  0.441431  
0.597981  0.200877  0.204007  
0.147332  0.79221  0.0724929  
0.127337  0.381446  0.492306  
0.462755  0.0510399  0.490024  
0.689164  0.243157  0.084545  
0.809546  0.000138087  0.196512  
0.176347  0.0596924  0.766598  
0.143707  0.711485  0.159221  
0.449123  0.154044  0.402535  
0.108327  0.304424  0.595807  
0.645007  0.0477555  0.314904  
0.67886  0.143165  0.204349  
0.178773  0.504975  0.33304  
0.152703  0.00703663  0.844241  
0.767908  0.0441897  0.204264  
0.0315712  0.350365  0.627819  
0.203977  0.640218  0.156904  
0.222182  0.714744  0.069011  
0.453365  8.22798e-05  0.557972  
0.00622839  0.643409  0.351751  
0.331193  0.0568313  0.614592  
0.6784  0.00149284  0.334719  
0.00110811  0.722473  0.276872  
0.244002  0.016223  0.762854  
0.0985176  0.552525  0.355076  
0.269641  0.0411501  0.69177  
0.848366  0.0482668  0.11907  
0.622938  0.000179598  0.386212  
0.400706  0.0341187  0.571208  
0.712078  0.000461694  0.302301  
