1  5.94327e-07  5.76871e-06  
1.03526e-06  1  1.24408e-06  
4.16111e-07  1.46595e-06  1  
0.435498  0.12942  0.43578  
6.94887e-07  0.46165  0.538641  
0.183485  0.639095  0.177679  
0.689474  0.185743  0.125352  
0.0718016  0.198395  0.735771  
0.228177  1.90326e-05  0.772877  
0.775871  3.21798e-07  0.224177  
1.12272e-06  0.737001  0.263094  
0.182629  0.817564  1.39938e-06  
0.129023  0.49057  0.380461  
0.287037  0.0943204  0.619258  
0.540871  0.172594  0.286941  
0.105073  0.312485  0.587524  
0.628433  3.03042e-05  0.371946  
0.0183049  0.85997  0.123282  
0.470088  5.84425e-05  0.530352  
8.14692e-07  0.599544  0.400671  
0.102785  0.0287227  0.874037  
0.793894  0.206346  3.4016e-07  
0.882406  0.0107273  0.106949  
0.230817  0.706622  0.0667076  
0.0797864  0.632328  0.288747  
0.00118595  0.353076  0.646733  
4.86638e-05  0.113208  0.888454  
0.674372  0.0912188  0.236692  
0.360422  4.06039e-05  0.659565  
0.101507  0.766097  0.132722  
0.149039  0.395974  0.472749  
0.162762  0.544384  0.293376  
0.539317  0.0323673  0.444003  
0.350636  0.11713  0.533108  
0.75417  0.104084  0.143926  
0.0230814  0.518554  0.458493  
0.816414  0.119909  0.064353  
0.695936  0.0146692  0.295203  
0.550637  0.081459  0.368441  
0.605181  0.183787  0.212391  
0.000172181  0.1897  0.815642  
0.00741388  0.66426  0.328642  
0.110659  0.836474  0.0537136  
0.286403  0.0142354  0.701671  
0.0206098  0.929173  0.0527539  
0.0159469  0.790665  0.194337  
0.605213  0.101682  0.300257  
0.159741  0.0343176  0.807665  
0.389271  0.0507667  0.565626  
0.219968  0.0763388  0.70745  
0.0957117  0.689297  0.217613  
0.0756098  0.452879  0.473616  
0.471498  0.063919  0.465517  
0.0172308  0.288501  0.694954  
0.478955  0.153484  0.3716  
0.936399  0.020789  0.0437035  
0.0672575  0.536481  0.396457  
0.0682397  0.393668  0.539103  
0.16806  0.759779  0.073936  
0.0896781  0.573124  0.337437  
0.824325  0.0107698  0.166075  
0.252433  0.758636  0.00867861  
0.046795  0.128178  0.830438  
0.00812179  0.0563188  0.939556  
0.73864  0.192652  0.068917  
0.00861626  0.405561  0.59112  
0.0545659  0.00168384  0.944991  
0.120166  0.884926  6.25312e-05  
0.168915  0.588815  0.242488  
0.160864  0.708601  0.132401  
0.0160265  0.238117  0.763102  
0.131932  0.441874  0.426421  
0.387157  0.141105  0.484546  
0.582406  0.0218064  0.39789  
0.640531  0.195115  0.166871  
0.120619  0.347685  0.542164  
0.0597299  0.345695  0.602178  
0.0850058  0.250238  0.671295  
0.413359  0.00622767  0.5955  
0.124405  0.632686  0.243809  
0.729942  0.0254577  0.250783  
0.31342  0.0504919  0.640066  
0.712713  0.115278  0.188906  
0.0268231  0.476941  0.497294  
0.508699  0.0815766  0.416378  
0.0571853  0.158755  0.788895  
0.509043  0.00435343  0.489798  
0.0798687  0.496418  0.424277  
0.429122  0.0599367  0.527787  
0.0984708  0.72475  0.18007  
0.190643  0.0423586  0.770373  
0.141405  0.67678  0.182495  
0.0172704  0.561207  0.421699  
0.197217  0.671563  0.136993  
0.018841  0.823535  0.157936  
0.00637077  0.700739  0.292942  
0.131097  0.527869  0.344454  
0.00731079  0.627382  0.365378  
0.0281099  0.318011  0.656472  
0.177242  9.2588e-05  0.829937  
