1  1.47431e-06  4.28536e-06  
2.14942e-06  1  1.95429e-06  
5.6064e-07  9.0414e-06  0.999992  
0.430593  0.139778  0.429973  
3.16589e-06  0.511004  0.490221  
0.173106  0.668177  0.161389  
0.687199  0.199585  0.117574  
0.0730723  0.219079  0.708761  
0.257051  8.30388e-06  0.748704  
0.750265  6.38975e-07  0.249809  
1.87079e-07  0.792872  0.207785  
0.116712  0.346238  0.542438  
0.189371  0.810726  1.55559e-06  
0.141132  0.522658  0.341454  
0.11169  0.0391616  0.851576  
0.546916  0.167646  0.286235  
0.295243  0.0986658  0.607867  
0.86296  0.0241261  0.113179  
0.612504  0.015831  0.378283  
0.00304632  0.658652  0.357932  
0.482445  0.0179975  0.514569  
0.792727  0.211086  3.58584e-07  
1.15133e-05  0.387203  0.615051  
0.000351746  0.133333  0.8846  
0.0146302  0.887253  0.0982663  
0.349921  0.000440587  0.650229  
0.119256  0.432365  0.449371  
0.0293831  0.56952  0.402768  
0.0317277  0.710223  0.269412  
0.664999  0.0418102  0.296281  
0.154512  0.589205  0.256399  
0.176331  0.0589501  0.766547  
0.609903  0.182378  0.207954  
0.184913  0.733157  0.083399  
0.0394065  0.430474  0.53539  
0.355973  0.117702  0.530507  
0.000138738  0.196826  0.803506  
0.091363  0.275435  0.633811  
0.000133377  0.30918  0.69336  
0.540899  0.0302628  0.443455  
0.930066  0.025448  0.0446781  
0.0180572  0.0519169  0.931883  
0.484712  0.151692  0.36556  
0.233848  0.0817559  0.68951  
0.0492186  0.134211  0.822373  
0.411253  0.0131664  0.589768  
0.806922  0.00349512  0.189871  
0.196052  4.155e-05  0.806419  
0.0645353  0.50759  0.428552  
0.00798202  0.251172  0.748621  
0.738521  0.202994  0.0602901  
0.0787237  0.582059  0.348187  
0.0107221  0.945474  0.0439084  
0.0629405  0.377131  0.562578  
0.0120696  0.834648  0.155383  
0.283407  0.0313486  0.695664  
0.065388  0.457221  0.4796  
0.040775  0.324068  0.643889  
0.054452  0.00424055  0.949372  
0.130296  0.477997  0.392755  
0.640894  0.205891  0.163024  
0.0604459  0.177698  0.765073  
0.163895  0.626495  0.211688  
0.707604  0.0392448  0.253764  
0.192837  0.768852  0.0393553  
0.683476  0.000212876  0.330207  
0.0369839  0.0922323  0.88422  
0.391667  0.127032  0.485728  
0.00787931  0.156024  0.841455  
0.0234311  0.528947  0.449916  
0.000605586  0.346921  0.652888  
6.5331e-05  0.45558  0.556461  
0.138598  9.16058e-06  0.87117  
0.110944  0.394473  0.498732  
0.103441  0.309886  0.587342  
0.146997  0.551583  0.302613  
0.0651994  0.339307  0.600119  
0.769489  0.0550439  0.210447  
0.219696  0.0201503  0.767648  
0.447644  0.00122729  0.554783  
0.504871  0.0235311  0.476009  
0.0304742  0.622199  0.365574  
0.572403  0.181464  0.250295  
0.629949  0.0352076  0.338622  
0.51225  0.159835  0.32855  
0.138152  0.0479972  0.816313  
0.00644049  0.474382  0.521282  
0.0296367  0.675186  0.314069  
0.827908  0.034002  0.154849  
0.176628  0.699619  0.124807  
0.966191  0.0227182  0.0111619  
0.717026  0.00328394  0.296244  
0.16243  0.00485808  0.838547  
0.909758  6.84633e-05  0.090861  
0.774343  0.010022  0.217839  
0.0808369  0.245822  0.674037  
0.453175  0.148228  0.398744  
0.296058  0.000278138  0.708072  
0.000470073  0.620138  0.388293  
0.00283775  0.105917  0.90372  
