1  1.02059e-06  2.682e-06  
3.38544e-06  1  1.38336e-06  
3.17206e-06  7.87318e-06  0.999992  
0.109452  0.445294  0.445305  
0.492251  6.21343e-08  0.507868  
0.6768  0.144221  0.185476  
0.161033  0.696762  0.142303  
0.225024  0.0446681  0.732848  
2.0498e-06  0.235432  0.764796  
0.825304  0.164607  0.0110183  
0.000664638  0.679033  0.324297  
0.0102207  0.83921  0.167139  
0.341995  0.0742183  0.584069  
0.0840564  0.299199  0.617258  
0.845575  0.000276703  0.155602  
0.649923  3.81721e-05  0.350912  
0.189835  0.810801  3.97531e-06  
0.508888  0.138898  0.364838  
0.0304898  0.102099  0.867773  
0.143725  0.548782  0.311863  
6.30461e-06  0.491519  0.514175  
0.0692753  0.896511  0.0353994  
0.893921  0.0565582  0.0559511  
0.723651  0.0449215  0.249013  
0.0587055  0.730384  0.225025  
0.0097525  0.580256  0.417053  
0.555158  0.0463987  0.409996  
0.089253  0.0122137  0.909202  
0.587213  0.148603  0.270436  
0.00224684  0.405537  0.592476  
0.739404  0.167915  0.100476  
1.82063e-05  0.319676  0.680431  
0.410761  0.11683  0.502808  
0.145453  0.0407914  0.815598  
0.160083  0.617538  0.226098  
0.0528832  0.159485  0.790463  
0.328753  0.000430219  0.672376  
0.766285  0.0698445  0.17474  
0.415943  0.000288804  0.586122  
0.0992168  0.37317  0.52816  
1.45697e-05  0.930632  0.0694993  
0.182586  0.744064  0.0746371  
0.0679642  0.23471  0.698535  
0.262893  0.0704579  0.669129  
0.140217  0.486903  0.379794  
0.658052  0.0705016  0.28914  
0.453224  0.110354  0.442328  
0.013324  0.0459375  0.94131  
0.932377  6.10955e-07  0.0696124  
0.787499  0.00280666  0.211395  
0.0269232  0.349689  0.623928  
3.40701e-05  0.784696  0.225004  
0.593289  0.0628089  0.355183  
0.0552271  0.786117  0.168243  
0.0320902  0.439558  0.541396  
0.435866  0.0342418  0.535953  
0.843362  0.0617934  0.105901  
0.0149204  0.270053  0.715273  
0.00423349  0.183966  0.821981  
0.60107  4.67409e-05  0.399904  
0.698009  0.00563323  0.302831  
0.0404186  0.632223  0.329445  
0.00358438  0.882433  0.120892  
0.548745  0.000549739  0.4574  
0.295984  0.085225  0.622609  
0.0060196  0.739461  0.263946  
0.0447948  0.67606  0.279332  
0.28329  0.00260885  0.717476  
0.237671  0.000503623  0.766755  
0.888492  0.00275437  0.110394  
0.0175271  0.537264  0.447628  
0.545845  0.137991  0.31925  
0.0615926  0.192785  0.747315  
0.373667  0.0208251  0.627872  
0.956039  0.0166825  0.0282704  
0.184066  0.0507313  0.774554  
0.103746  0.0488103  0.868328  
0.0898608  0.333782  0.576874  
0.388416  0.0837018  0.535893  
0.0508541  0.952321  6.23397e-05  
0.788369  0.150373  0.0614865  
0.641202  0.125825  0.238312  
0.087613  0.260196  0.65981  
0.104231  0.406554  0.489995  
0.714693  0.139893  0.149108  
0.0531186  0.00709893  0.955232  
0.156843  0.660509  0.184378  
0.19633  0.772527  0.0381849  
0.14978  0.583582  0.266869  
0.0466484  0.85997  0.0936496  
0.00913974  0.615983  0.379323  
0.00192647  0.963794  0.0343814  
0.203194  0.00485067  0.807938  
0.479385  0.121043  0.408322  
0.0215451  0.0703881  0.908738  
0.142893  0.517425  0.339822  
8.5507e-07  0.117279  0.882841  
0.0402901  0.132524  0.832329  
0.628699  0.0667852  0.322034  
0.0539349  0.804699  0.143006  
