1  1.08268e-06  3.54227e-06  
2.5164e-06  0.999998  4.59913e-07  
7.88224e-07  3.48809e-07  1  
0.140184  0.429903  0.430073  
0.485255  1.9878e-06  0.514845  
0.647171  0.194563  0.160953  
0.218007  0.677675  0.10755  
0.208163  0.0693146  0.722599  
9.76811e-07  0.751013  0.249029  
6.39094e-07  0.231103  0.77387  
0.764804  6.9577e-07  0.235276  
0.490554  0.156471  0.35342  
0.782098  0.218069  1.48653e-06  
0.327358  0.109709  0.564861  
0.0957003  0.286805  0.622384  
0.619491  0.0108941  0.369887  
0.177103  0.538939  0.285213  
1.34148e-05  0.498769  0.501511  
0.0205356  0.613935  0.367376  
0.0200142  0.865137  0.115469  
0.0347188  0.0976117  0.869894  
0.872561  0.020637  0.10792  
0.158324  0.84218  7.88858e-06  
0.368575  1.31033e-05  0.63246  
0.139605  1.93817e-05  0.860437  
0.250177  0.744716  0.00994175  
0.00251641  0.354196  0.673247  
0.124644  0.667159  0.208934  
0.0179203  0.407742  0.576291  
0.405473  0.120357  0.474454  
0.12933  0.756864  0.119781  
0.568473  0.163755  0.268852  
0.537505  0.0300129  0.433095  
0.684082  0.0354804  0.282759  
0.100552  0.535935  0.364519  
0.0517844  0.156391  0.795262  
0.197364  0.591964  0.211162  
0.710806  0.202839  0.087641  
0.140651  0.340905  0.547381  
0.295997  3.47139e-05  0.704403  
0.0676165  0.0116718  0.929824  
0.221666  4.6039e-05  0.7844  
0.0214244  0.797387  0.181529  
0.416768  0.0283591  0.565038  
0.0147224  0.549267  0.436359  
0.935052  0.0223121  0.0430626  
0.0757922  0.435615  0.489416  
0.112955  0.58731  0.300025  
0.269225  0.0841834  0.647161  
0.00770536  0.687164  0.305619  
0.0671386  0.230921  0.703348  
0.165194  0.778755  0.0575841  
0.00732179  0.938047  0.0548623  
0.164222  0.474397  0.367882  
0.811493  0.0162916  0.174327  
0.0067553  0.284396  0.713354  
0.156969  0.695964  0.149036  
0.151045  0.0530042  0.800955  
0.436846  0.144542  0.418904  
0.0854122  0.481723  0.433504  
0.0073689  0.0516432  0.942507  
1.79723e-06  0.174143  0.831116  
0.0575413  0.357447  0.586264  
0.126464  0.3816  0.492056  
0.319534  0.0287898  0.655262  
0.222543  0.630317  0.163958  
0.129496  0.618074  0.253003  
0.0295135  0.449166  0.529969  
0.607543  0.171056  0.222562  
0.573656  0.0412241  0.386986  
0.360467  0.121136  0.520045  
0.234325  0.703015  0.0629906  
0.641072  0.0465549  0.326864  
0.179403  0.00932285  0.816947  
0.526447  0.170265  0.311606  
0.10524  0.314782  0.580979  
0.0572962  0.191197  0.753675  
0.741518  0.214153  0.0456142  
0.252822  0.0116934  0.74437  
0.499608  0.0243589  0.476324  
0.292843  0.0976149  0.609591  
0.160501  0.506834  0.332762  
0.0419612  0.902842  0.0785606  
0.0280263  0.829735  0.146493  
0.0246248  0.76242  0.214087  
0.17416  0.806832  0.022746  
0.449556  0.0199643  0.531265  
2.72283e-05  0.133938  0.880938  
0.234077  0.0781274  0.68803  
0.0687922  0.26516  0.6669  
0.677768  0.196437  0.126062  
0.0203733  0.71564  0.27232  
0.0346631  0.654331  0.33149  
0.177385  0.0580571  0.76761  
0.839918  0.0184324  0.141725  
0.00945604  0.967842  0.0229424  
0.103052  0.00329908  0.899055  
0.968453  0.019495  0.0123072  
0.176047  0.726126  0.117271  
0.460477  0.151437  0.38816  
