0.143152  0.428659  0.428608  
0.0026195  0.999681  0.000993085  
2.19848e-07  6.62919e-07  1  
0.225098  0.674976  0.101394  
0.0593806  0.191949  0.748943  
2.08064e-05  0.74891  0.251564  
6.79159e-06  0.387598  0.61253  
0.000332675  0.601576  0.39953  
0.0475502  0.855937  0.10374  
0.184586  0.544053  0.274928  
0.091048  0.274004  0.635026  
0.02801  0.0841953  0.88782  
0.0332908  0.487153  0.488402  
0.182611  0.820209  0.000205526  
0.0786677  0.639277  0.288641  
0.0895541  0.755909  0.155188  
0.115874  0.347707  0.537  
0.134354  0.671679  0.195683  
0.254345  0.738551  0.0189035  
0.00338242  0.306803  0.690134  
0.10877  0.875151  0.0241996  
0.202026  0.599052  0.20237  
0.00717723  0.676422  0.325514  
0.0851947  0.532467  0.382978  
0.048561  0.417006  0.541143  
0.160316  0.757068  0.0859682  
0.113066  0.57284  0.315323  
0.0437575  0.1312  0.825122  
0.0295126  0.937879  0.0362962  
0.160369  0.474675  0.367227  
1.20181e-06  0.219503  0.781521  
0.00298092  0.819603  0.186105  
0.0297167  0.540227  0.431348  
0.0890976  0.428009  0.48367  
0.106268  0.80135  0.0987081  
0.0306793  0.336156  0.638611  
0.173851  0.689175  0.144448  
0.0425281  0.256503  0.701099  
0.0124069  0.0372548  0.950427  
0.150026  0.618879  0.23971  
0.000106079  0.450728  0.555875  
0.20048  0.772225  0.0346469  
0.0887536  0.695962  0.219439  
0.0385328  0.69847  0.26975  
0.127793  0.383779  0.488474  
1.10784e-06  0.154647  0.845502  
0.0631954  0.37366  0.565684  
0.101998  0.306417  0.591695  
0.211303  0.63424  0.157851  
0.0432503  0.615219  0.346202  
2.57294e-05  0.263397  0.738244  
0.0473757  0.759265  0.209201  
0.1153  0.48949  0.397  
0.00621747  0.868111  0.14191  
0.0748498  0.483911  0.445465  
0.168396  0.505649  0.326644  
0.18336  0.717929  0.102225  
0.0520524  0.295943  0.65247  
0.0728709  0.217598  0.710026  
0.0118903  0.182299  0.80592  
0.236615  0.701633  0.0649382  
0.00161805  0.712999  0.286878  
0.0299802  0.9017  0.0725918  
0.16432  0.789857  0.0501526  
0.14893  0.583786  0.279456  
0.133552  0.523611  0.34322  
0.0416642  0.809729  0.153312  
0.0533537  0.44814  0.507091  
0.107674  0.449251  0.449643  
0.139968  0.709273  0.15971  
0.00492313  0.642628  0.357862  
0.0257809  0.22695  0.747413  
0.000516693  0.786075  0.215652  
0.000486514  0.522767  0.483009  
0.0592324  0.341146  0.603018  
0.0192183  0.403221  0.577996  
0.000418129  0.479598  0.523839  
0.0465668  0.570963  0.390158  
0.189634  0.570883  0.242322  
0.000159885  0.354259  0.657164  
0.158246  0.636684  0.209219  
0.084208  0.389612  0.527992  
0.0921066  0.719695  0.18906  
0.0537092  0.1543  0.794312  
0.0817316  0.245177  0.673209  
0.121385  0.829433  0.0691446  
0.00015979  0.570511  0.437078  
2.80767e-06  0.0761569  0.923906  
0.0389378  0.669382  0.295966  
0.0111289  0.125642  0.864257  
0.119776  0.613486  0.278539  
0.0032685  0.972176  0.0270896  
0.0736857  0.31377  0.612743  
0.0786851  0.611931  0.313415  
0.093008  0.669222  0.253056  
0.0325017  0.194217  0.773361  
0.150094  0.450273  0.400319  
0.134764  0.403572  0.462645  
0.0877068  0.348487  0.566952  
0.14476  0.729558  0.136545  
