1  9.30808e-07  9.71587e-07  
5.61328e-07  1  7.12381e-07  
1.24016e-07  8.17934e-08  1  
0.142087  0.429002  0.429334  
0.480032  1.02674e-05  0.52022  
0.645594  0.189392  0.168327  
0.205823  0.0687291  0.725839  
0.0605893  0.748201  0.191335  
1.48094e-06  0.246188  0.759283  
0.753524  7.32528e-06  0.246718  
0.785664  0.224031  2.33371e-06  
0.492711  0.145496  0.362516  
0.209452  0.560091  0.272105  
0.324552  0.109649  0.568453  
5.90436e-05  0.610218  0.390063  
0.000967244  0.399422  0.60209  
0.0388884  0.106632  0.858108  
0.61489  0.0076415  0.379268  
0.862488  0.0291318  0.10857  
0.0724196  0.867749  0.0599749  
0.0958313  0.280542  0.632566  
0.370213  0.000494724  0.632806  
0.00844877  0.505159  0.495816  
0.10875  0.00204334  0.895305  
0.0721847  0.644003  0.284983  
0.656632  0.0648605  0.282012  
0.773632  0.0688797  0.158632  
0.560768  0.173269  0.273088  
0.405644  0.113066  0.483295  
0.531895  0.0427995  0.434707  
0.120232  0.347795  0.538575  
0.0645039  0.526509  0.412212  
0.0607808  0.165848  0.779366  
0.0178415  0.324018  0.682203  
0.706957  0.20007  0.0932671  
0.169166  0.497482  0.341991  
5.33407e-06  0.896462  0.104126  
1.64442e-05  0.698343  0.30301  
0.16665  0.0105415  0.824254  
0.0769126  0.79849  0.12563  
0.302093  0.0282917  0.674516  
0.688864  0.000130855  0.312437  
0.0166427  0.0480944  0.936919  
0.937987  0.0135916  0.0485149  
0.419058  0.0141377  0.572051  
1.34301e-05  0.768636  0.235436  
0.0167361  0.835127  0.148501  
0.0703026  0.929898  1.32575e-05  
0.0696312  0.428879  0.507298  
0.2343  0.00979083  0.765316  
3.70591e-05  0.18678  0.813932  
0.0913089  0.689967  0.227201  
0.0118285  0.944389  0.0500294  
0.076822  0.231639  0.691908  
0.559862  0.0598905  0.383154  
0.0188634  0.44008  0.552139  
0.072591  0.593927  0.342897  
0.606763  0.064969  0.329986  
0.449351  0.121699  0.432065  
0.116189  0.0404064  0.84609  
0.278908  0.092625  0.629822  
0.00567668  0.651587  0.343501  
0.066778  0.373526  0.564545  
0.128354  0.385718  0.487458  
0.728787  0.0645175  0.20779  
0.0508868  0.32708  0.635001  
0.0636518  0.479385  0.459189  
0.605502  0.169472  0.225384  
0.789971  0.0251293  0.185861  
0.739176  0.210835  0.0503152  
0.531243  7.2832e-05  0.476671  
0.644341  0.0208134  0.336737  
0.0344452  0.252213  0.715121  
0.166609  0.0558967  0.783497  
0.106942  0.309836  0.592042  
0.0213034  0.79523  0.184315  
0.000897353  0.558972  0.456721  
0.037673  0.00820019  0.960468  
0.367363  0.103968  0.529357  
0.376207  0.0532808  0.593475  
0.241602  0.080114  0.686777  
0.000997765  0.354578  0.647136  
1.17647e-05  0.139016  0.865426  
0.823652  0.0321151  0.146389  
0.064695  0.19529  0.740377  
0.521023  0.159337  0.324487  
0.899319  0.0303535  0.0705547  
1.51241e-05  0.0978274  0.903054  
0.331613  0.0344473  0.636829  
0.196155  0.0178423  0.788991  
0.964683  0.0227359  0.0141924  
0.00729152  0.734331  0.263884  
0.0440202  0.132449  0.823928  
0.581751  0.000307373  0.43975  
0.103488  0.832021  0.0919893  
0.674162  0.193101  0.133787  
0.690778  0.0655402  0.249196  
0.076921  0.020423  0.921052  
0.0753479  0.896682  0.0282706  
0.271183  0.0311568  0.731689  
