1  3.08129e-06  7.87063e-07  
1.33054e-06  1  6.71693e-07  
6.42343e-07  1.15641e-07  1  
0.428588  0.162792  0.42865  
2.21098e-06  0.466395  0.533713  
0.176259  0.644592  0.17919  
0.67339  0.224477  0.102198  
0.070991  0.200237  0.73337  
0.771779  3.2459e-06  0.228348  
0.232826  5.74798e-06  0.774148  
0.21408  0.786557  2.69493e-06  
1.17832e-06  0.659497  0.3411  
0.00241844  0.828189  0.16954  
0.387542  0.00223856  0.612617  
0.134686  0.490759  0.374801  
0.614952  0.00988381  0.387894  
0.105233  0.314903  0.580319  
0.864028  0.116237  0.019808  
0.547572  0.182615  0.269982  
0.0993868  0.0336373  0.867533  
0.26259  0.0881426  0.650333  
0.886089  0.000152546  0.114465  
0.502904  0.0238434  0.486996  
0.661812  0.072167  0.269733  
2.68919e-05  0.359113  0.641449  
0.109581  0.837818  0.0623262  
0.752554  0.256169  1.7497e-06  
1.63313e-06  0.104461  0.895641  
0.765916  0.10571  0.130581  
0.0800205  0.675729  0.244377  
0.0211802  0.564307  0.431232  
0.131212  0.398499  0.471618  
0.159491  0.556022  0.285132  
0.0054777  0.912971  0.082951  
0.346613  0.115894  0.538029  
0.207884  0.702536  0.0930745  
3.43391e-06  0.747298  0.256263  
0.303824  0.00817407  0.688934  
0.0948927  0.751256  0.164933  
0.15684  0.0550426  0.790923  
0.53988  0.0732649  0.394169  
0.6029  0.200679  0.196516  
0.0600926  0.491578  0.454692  
0.695158  2.42173e-05  0.316207  
0.590058  0.0963978  0.32084  
8.90144e-07  0.251701  0.749656  
0.0178543  0.155852  0.826901  
0.481413  0.160644  0.358237  
0.0822905  0.251815  0.666082  
0.819029  0.0341442  0.16131  
0.134529  0.773061  0.0976856  
0.0890149  0.598995  0.319929  
0.703949  0.0931881  0.205158  
0.936923  0.010497  0.0527776  
0.0204241  0.295199  0.688294  
0.0595351  0.402283  0.539526  
0.43757  0.0721436  0.498782  
0.0445215  0.0142564  0.941605  
0.176405  3.13151e-06  0.824941  
0.428716  0.0191402  0.558679  
0.0812024  0.531497  0.387922  
0.00136504  0.411138  0.588734  
0.201657  0.0683888  0.731827  
0.00872163  0.511208  0.482207  
0.330658  0.0331222  0.637738  
0.170984  0.594542  0.234623  
0.812745  0.108285  0.0809472  
0.0549593  0.353369  0.592555  
0.484193  0.0948482  0.441947  
0.300748  0.100841  0.59924  
0.028802  0.696637  0.292866  
0.119337  0.352166  0.531506  
0.0681439  0.443614  0.492141  
0.0196443  0.201052  0.779531  
0.13137  0.444319  0.425064  
0.565359  0.0273594  0.42056  
1.21474e-06  0.0560673  0.944372  
0.0384338  0.1117  0.851423  
0.119369  0.883156  0.0181772  
0.712589  0.23745  0.051804  
0.00838978  0.781605  0.212384  
0.20936  0.742979  0.0496519  
0.00490909  0.955987  0.0402088  
0.0140744  0.616803  0.386541  
0.652747  0.0113366  0.339852  
0.261892  0.0240992  0.730899  
0.634774  0.210599  0.154717  
2.63355e-05  0.871556  0.128588  
0.150272  0.515702  0.334498  
0.0950653  0.634119  0.28065  
0.732994  0.00273754  0.266069  
0.0540481  0.315603  0.640415  
0.509862  0.171037  0.320478  
0.185952  0.671558  0.142556  
0.0901252  0.280948  0.629026  
0.729131  0.102143  0.168877  
0.141503  0.000425839  0.858283  
0.146546  0.803784  0.0614834  
0.372574  0.127865  0.504411  
0.52584  0.0230753  0.453958  
