2.1206  0.18309  0.183073  
0.186163  4.16831  0.186185  
0.203307  0.203577  5.12585  
0.184416  2.18724  2.34512  
0.31914  2.36391  0.534128  
0.384618  0.444636  3.34672  
0.573693  0.787892  1.68393  
0.817087  1.05685  0.377162  
1.3616  0.31367  1.053  
1.43264  0.375564  0.359965  
0.777634  0.192576  2.77397  
0.872603  0.30495  2.24211  
0.357238  1.88686  1.24461  
0.929241  0.472242  1.38672  
0.440327  2.11884  0.199293  
0.993553  0.665536  0.885743  
0.448296  1.49607  1.33305  
1.06605  0.679613  0.479145  
0.455986  1.72586  0.809323  
0.436828  0.440126  2.95697  
0.486551  0.481377  2.61747  
0.499291  1.75264  0.417227  
0.524659  1.14441  1.39412  
1.21179  0.679762  0.185587  
0.638731  0.852001  1.38731  
0.547158  1.41662  1.00233  
0.381358  0.183028  4.35303  
0.615357  1.61821  0.196627  
0.412801  0.189935  4.10165  
0.189417  3.9159  0.263715  
0.521747  0.191299  3.78762  
1.14919  0.205165  2.02622  
1.88771  0.215921  0.19058  
0.664936  0.532415  2.1373  
0.208953  3.55437  0.185243  
0.215868  3.27768  0.228884  
0.713584  0.614743  1.55577  
0.607382  1.38053  0.762004  
0.231176  3.06731  0.308067  
1.21966  0.43582  0.89954  
1.0038  0.916918  0.210562  
0.565046  0.235865  3.4913  
0.288478  1.0193  2.59851  
0.762987  1.3542  0.18862  
0.25236  1.64652  1.96098  
0.791588  0.86594  1.1948  
0.592949  0.297489  2.75768  
1.01092  0.288397  1.69083  
0.339548  1.1221  2.41492  
0.260989  2.85982  0.315934  
1.69203  0.279553  0.208551  
0.25907  1.74  1.63361  
1.07746  0.29887  1.44947  
0.637445  1.16595  1.12859  
0.355821  0.284946  3.83264  
0.398905  1.04317  2.06527  
1.18571  0.522436  0.589602  
0.281238  2.70718  0.309639  
0.610392  1.43186  0.483  
0.33475  0.721603  2.70332  
0.29893  1.56302  1.63524  
1.52658  0.372958  0.21199  
0.718093  0.385561  2.44944  
0.859596  0.894489  0.688367  
0.660474  1.16193  0.985194  
0.473844  1.94918  0.266614  
0.742384  0.473568  1.98714  
0.510007  0.66239  2.47252  
0.67689  1.23744  0.584703  
0.218454  2.13146  1.45429  
0.868521  1.20113  0.204852  
1.30887  0.546238  0.194866  
1.57151  0.220678  0.958831  
0.274099  1.75717  1.50353  
0.236701  0.235765  4.97639  
1.56916  0.243314  0.785108  
0.313543  2.21491  0.998123  
0.796203  0.549569  1.45066  
0.293465  2.58355  0.386058  
1.42801  0.189902  1.39211  
0.541864  0.651056  2.34423  
1.17528  0.560047  0.450027  
0.283833  2.92212  0.186964  
0.389184  0.914663  2.48542  
1.3992  0.42585  0.245255  
1.067  0.797972  0.204205  
0.500095  1.02811  1.51393  
0.698999  1.11047  0.874507  
0.326595  1.44613  1.6353  
0.681733  0.698066  1.44147  
0.353883  0.790597  2.58927  
0.342226  2.02323  1.12859  
0.91791  0.782145  0.784844  
0.899532  0.359917  1.76704  
1.00988  0.555336  1.24229  
0.897706  0.92062  0.487561  
0.75678  0.943845  1.06223  
1.07528  0.536516  1.02449  
0.835601  0.431614  1.68393  
0.909054  0.950152  0.315929  
