2.04513  0.156214  0.152288  
0.162968  3.6363  0.160972  
0.15164  0.15164  6.15164  
0.187472  1.31891  2.55602  
0.336459  1.961  0.880528  
0.724646  0.640172  1.4077  
0.859  0.968719  0.227387  
0.193085  0.153729  5.0954  
1.37249  0.29538  0.721474  
0.219765  2.96796  0.179771  
0.307446  0.172778  4.36084  
0.307734  2.38699  0.244944  
1.4043  0.404023  0.176688  
0.495593  0.16467  3.75304  
0.244763  1.44531  2.0593  
0.687166  0.163554  3.08259  
0.868895  0.168709  2.55342  
0.404502  1.92236  0.403084  
0.274838  0.683181  2.92989  
0.305617  1.49512  1.41552  
0.336921  0.944947  2.45825  
0.989307  0.560616  1.02616  
0.478115  1.48718  0.956956  
1.02309  0.184218  2.12962  
1.06293  0.597469  0.547026  
0.526089  1.56903  0.367021  
0.400842  1.05078  1.704  
1.06328  0.208512  1.71963  
0.42259  0.551782  2.56118  
0.211845  0.366837  4.01104  
1.12795  0.599691  0.243372  
1.06107  0.288468  1.3664  
0.45801  0.769045  2.20337  
0.766331  0.373564  2.01735  
0.601464  1.30345  0.610418  
0.408674  1.13243  1.46187  
0.416944  2.10009  0.163239  
1.80904  0.177187  0.256953  
0.638332  1.31753  0.346336  
0.474773  0.332766  2.90563  
0.512516  0.876437  1.54668  
0.744597  0.436793  1.8  
0.553996  1.6766  0.163646  
0.661406  1.00712  1.14792  
0.771669  0.449676  1.60811  
0.668295  1.44977  0.156929  
1.18339  0.405342  0.908789  
1.5796  0.215042  0.526958  
0.557831  0.373231  2.55824  
0.546897  0.649363  2.01891  
0.812141  0.719807  1.21524  
0.684923  1.04685  0.901283  
1.20487  0.427719  0.656203  
0.95847  0.751869  0.373008  
0.700594  0.190645  2.65381  
1.58304  0.237522  0.347172  
0.676931  1.13979  0.629952  
0.299782  0.444464  3.61565  
0.714672  1.28267  0.170237  
0.569751  0.681959  1.75325  
0.780223  0.837725  1.02663  
1.64112  0.251242  0.184383  
0.978326  0.818573  0.207044  
0.911333  0.281336  1.82652  
1.24128  0.453927  0.355309  
0.915362  0.373649  1.40432  
0.351013  0.164548  4.1826  
0.524332  0.909872  1.40343  
0.584108  0.709421  1.59791  
0.796071  0.854948  0.888721  
0.736355  1.13465  0.338522  
0.301724  0.83601  2.56856  
1.28986  0.466994  0.237582  
0.328059  1.83889  1.22083  
0.239809  1.30987  2.40305  
0.293455  2.24129  0.647292  
0.632083  0.571188  1.8341  
0.445096  1.99059  0.178622  
0.871703  0.606071  1.30456  
1.41948  0.296455  0.521539  
0.811791  0.872143  0.72945  
1.4588  0.297245  0.404939  
0.300116  2.28125  0.486005  
1.04204  0.456345  1.22136  
0.408963  1.28374  1.35779  
0.303501  0.465187  3.51771  
1.22353  0.307448  1.23595  
0.572421  1.51786  0.259726  
1.1643  0.1926  1.51406  
1.54395  0.273881  0.259726  
0.567523  1.13285  1.25837  
0.698693  0.246711  2.56091  
0.4611  1.85688  0.214339  
0.891551  0.648903  1.16017  
0.278124  2.66264  0.161774  
0.657109  0.55687  1.7489  
1.12742  0.514327  0.582412  
1.33637  0.349157  0.521471  
0.757095  1.05463  0.438458  
0.588533  1.5824  0.161774  
