2.17119  0.288316  0.283952  
0.318193  3.38638  0.313851  
0.313328  0.311785  5.16477  
0.379635  1.44035  2.74845  
0.551041  1.77971  1.05942  
0.923304  0.530641  1.87062  
1.07332  1.01101  0.312854  
1.50329  0.381724  1.2216  
0.468374  2.38489  0.456614  
1.54464  0.436389  0.602827  
0.374262  0.368762  4.52596  
0.45365  0.436084  3.89884  
0.596519  1.8692  0.580188  
0.4786  1.30217  1.90396  
0.49019  0.619601  3.14467  
0.664575  1.02538  1.54481  
1.0534  0.540795  1.49393  
0.530212  0.68326  2.75404  
0.716491  1.34749  1.18842  
0.723337  1.493  0.666941  
1.20342  0.668654  0.834078  
1.332  0.682281  0.322254  
0.761952  1.57127  0.341022  
1.78658  0.383224  0.303892  
0.769578  0.324042  3.14448  
0.669142  0.736688  2.4358  
0.825063  1.31386  0.489206  
1.02962  0.290144  2.68399  
1.27373  0.297398  2.25024  
1.26345  0.311374  1.90396  
0.700288  0.808671  1.90346  
0.748049  0.405176  2.74947  
0.552678  2.1492  0.359692  
0.844323  0.800102  1.48812  
0.846574  1.11137  1.07485  
0.995722  0.829188  1.27615  
1.58632  0.489069  0.390303  
0.361092  3.06064  0.300153  
1.26185  0.351862  1.62516  
1.14351  0.824392  0.621849  
1.32505  0.48398  1.28614  
0.406104  1.63341  1.74257  
0.588749  1.97822  0.374114  
0.49425  1.3689  1.63689  
0.897445  1.0515  0.917748  
1.36332  0.489125  1.12177  
1.09765  0.361177  2.1989  
0.913617  1.12039  0.6875  
0.56175  1.6245  1.42304  
1.18024  0.839939  0.367044  
0.513676  0.290149  4.18703  
0.519089  1.15909  2.50691  
0.629152  0.296834  3.89391  
1.39919  0.492761  0.984671  
1.38169  0.545711  0.749616  
1.42957  0.547323  0.440461  
1.00147  0.898986  0.953479  
0.941904  0.402922  2.54256  
0.542494  1.40473  1.50814  
0.587767  0.556048  2.91906  
0.635673  1.74191  0.485957  
1.12653  0.414671  1.616  
0.78389  0.682977  1.90346  
0.948004  1.1012  0.509794  
0.800551  0.527609  2.51686  
0.600423  1.62588  1.09154  
0.350497  2.91269  0.433321  
0.953253  1.22272  0.374031  
0.534895  1.25511  1.76612  
0.731509  0.882989  1.55334  
1.69389  0.319666  1.05976  
1.07385  0.740871  1.15667  
1.21782  0.733713  0.453988  
1.37902  0.334599  1.52072  
1.68273  0.383674  0.46678  
0.9754  0.962133  0.853003  
0.453192  2.23326  0.885695  
0.618663  0.583775  2.75409  
1.16984  0.436525  1.5176  
1.08219  0.897581  0.53249  
0.399981  0.355769  4.3706  
0.456295  2.28886  0.694752  
2.03801  0.287545  0.392451  
0.729429  1.3808  1.01233  
0.418344  0.342433  4.23831  
0.882035  0.310345  2.91745  
1.0874  0.748149  1.04725  
0.668858  1.8211  0.327247  
0.959399  0.560637  1.60055  
0.843934  1.38313  0.395831  
0.400884  2.08408  1.64005  
0.891191  0.312104  2.74395  
1.46725  0.593737  0.309221  
0.530135  1.15502  2.41753  
0.687478  0.529784  2.68491  
1.20955  0.583094  1.36715  
1.70168  0.411032  0.356685  
1.56387  0.501697  0.311162  
0.862097  0.430492  2.63502  
0.405899  2.9813  0.3476  
