2.06946  0.069464  
0.069464  4.06946  
0.468916  2.46892  
1.08286  1.48231  
1.45661  0.869461  
0.661382  2.04745  
0.0926498  3.6932  
0.123698  3.34789  
1.73217  0.532173  
0.773202  1.73781  
1.18293  1.20864  
1.82889  0.2916  
0.240909  3.11988  
1.26184  1.01388  
0.277087  2.928  
0.306602  2.76566  
1.91585  0.137993  
0.335735  2.63235  
1.34273  0.900004  
1.6257  0.762978  
0.36856  2.53195  
0.561575  2.36911  
0.986447  1.64134  
0.686303  1.96055  
0.162505  3.26955  
0.588844  2.29653  
1.11116  1.41051  
1.75927  0.462557  
1.66316  0.693968  
0.917475  1.66895  
0.706931  1.89425  
0.852027  1.67245  
2.00619  0.074736  
1.85691  0.232653  
1.20403  1.15083  
0.41275  2.47581  
0.606357  2.24151  
1.02992  1.5884  
1.13036  1.3579  
1.29077  0.96186  
1.77881  0.412473  
0.724015  1.84488  
1.68496  0.646763  
1.5796  0.823364  
1.96232  0.0941395  
0.808611  1.69439  
0.618931  2.19905  
1.22013  1.10898  
1.14412  1.31906  
1.87766  0.194457  
1.79306  0.376637  
0.737782  1.80943  
0.526205  2.43357  
1.04921  1.55472  
0.207501  3.23608  
0.628367  2.16603  
1.69917  0.613749  
0.130347  3.31571  
1.31227  0.931385  
1.42646  0.869849  
0.24717  3.08995  
1.23218  1.07934  
0.0944296  3.66391  
1.15419  1.29032  
0.384065  2.50326  
0.0961654  3.63636  
1.3991  0.872995  
0.342697  2.60639  
0.0978675  3.61038  
0.635613  2.14022  
1.80343  0.351147  
0.281528  2.90285  
0.252117  3.06498  
1.55463  0.8445  
0.748511  1.78469  
1.60107  0.79874  
0.138114  3.29132  
0.311397  2.7413  
1.93805  0.113723  
0.0995203  3.58616  
0.216856  3.21201  
1.89219  0.170794  
1.63956  0.739402  
1.70886  0.590398  
0.101133  3.56351  
1.06047  1.53231  
1.00786  1.61924  
0.285303  2.88154  
0.540284  2.41219  
1.1617  1.26884  
0.102699  3.54248  
0.787653  1.71684  
0.256132  3.044  
1.24107  1.05854  
1.37768  0.879255  
0.315516  2.72104  
0.641234  2.12003  
1.09111  1.46227  
0.348579  2.58642  
1.7398  0.512684  
