1.99143  0.163023  0.160862  
0.169876  4.04636  0.177236  
0.212457  0.212502  5.05729  
0.170704  2.02102  2.5172  
0.295868  2.24734  0.647547  
0.382047  0.414489  3.12764  
0.534685  0.799879  1.60582  
0.778311  1.11444  0.206363  
1.27328  0.372697  0.634573  
0.740945  0.222485  2.55658  
0.803347  0.334365  1.97678  
1.52748  0.345588  0.168147  
1.05573  0.679567  0.259325  
0.385491  1.72276  0.973402  
0.30561  2.40373  0.263459  
0.406939  1.84792  0.504905  
0.829644  0.386196  1.61328  
0.202179  1.3159  2.55461  
0.728431  0.815649  1.27285  
0.411685  1.99613  0.202682  
0.481039  1.55489  0.712876  
0.465563  0.37344  2.77397  
0.998245  0.326122  1.36567  
0.450478  1.23382  1.36731  
0.351718  0.157688  4.2206  
0.549705  1.74921  0.185444  
1.23234  0.454323  0.35576  
0.489917  0.511821  2.55447  
0.561767  1.50834  0.273153  
0.840136  0.804502  0.80649  
0.738087  0.603324  1.42965  
0.57803  1.25478  0.895658  
0.856201  0.834397  0.594645  
0.301313  1.07517  2.51771  
0.586333  1.29288  0.690557  
0.256138  1.58498  1.82101  
0.1882  0.468184  4.13649  
1.76505  0.162189  0.514316  
0.424826  0.197631  3.86329  
1.01507  0.508978  1.12682  
0.305158  0.704488  2.71237  
1.25293  0.159362  1.52035  
0.6771  0.98063  1.07754  
0.358949  1.10123  1.94744  
0.569112  0.213787  3.15927  
0.901956  0.893893  0.217153  
1.20826  0.533308  0.199297  
0.623094  1.28834  0.518204  
1.77084  0.192543  0.209872  
0.153235  3.6547  0.516117  
1.38864  0.221989  1.17322  
1.61467  0.17613  0.984335  
0.153204  3.40365  0.985517  
1.60094  0.204271  0.556828  
0.361132  0.897657  2.49629  
0.165961  3.83875  0.288213  
0.247984  1.71742  1.44251  
0.156342  3.26923  1.19611  
1.3682  0.400309  0.211077  
0.870728  0.444058  1.36732  
0.297445  0.304706  4.03385  
0.553076  0.776  1.48208  
1.04506  0.201601  1.75709  
0.154679  3.53081  0.751055  
0.617402  0.352652  2.55616  
0.283539  0.340061  3.88208  
1.08589  0.523767  0.915982  
0.691494  1.03023  0.867651  
0.770405  0.989708  0.511083  
0.924235  0.214726  2.26596  
0.433008  1.8139  0.386694  
0.33469  1.33948  1.48935  
0.419458  1.01169  1.67345  
1.55841  0.232899  0.432017  
0.627715  1.40815  0.226126  
1.6294  0.23501  0.218337  
1.16459  0.369026  1.17394  
1.38093  0.265941  0.918508  
0.279887  2.01515  1.26247  
1.40704  0.295502  0.506711  
0.95299  0.74858  0.441  
0.459809  1.67602  0.564427  
0.286241  2.09891  1.09452  
0.94607  0.238454  1.94964  
1.11041  0.533386  0.533276  
0.288525  2.13859  0.984765  
0.64486  0.214015  2.81519  
0.683281  1.23038  0.352244  
0.45664  1.85781  0.204212  
1.28852  0.276588  1.17899  
0.462408  1.71988  0.38187  
1.15594  0.405469  0.97272  
1.02457  0.232564  1.67414  
0.656304  0.217551  2.71431  
1.01935  0.793877  0.184144  
0.557139  0.297088  2.71269  
0.664484  0.567822  1.83587  
0.476993  1.11983  1.45385  
1.12607  0.245815  1.35567  
1.47171  0.287398  0.398102  
