2.06946  0.069464  
0.0748212  4.00964  
0.510583  2.45076  
1.08818  1.46947  
1.4693  0.869324  
0.666528  2.02909  
0.0987191  3.59777  
1.73221  0.53207  
0.180738  3.26791  
0.782655  1.72356  
1.18968  1.18985  
0.260924  3.01826  
1.82893  0.291523  
0.298881  2.80645  
1.27261  0.993057  
0.335886  2.63176  
1.91588  0.137947  
0.38328  2.50445  
1.36262  0.886396  
1.62576  0.762871  
0.568408  2.35265  
0.996519  1.63189  
0.692742  1.93918  
0.104346  3.52137  
1.11647  1.39621  
0.594212  2.28026  
0.110588  3.45078  
1.75931  0.462457  
1.66322  0.69386  
0.714683  1.87116  
2.00624  0.0747242  
0.117742  3.38752  
1.21217  1.12938  
1.85694  0.232582  
0.938905  1.66597  
1.30734  0.93775  
0.611307  2.22504  
0.126449  3.33315  
0.88479  1.66949  
1.13588  1.3424  
1.03553  1.57924  
1.77885  0.412377  
0.732932  1.82145  
1.68501  0.646656  
0.213769  3.22073  
0.837839  1.67663  
1.5797  0.823264  
1.96239  0.0940961  
1.22936  1.08614  
0.623762  2.18224  
0.138368  3.29073  
1.14991  1.30254  
1.87771  0.194373  
0.346112  2.59458  
0.474379  2.46826  
1.7931  0.376546  
0.225135  3.18493  
0.747702  1.78647  
0.439543  2.46964  
1.05414  1.54515  
0.633202  2.14884  
1.69921  0.613648  
0.266767  2.98608  
0.536368  2.41871  
0.304752  2.77527  
1.24231  1.05571  
1.16026  1.27296  
1.33322  0.908366  
0.808592  1.69441  
0.232516  3.15653  
0.355092  2.56641  
0.411516  2.47644  
0.271643  2.95877  
0.64047  2.12278  
0.309828  2.74918  
1.80346  0.351079  
1.55478  0.8444  
1.60115  0.79864  
1.93811  0.113668  
1.89224  0.170722  
1.63962  0.739288  
0.759129  1.7628  
1.7089  0.590311  
0.275741  2.93562  
0.237909  3.13347  
1.06525  1.52222  
0.0762191  3.98709  
1.2852  0.970906  
1.16792  1.2511  
0.314193  2.72748  
0.0774687  3.96583  
1.0145  1.61083  
0.159808  3.26979  
1.25175  1.03485  
0.362696  2.54582  
0.547932  2.39819  
0.672321  2.00865  
0.646129  2.10237  
1.0963  1.44924  
0.0786133  3.9457  
