2.27534  0.369881  0.369594  
0.367366  4.34971  0.367388  
0.365252  0.365252  6.36525  
0.379631  0.737355  4.3026  
0.401934  1.97261  2.41386  
0.50688  2.58301  0.636092  
0.788304  0.504049  2.8243  
0.896053  1.21387  1.27468  
1.29749  0.923859  0.369845  
0.672414  1.94478  0.666854  
1.5886  0.370203  1.57962  
1.77626  0.416931  0.978684  
0.849424  0.722309  2.31679  
0.83766  1.47314  0.802154  
1.82744  0.464653  0.476567  
1.15445  0.520118  1.78664  
0.883116  1.63845  0.374305  
0.395196  1.37248  2.90939  
0.394326  0.362929  5.37089  
0.464381  1.57998  2.43082  
0.491067  1.62941  2.05774  
0.475735  0.40866  4.75697  
1.39872  0.599315  1.27038  
0.979059  1.29717  0.522325  
0.904512  0.89816  1.56876  
0.522107  1.65877  1.71822  
0.473822  0.755646  3.84529  
1.49469  0.609563  0.700573  
0.47404  1.05288  2.9054  
0.585128  1.29263  2.0455  
0.484698  0.432653  4.33352  
0.380851  3.79805  0.366014  
0.601556  2.37867  0.379652  
1.56928  0.65128  0.389936  
0.623466  1.31599  1.76295  
1.04704  1.0446  1.01977  
0.594766  0.391329  4.0279  
0.525798  0.832571  3.04171  
0.663991  2.12026  0.416404  
1.08279  1.08054  0.660644  
0.635251  0.997682  2.59884  
0.383335  3.59195  0.470326  
0.632326  1.72774  1.46378  
1.20086  0.606146  1.5718  
1.29931  0.721933  0.982403  
0.891258  0.704002  2.12597  
0.413501  3.4231  0.379329  
0.719982  1.09534  1.73566  
0.588444  0.541444  3.84602  
1.36154  0.745177  0.531706  
1.12146  0.855671  1.33889  
1.10609  1.17588  0.392701  
0.942851  0.723042  1.78406  
0.643314  1.45463  1.57849  
0.666071  1.72764  1.28335  
0.717097  1.92063  0.501048  
0.447159  2.14603  1.57121  
0.624769  0.730729  2.86206  
0.43909  3.21491  0.375387  
0.995362  0.504338  2.60864  
1.40653  0.445334  1.57982  
1.14146  0.928508  0.91114  
0.741741  0.927252  2.12597  
0.731272  1.76633  0.698494  
0.516055  2.22463  1.36066  
0.952586  1.45771  0.377135  
0.760585  1.17149  1.58084  
1.42939  0.780738  0.369144  
0.435082  3.01996  0.515417  
0.894653  0.364748  3.47042  
1.63089  0.427137  1.44153  
0.768144  0.955788  1.95264  
1.16016  1.04144  0.510042  
0.984355  0.763948  1.62097  
0.95362  0.371456  3.19742  
1.61438  0.477539  1.11372  
1.05669  0.374799  2.83129  
0.745298  1.97845  0.373557  
1.23942  0.393889  2.49507  
1.02852  0.511776  2.4385  
0.761523  0.383249  3.79339  
0.855595  1.34028  1.14394  
0.714847  1.58314  1.43552  
0.597461  1.15732  2.43141  
0.467238  2.93413  0.428017  
2.07958  0.395768  0.375511  
0.51999  2.28805  1.18223  
0.544614  2.06702  1.37869  
0.730404  0.808142  2.60443  
1.75404  0.533127  0.377002  
1.22523  0.400587  2.38189  
0.511761  0.939416  2.9054  
0.601786  1.17982  2.29278  
0.551416  2.14052  1.15795  
0.841539  1.52333  0.661254  
0.790599  0.986079  1.75642  
0.679799  0.571177  3.04355  
1.29908  0.413075  1.87197  
1.19169  0.914423  0.685199  
0.92863  1.10864  1.39657  
