2.06946  0.069464  
0.069464  4.06946  
0.468915  2.46892  
1.08286  1.48232  
1.45656  0.869461  
0.661382  2.04744  
0.0926509  3.69318  
0.123691  3.34793  
1.73218  0.53216  
0.773214  1.73779  
1.18293  1.20864  
1.82889  0.291596  
0.240903  3.11991  
1.26182  1.01391  
0.277086  2.92801  
0.3066  2.76567  
1.91586  0.137981  
0.335705  2.63247  
1.34269  0.900038  
1.6257  0.762977  
0.36852  2.53204  
0.561571  2.36912  
0.986425  1.64136  
0.686305  1.96055  
0.162517  3.26955  
0.588832  2.29657  
1.11117  1.41049  
1.75928  0.462545  
1.66316  0.693964  
0.917522  1.66895  
0.706941  1.89422  
0.852075  1.67244  
2.00621  0.0747306  
1.85691  0.232642  
1.20403  1.15083  
0.412706  2.47583  
0.606352  2.24153  
1.02991  1.58841  
1.13035  1.35793  
1.29072  0.96194  
1.77882  0.412453  
0.723981  1.84498  
1.68497  0.646753  
1.5796  0.823364  
1.96235  0.0941218  
0.808659  1.69435  
0.618919  2.19909  
1.22009  1.1091  
1.14412  1.31905  
1.87767  0.194444  
1.79307  0.376615  
0.737747  1.80951  
0.526211  2.43356  
1.04921  1.55473  
0.20748  3.23613  
0.628363  2.16605  
1.69918  0.613728  
0.130341  3.31573  
1.31221  0.931462  
1.42637  0.869853  
0.247162  3.08999  
1.23215  1.07942  
0.0944333  3.66385  
1.15419  1.29033  
0.384033  2.50331  
0.0961826  3.6361  
1.39928  0.872957  
0.342657  2.60654  
0.097892  3.61001  
0.635596  2.14028  
1.80343  0.351154  
0.281514  2.90293  
1.55464  0.844497  
0.252108  3.06503  
0.748498  1.78472  
1.60108  0.798728  
0.138124  3.2913  
0.311392  2.74132  
1.93807  0.113704  
0.0995412  3.58586  
0.216847  3.21204  
1.8922  0.170782  
1.63957  0.739384  
1.70886  0.590399  
0.101158  3.56317  
1.06047  1.53232  
1.00784  1.61927  
0.540254  2.41224  
0.285302  2.88154  
1.16163  1.26904  
1.37825  0.879033  
0.787695  1.71678  
0.102737  3.54197  
0.256153  3.04389  
1.24104  1.0586  
0.072003  4.04881  
0.315509  2.72108  
0.641217  2.12009  
1.09111  1.46226  
0.348627  2.58627  
