2.11049  0.169685  0.169684  
0.171156  4.14239  0.171251  
0.168793  0.168793  6.16879  
0.179891  0.517843  4.23702  
0.212678  1.90929  1.63704  
0.570982  0.397688  2.58322  
0.620672  1.59375  0.181165  
0.934696  0.422171  1.3834  
1.11531  0.632176  0.420528  
0.38589  1.09214  1.90665  
0.653002  1.14301  0.985908  
1.66331  0.191203  0.903478  
1.67944  0.259504  0.202354  
0.705411  1.14777  0.568362  
0.228354  2.98222  0.272557  
0.241008  2.58203  1.02081  
0.556852  0.776296  1.66221  
0.783762  1.19565  0.198996  
0.240947  0.172396  4.99579  
0.285453  2.39237  0.693806  
0.331739  0.179135  4.63299  
0.289294  1.60972  1.48318  
1.32021  0.319046  1.03306  
0.309092  2.43319  0.330554  
0.807377  0.829845  1.07489  
1.37584  0.323544  0.718342  
0.35848  0.173371  4.33983  
1.3732  0.457829  0.189997  
0.334271  2.04171  1.01369  
0.380814  0.181065  4.05596  
0.301266  0.435508  3.80153  
0.93516  0.911304  0.225867  
0.342566  2.18281  0.524586  
1.11901  0.182511  2.23853  
0.69513  0.514812  2.00806  
0.574373  0.905773  1.39125  
0.765664  0.170761  2.87628  
1.1406  0.694214  0.183351  
0.400371  2.04862  0.334689  
0.684136  0.647644  1.48147  
1.12481  0.204848  1.87333  
0.421762  0.221199  3.8169  
0.83721  0.190247  2.58879  
0.350445  1.27086  1.65556  
0.415951  1.62627  1.23915  
0.401186  1.84569  0.827581  
0.376967  0.656326  2.65663  
1.18595  0.435914  0.878454  
1.13812  0.234736  1.52683  
0.435056  1.79048  0.626563  
0.754213  0.967445  0.901566  
0.358747  1.45341  1.39537  
0.94935  0.739276  0.702705  
1.48724  0.292371  0.551901  
0.619274  1.39846  0.372459  
0.916363  0.261521  2.18437  
1.21612  0.459271  0.601044  
0.465798  1.97965  0.188368  
0.966953  0.267654  1.88257  
1.52637  0.302247  0.35969  
0.469062  1.56566  1.01126  
0.67077  0.252344  2.72549  
0.542759  0.623784  2.42313  
1.19717  0.242293  1.38403  
0.43176  1.08341  1.59167  
0.479025  1.82121  0.340423  
0.974398  0.730505  0.551179  
0.480362  1.61571  0.797578  
0.243528  0.302873  4.23702  
0.99691  0.777687  0.327832  
1.24099  0.544553  0.226746  
0.492027  1.36671  1.26643  
0.804624  1.03446  0.438397  
0.958286  0.569624  1.25319  
0.443182  1.12388  1.46307  
0.997814  0.589239  1.03143  
0.452232  0.360041  3.15276  
0.494471  1.84653  0.21654  
0.812272  0.492059  1.4612  
1.56569  0.338866  0.18016  
0.722513  0.275632  2.59008  
0.572045  0.661286  2.05117  
1.02821  0.279924  1.56848  
0.824578  0.843794  0.965376  
1.45766  0.347015  0.271501  
0.67165  1.29127  0.444445  
0.450161  0.891892  2.04194  
1.01142  0.31257  1.46369  
0.864041  0.332126  1.91244  
0.569648  0.279034  2.88778  
0.711307  0.525335  1.86368  
0.585508  0.671033  1.9069  
1.54918  0.193896  1.27046  
0.460093  0.919545  1.85938  
0.761891  0.623626  1.38074  
0.855847  0.723293  1.19469  
0.503777  1.72658  0.364207  
1.12195  0.530795  0.685663  
1.02271  0.621406  0.770665  
1.36272  0.367568  0.573468  
