2.17638  0.332944  0.33276  
0.350718  4.30855  0.351016  
0.379115  0.376734  5.22222  
0.373316  1.4393  2.81254  
0.459109  2.41093  0.900701  
0.808696  0.976297  1.53485  
0.966538  1.3356  0.340908  
1.41535  0.57814  0.811282  
0.534566  0.363148  4.44369  
0.823552  0.363642  3.00539  
0.38393  3.55602  0.348764  
0.458151  2.99957  0.35127  
1.32421  0.830555  0.335612  
0.921418  0.504044  2.51635  
0.485293  2.49951  0.439602  
0.983926  0.551428  1.94011  
0.547826  1.97643  1.10791  
0.414279  1.01101  3.40189  
0.577654  2.08706  0.639513  
1.74655  0.452297  0.380053  
0.457774  1.05182  2.80665  
0.47679  0.443081  3.96744  
0.469351  1.46012  2.0867  
0.990992  0.979482  1.10264  
1.09883  0.60998  1.53861  
0.498691  1.53414  1.64194  
0.658135  1.67551  1.04209  
0.605023  0.745243  2.78019  
1.01069  1.0346  0.773139  
0.636545  2.06379  0.361721  
1.06693  1.04984  0.499345  
0.717612  1.42554  1.30256  
1.48308  0.583081  0.47352  
0.566928  1.11857  2.39952  
0.726304  1.64292  0.608964  
0.57871  0.512594  3.52329  
0.580213  1.17877  2.09167  
1.50303  0.351602  1.55043  
0.604843  0.536851  3.17566  
0.775776  0.722026  2.33522  
0.891331  0.756452  1.60004  
1.20448  0.650577  1.33277  
0.75598  1.69577  0.408116  
1.23439  0.354379  2.37108  
0.617128  1.25841  1.5771  
0.744304  1.45359  1.0389  
1.13324  0.835644  0.982447  
0.783267  1.42527  0.85739  
1.28152  0.434126  1.54725  
0.74677  0.539568  2.81946  
0.793792  1.46498  0.687222  
0.828609  1.20762  1.2931  
0.809767  1.51032  0.477118  
0.619831  0.899075  2.57854  
1.08626  1.13772  0.350223  
1.17209  0.910679  0.445859  
0.660376  1.04843  1.95951  
1.13136  0.403684  2.25807  
0.45955  0.855337  3.40189  
1.27068  0.635815  1.16384  
1.52349  0.434544  1.29856  
1.32797  0.692968  0.593863  
1.57137  0.441408  1.06827  
0.855239  1.20836  1.09606  
0.843362  1.28724  0.935661  
0.826204  1.58449  0.344624  
1.15592  0.416738  2.06795  
0.620082  0.618988  3.0294  
0.842426  1.32732  0.756377  
1.36255  0.706009  0.44289  
0.686445  1.06539  1.66495  
1.58443  0.462975  0.746982  
0.946338  0.38537  2.81292  
0.922791  0.638626  1.82182  
1.16624  0.419305  1.92635  
0.982103  0.862757  1.48612  
0.778572  0.766135  2.12698  
1.9406  0.339846  0.763793  
1.98518  0.341478  0.606932  
1.21718  0.776653  0.764454  
2.06301  0.349671  0.342567  
0.945155  0.647377  1.66843  
0.43916  2.04965  1.53215  
0.471289  2.29442  1.00962  
0.786774  0.828551  1.81452  
1.41938  0.726191  0.335478  
1.22215  0.806518  0.59557  
0.668924  0.945418  2.06466  
0.984703  1.20106  0.427984  
0.723657  0.415541  3.17674  
1.03025  0.531694  1.84334  
1.01482  0.881358  1.35928  
1.94389  0.354243  0.445859  
1.31821  0.539131  1.39551  
1.81145  0.340645  1.27872  
1.45581  0.4837  1.16245  
0.863226  1.43339  0.422352  
0.382733  0.608062  4.33277  
1.18845  0.464195  1.60004  
0.899295  1.07748  1.29856  
