2.07658  0.303871  0.302342  
0.34217  3.58235  0.336108  
0.340441  0.341834  5.18913  
0.360395  1.48782  2.71732  
0.496662  2.00139  1.12311  
0.84034  0.767018  1.69487  
0.969128  1.21934  0.327108  
1.34977  0.535168  0.988337  
1.44538  0.617517  0.356473  
0.442896  0.332695  4.2756  
0.390264  2.89822  0.337508  
0.488057  2.30949  0.593793  
0.923856  0.309951  2.79647  
0.401264  0.902784  2.99217  
0.575376  1.88475  0.740527  
0.452758  1.343  2.31421  
0.547634  0.509815  3.58204  
0.455956  1.53783  1.87343  
0.583751  2.07186  0.337961  
0.526315  1.45218  1.54199  
0.595243  0.509689  2.9992  
1.08891  0.82849  0.809286  
1.04836  0.443568  2.19114  
0.666025  1.54259  1.01544  
1.14523  0.898926  0.509339  
1.07132  0.523994  1.54857  
1.81472  0.347212  0.551983  
0.48059  1.08263  2.70462  
0.620999  0.626311  2.73934  
0.585783  1.1138  1.7869  
0.714888  1.62457  0.478529  
0.694772  1.1036  1.49987  
1.84155  0.377078  0.319022  
0.616115  0.832908  2.47361  
0.825447  0.512835  2.55846  
0.763384  1.23534  1.25084  
0.641523  0.872536  2.22928  
1.61621  0.418448  0.552288  
1.22494  0.857989  0.319022  
0.773437  1.43105  0.58512  
1.33401  0.336631  1.62302  
0.861105  0.53344  2.30826  
0.613403  0.327935  3.926  
0.641042  0.913525  2.0614  
0.904401  0.550263  1.95167  
0.901677  0.601251  1.7626  
0.688494  0.429046  2.85002  
0.93298  0.97789  1.11276  
0.827577  0.86268  1.53996  
0.91593  0.651286  1.58967  
0.757352  1.6744  0.323309  
0.821742  1.51687  0.319314  
1.65547  0.478562  0.310841  
0.449186  0.919471  2.84707  
0.810422  1.28683  0.786214  
1.01308  1.05493  0.453244  
0.678526  0.961259  1.91561  
1.30216  0.7091  0.370817  
0.835024  1.29825  0.641837  
1.1557  0.392391  1.77843  
0.454356  2.67212  0.455744  
0.839965  1.33613  0.479681  
0.699166  0.913102  1.70803  
1.51163  0.344739  1.46703  
0.541189  1.75733  1.25146  
0.715262  0.750672  2.21201  
0.40458  1.88103  1.6767  
0.462461  2.47086  0.4425  
1.11104  0.710622  1.24636  
1.33343  0.584563  0.842694  
0.721639  0.798694  1.98973  
1.18995  0.689094  1.0006  
0.716303  0.973894  1.53216  
0.902714  1.12477  0.9299  
1.34567  0.359123  1.51389  
0.79201  0.644049  2.19673  
0.465754  0.440787  3.9236  
0.608844  1.92599  0.466494  
0.833687  0.40845  2.74381  
1.23001  0.371984  1.65865  
0.656857  1.86759  0.368691  
0.594333  1.2173  1.63515  
0.989235  0.93531  0.98656  
1.12578  0.996771  0.358587  
0.571527  1.78709  0.992365  
1.50749  0.520251  0.45629  
0.770553  0.700598  2.07164  
0.423154  1.92746  1.58097  
0.491091  1.1433  2.59904  
1.05933  0.431387  2.0545  
0.923388  0.42398  2.5575  
0.469563  2.53747  0.354085  
0.833251  0.321347  2.9992  
0.845751  1.42998  0.387057  
0.495811  2.40857  0.382545  
0.378034  2.45475  1.32096  
0.983652  0.525738  1.72727  
1.00615  0.950966  0.838043  
0.757984  0.797697  1.73742  
1.53694  0.424299  0.844158  
