2.05869  0.183236  0.178086  
0.192777  4.1506  0.193075  
0.216356  0.217062  5.06892  
0.193136  1.94826  2.51454  
0.330474  2.29965  0.696827  
0.499462  0.310308  3.37929  
0.586593  0.843999  1.52551  
0.847559  1.0956  0.219086  
1.31106  0.381651  0.672075  
0.756496  0.262126  2.63263  
0.259949  3.13714  0.194825  
1.2325  0.585443  0.190753  
0.391153  2.47034  0.227828  
0.830133  0.39706  2.12517  
0.422736  1.78757  1.03125  
0.43859  1.94719  0.39211  
0.835787  0.470517  1.62786  
0.227531  1.06215  2.90789  
0.247746  1.45789  2.53603  
1.69014  0.250373  0.332892  
0.504871  1.61326  0.636055  
0.94917  0.679244  1.10684  
0.477101  0.584683  2.59608  
0.587014  1.70758  0.190308  
0.255213  0.266215  4.82026  
0.588854  1.36849  0.966164  
0.232603  1.17673  2.64927  
0.9881  0.721155  0.631444  
0.261252  0.359589  4.15609  
1.05124  0.440484  1.38421  
0.603904  1.47998  0.39211  
0.195121  2.11798  2.25614  
1.0085  0.853924  0.249854  
1.45776  0.364164  0.384062  
0.267575  1.64802  1.91502  
0.381269  1.13172  2.05733  
0.752652  0.878196  1.31074  
1.56471  0.354213  0.186309  
1.22505  0.215552  1.59153  
0.651409  0.648805  1.88956  
0.772795  0.60545  1.46362  
0.673897  1.29941  0.625214  
1.30789  0.212128  1.37937  
0.41805  0.906956  2.40157  
0.380221  0.193335  4.49774  
0.591705  0.311425  2.73959  
0.486976  1.20394  1.39455  
0.686023  1.11875  1.11468  
0.426682  2.30046  0.236643  
0.68192  1.55593  0.20544  
1.40363  0.435088  0.196015  
0.955538  0.323573  1.59657  
1.10484  0.291596  1.45195  
1.08607  0.610634  0.51193  
0.842155  0.899334  0.934874  
1.15279  0.464263  1.17243  
0.400225  0.205617  4.2157  
0.328134  0.795543  2.76658  
0.187576  2.63821  1.39795  
0.281194  1.87882  1.43108  
0.826201  0.956387  0.613043  
1.92087  0.201713  0.203723  
0.328825  0.277562  4.04566  
1.52823  0.221966  1.23821  
0.71252  1.39579  0.233341  
0.422521  1.09203  1.79948  
0.692694  1.17169  0.927006  
1.17879  0.470887  1.02952  
0.465272  2.08946  0.187682  
1.51897  0.241758  0.902452  
0.694163  1.18227  0.798218  
0.328104  0.832614  2.62174  
0.673658  0.78083  1.40663  
0.887842  0.504515  1.41042  
1.55094  0.24322  0.750451  
0.281866  2.78638  0.283505  
0.73994  1.22857  0.368876  
0.480333  0.890648  2.11944  
1.06823  0.748854  0.234425  
0.285729  2.6112  0.578368  
0.287566  2.66281  0.455962  
0.655465  0.342177  2.6169  
0.641287  0.676786  1.78907  
0.486623  0.952149  1.89721  
0.32312  2.18352  1.05248  
1.40749  0.279625  1.15265  
0.553218  0.633623  2.41432  
0.494256  1.50052  1.27244  
0.39349  1.62899  1.38383  
0.884804  0.252466  2.54011  
0.289745  1.28225  2.45726  
0.497062  0.992274  1.62504  
0.462539  1.11809  1.49246  
0.945878  0.967696  0.187576  
0.722241  0.533468  1.90622  
0.291306  2.95041  0.195923  
0.499315  0.497576  2.63969  
1.14646  0.574114  0.403415  
0.868825  0.385234  1.78619  
0.764313  1.30979  0.254849  
