2.05522  0.149873  0.147595  
0.148233  4.14381  0.148233  
0.169672  0.169551  5.05283  
0.164246  2.2379  2.19518  
0.284403  2.35228  0.42142  
0.311295  0.503294  3.31489  
0.519326  0.809388  1.61083  
0.764055  1.07197  0.318163  
1.28542  0.300329  1.0218  
1.36147  0.380853  0.272684  
0.656627  0.199939  2.74721  
0.776377  0.319537  2.24288  
0.840748  0.361051  1.66343  
0.319353  1.94379  1.1715  
0.8774  0.659534  1.19073  
0.370761  1.86787  0.784073  
0.93918  0.685956  0.716527  
0.403153  2.04444  0.194437  
1.00154  0.718004  0.319951  
0.41247  1.5305  1.22806  
0.323507  0.165597  4.46724  
0.188296  1.13863  2.63525  
0.325886  0.541001  2.96651  
0.330541  0.178241  3.99408  
0.460031  1.69535  0.469954  
0.942329  0.366241  1.36746  
0.413911  0.53698  2.55618  
0.411291  1.24056  1.35499  
0.540084  1.71958  0.154884  
0.150469  3.89654  0.21068  
0.631044  0.851605  1.35081  
0.49229  1.45067  0.907151  
0.41638  0.258396  3.62799  
0.603689  0.566323  1.97958  
0.532557  1.45957  0.616967  
1.82195  0.188146  0.158583  
1.11998  0.465879  0.848089  
0.625494  1.49668  0.156264  
0.44731  0.28748  3.32423  
0.570566  0.324145  2.55668  
0.686827  0.595468  1.48325  
1.19644  0.58932  0.158091  
1.61581  0.1803  0.796123  
0.317761  1.06492  2.35702  
0.211521  3.10711  0.152682  
0.571494  1.24103  0.982822  
0.221776  1.57662  2.18831  
1.62565  0.197379  0.556654  
1.64306  0.202412  0.361503  
0.337046  1.07979  2.09709  
0.888492  0.960023  0.18431  
0.592891  1.2646  0.766931  
1.08183  0.192351  1.85554  
1.13881  0.199631  1.4674  
0.729735  1.31846  0.149249  
0.24924  2.88659  0.152766  
0.256608  1.63716  1.61536  
1.20964  0.428045  0.650355  
1.63623  0.241121  0.210576  
1.04928  0.739384  0.168825  
1.45305  0.236222  0.873418  
0.756147  0.173506  2.60504  
0.376419  1.08304  1.76829  
0.273114  0.799331  2.60643  
0.632352  1.02962  1.21146  
1.21798  0.451314  0.454981  
0.772368  0.885712  0.87993  
0.805929  0.472901  1.40636  
0.273019  2.70903  0.154992  
1.49051  0.238273  0.642251  
0.845469  0.83228  0.601106  
0.470795  0.658822  2.40044  
0.599207  1.36697  0.405129  
0.271509  2.5791  0.249497  
0.625074  0.430376  2.42943  
1.50797  0.315095  0.164791  
1.07141  0.571506  0.557311  
0.625113  1.11475  0.991738  
0.415002  1.89539  0.350496  
0.201132  0.200849  4.92197  
0.283033  2.45268  0.302079  
1.07871  0.599426  0.402164  
1.30426  0.471131  0.170337  
0.40875  1.12448  1.4751  
0.490396  0.690006  2.20066  
0.930803  0.248642  1.85911  
1.16533  0.248248  1.35517  
0.219787  0.266181  4.38123  
0.778558  1.10035  0.207493  
0.700034  0.42241  2.16991  
0.772152  0.728634  1.30616  
0.465339  0.368994  2.98746  
0.215192  2.04693  1.35605  
0.711471  0.433621  1.977  
0.991118  0.265824  1.60738  
0.656589  0.21674  2.60417  
0.440834  0.439267  2.61946  
0.667316  1.20103  0.452807  
0.704395  0.659604  1.38423  
1.10076  0.635009  0.221331  
