2.12108  0.293844  0.29387  
0.294812  4.25864  0.295  
0.307635  0.309064  5.4112  
0.298158  2.16485  2.63167  
0.403774  2.50894  0.932909  
0.508207  0.551157  3.45349  
0.65083  1.02757  1.63899  
0.853329  1.38869  0.366575  
1.35611  0.535483  1.04013  
1.3985  0.645479  0.337947  
0.746176  0.401735  2.77772  
0.324002  3.57714  0.295056  
0.855953  0.550697  2.2673  
0.399004  2.90483  0.329954  
0.898535  0.598742  1.78709  
0.978211  0.981088  0.882355  
0.444365  2.50945  0.484649  
0.512423  2.03453  1.10295  
0.513944  2.17096  0.529306  
1.79719  0.334062  0.638253  
0.424112  0.825995  3.02379  
0.552086  1.71562  1.34033  
1.05091  0.990074  0.598331  
0.349669  1.52101  2.64731  
1.07862  0.546673  1.50647  
1.12363  1.01608  0.304502  
0.396542  0.307783  5.08966  
0.493525  0.771169  2.74683  
1.74001  0.390027  0.392566  
0.500792  0.301219  4.50872  
0.596836  1.9933  0.362026  
0.517671  0.311615  4.18476  
0.614146  1.74698  0.860594  
1.25339  0.310699  2.17761  
0.425168  1.32125  2.47721  
1.32955  0.311731  1.82634  
1.46517  0.316679  1.51589  
1.13799  0.676775  1.24533  
0.624798  0.809457  2.53065  
0.653695  1.78544  0.459311  
1.19905  0.702597  0.847719  
1.5416  0.439689  0.722303  
0.802333  0.849331  1.55226  
0.657066  1.39783  1.38118  
0.455114  1.51786  1.69474  
0.554795  0.312475  3.99006  
0.458724  1.29823  2.19706  
0.794466  1.19387  1.19741  
1.22072  0.767036  0.480558  
0.666032  1.57137  0.932661  
1.57017  0.460391  0.50118  
0.582632  0.374942  3.77613  
1.04296  0.331729  2.62818  
0.959095  1.14373  0.429106  
0.471248  1.35479  1.93099  
0.450427  2.70733  0.294643  
0.591062  0.580326  2.79983  
1.217  0.358125  1.72147  
0.926791  0.627869  1.6062  
0.688849  1.85742  0.300924  
0.703855  0.664165  2.56267  
0.988823  0.407777  2.43097  
0.61248  0.892812  2.30549  
1.58357  0.506507  0.334304  
0.603661  0.428807  3.38768  
0.716281  1.59958  0.502685  
0.515281  1.34283  1.68524  
1.33278  0.350501  1.56816  
1.00202  0.775689  1.40097  
0.445654  1.14343  2.62818  
0.831814  1.19481  1.06753  
1.27529  0.828265  0.306516  
0.44393  2.5808  0.35645  
0.532488  1.40398  1.53604  
0.517624  1.20513  2.11578  
1.00068  1.23192  0.301277  
0.675112  1.44914  1.19741  
0.837558  1.27169  0.680594  
1.08749  0.803483  0.968776  
0.727089  1.48524  0.723194  
1.63116  0.329875  1.39776  
0.523431  1.23426  1.95861  
1.23097  0.594616  1.15646  
0.945338  0.491896  2.16535  
1.41408  0.431943  1.37253  
1.2958  0.63997  0.638253  
0.471385  2.40909  0.441537  
1.95107  0.336339  0.311426  
0.75924  0.55499  2.62029  
0.867237  0.305865  2.93306  
1.66451  0.33281  1.2535  
1.49032  0.542866  0.377357  
1.14519  0.453456  1.54314  
1.1824  0.898066  0.309931  
0.917918  0.347918  2.69991  
0.768298  1.59441  0.342986  
1.45593  0.420368  1.23043  
1.31162  0.685631  0.431728  
1.04019  0.468984  1.7675  
0.523888  1.95202  1.09395  
