2.06946  0.069464  
0.069464  4.06946  
0.468917  2.46892  
1.08281  1.48243  
1.45641  0.869461  
0.661392  2.04741  
0.0927055  3.69226  
0.12388  3.34684  
1.7322  0.532111  
0.773195  1.73782  
1.18288  1.20879  
1.82895  0.291465  
0.243953  3.10558  
1.2617  1.01416  
0.280529  2.90851  
0.309733  2.74966  
1.91591  0.137912  
0.340124  2.6157  
1.34226  0.900386  
1.62578  0.762845  
0.561566  2.36914  
0.986471  1.64132  
0.376014  2.51676  
0.686401  1.96022  
0.166013  3.26947  
0.588974  2.29614  
1.1111  1.41068  
1.75935  0.462354  
1.66321  0.693864  
0.916841  1.66899  
0.707003  1.89403  
0.84947  1.67303  
2.00625  0.0747207  
1.85694  0.232581  
1.20385  1.1513  
0.606459  2.24117  
1.0299  1.58842  
1.13038  1.35784  
1.29048  0.962314  
1.77891  0.412224  
0.724097  1.84466  
1.68505  0.646568  
1.57967  0.823292  
0.42165  2.47234  
1.96236  0.094114  
0.619028  2.19871  
1.21991  1.10954  
0.807758  1.69513  
1.14413  1.31902  
1.87781  0.194201  
1.79316  0.376388  
0.208549  3.23374  
0.737849  1.80926  
0.52624  2.43352  
1.0492  1.55474  
1.69922  0.613634  
0.628784  2.16455  
1.42543  0.869899  
1.31183  0.931938  
0.250367  3.07393  
1.23201  1.07975  
0.094657  3.66024  
1.15425  1.29016  
1.39781  0.873259  
0.349024  2.58498  
0.0971675  3.62094  
0.396128  2.48815  
1.80352  0.350925  
0.218653  3.20658  
0.636114  2.13843  
1.55469  0.84446  
0.255726  3.04615  
0.284991  2.8833  
0.315414  2.72154  
0.748566  1.78457  
1.60111  0.798688  
0.0994399  3.58731  
1.93812  0.113659  
1.89232  0.170602  
1.63975  0.73906  
1.70886  0.590398  
0.101197  3.56264  
1.0605  1.53226  
1.00795  1.61913  
0.540311  2.41215  
1.16162  1.26908  
0.259634  3.02525  
1.37698  0.879533  
0.288994  2.86082  
1.24086  1.05901  
0.103626  3.53047  
0.787607  1.7169  
1.09102  1.46249  
0.320422  2.69782  
0.641591  2.11874  
1.73991  0.512407  
0.224548  3.18702  
0.667065  2.02719  
0.569681  2.34945  
1.83772  0.272193  
