2.06946  0.069464  
0.069464  4.06946  
0.468918  2.46892  
1.08286  1.48232  
1.4563  0.869461  
0.661401  2.04737  
0.0926517  3.69316  
0.123686  3.34795  
1.73217  0.532168  
0.773256  1.73772  
1.18293  1.20865  
1.8289  0.291591  
0.240913  3.11986  
1.26176  1.01403  
0.277086  2.92801  
0.306595  2.76569  
1.91587  0.137967  
0.33572  2.6324  
1.3427  0.90003  
1.6257  0.762978  
0.368578  2.53191  
0.561587  2.36909  
0.986444  1.64134  
0.686338  1.96044  
0.1625  3.26955  
0.588843  2.29653  
1.1112  1.41039  
1.75929  0.462518  
1.66316  0.693967  
0.917653  1.66894  
0.70698  1.8941  
0.852289  1.67239  
2.00622  0.0747278  
1.85692  0.232633  
1.20454  1.14948  
0.41293  2.47572  
0.606381  2.24143  
1.02996  1.58834  
1.1304  1.3578  
1.29078  0.961839  
1.77883  0.412426  
0.724026  1.84486  
1.68498  0.646734  
1.5796  0.823361  
1.96236  0.0941119  
0.808822  1.69421  
0.618954  2.19897  
1.22077  1.10737  
1.14413  1.31902  
1.87768  0.194422  
1.79308  0.376597  
0.737801  1.80938  
0.526215  2.43355  
1.04924  1.55467  
0.20747  3.23615  
0.628389  2.16595  
1.69918  0.613736  
0.130329  3.31578  
1.31227  0.931381  
1.42595  0.869873  
0.247187  3.08986  
0.094432  3.66387  
1.23262  1.07831  
0.38419  2.50307  
1.15421  1.29026  
0.0961762  3.63619  
1.39814  0.87319  
0.342746  2.60622  
0.0978941  3.60998  
0.635642  2.14012  
1.80344  0.351122  
0.281537  2.9028  
1.55464  0.844496  
0.252131  3.06491  
0.748522  1.78467  
1.60108  0.798727  
0.138094  3.29137  
0.311395  2.7413  
1.93808  0.113692  
0.0995518  3.58571  
0.216849  3.21203  
1.89222  0.170745  
1.63957  0.739382  
1.70885  0.590418  
0.10127  3.56164  
1.06051  1.53224  
1.00787  1.61922  
0.540267  2.41222  
0.285309  2.8815  
0.787778  1.71668  
0.256158  3.04386  
0.102906  3.53976  
1.16147  1.26951  
0.0720048  4.04879  
1.37752  0.879318  
1.24155  1.05744  
0.315537  2.72094  
0.641261  2.11993  
1.09126  1.4619  
0.348664  2.58614  
