1.38956  0.794952  
3.72913e-05  3.98565  
0.321412  2.91688  
0.743491  2.27074  
0.801728  1.68268  
0.356494  2.52964  
0.0540894  3.71829  
0.0703986  3.46723  
0.0912562  3.23702  
0.391314  2.38998  
1.29112  1.58331  
1.29756  1.49089  
0.832971  1.59328  
1.30403  1.40283  
1.31029  1.32206  
1.31632  1.24867  
1.32247  1.17856  
1.32843  1.11562  
0.10746  3.18053  
1.33414  1.06002  
0.747595  2.21541  
0.000842603  3.9324  
0.751566  2.16334  
1.33993  1.0087  
0.75525  2.11649  
1.34587  0.961377  
0.758753  2.07341  
0.7621  2.03356  
1.35175  0.920066  
0.00427723  3.89511  
0.765384  1.9958  
0.768628  1.95988  
0.323852  2.88417  
1.35751  0.885141  
0.360612  2.49889  
0.326173  2.85367  
0.771566  1.92854  
0.328392  2.82505  
0.774243  1.90105  
1.36285  0.857755  
0.364705  2.47195  
0.8069  1.65571  
0.330503  2.79842  
0.777114  1.87271  
0.332459  2.77432  
0.36872  2.44913  
0.77949  1.85016  
0.3343  2.7521  
1.36809  0.835569  
0.812002  1.63374  
0.336071  2.73119  
0.781717  1.8298  
0.0717708  3.44771  
0.372642  2.43037  
0.337904  2.71011  
0.073089  3.42946  
0.783756  1.81185  
0.304094  3.16271  
0.339434  2.69288  
0.0744008  3.41171  
1.37306  0.818951  
0.816756  1.61752  
0.305211  3.14643  
0.785747  1.79493  
0.0755949  3.39602  
0.340895  2.67685  
0.0550881  3.7029  
0.306291  3.13066  
0.376472  2.41546  
0.0767549  3.38116  
0.0560063  3.68849  
0.34224  2.66238  
0.30728  3.11627  
0.093445  3.22268  
0.787447  1.78097  
0.056892  3.6746  
0.0778379  3.36775  
0.308208  3.10282  
0.343519  2.6489  
0.0577083  3.66174  
0.0789087  3.35479  
0.789408  1.76548  
0.309108  3.08992  
0.0584783  3.64965  
0.34467  2.63706  
0.0956619  3.21028  
0.04236  3.88335  
0.821393  1.60565  
0.309918  3.07812  
0.0799328  3.34279  
0.0591912  3.63841  
0.380162  2.40433  
1.37742  0.80795  
0.0432479  3.87248  
0.345748  2.62613  
0.310672  3.06727  
0.791005  1.75333  
0.0599286  3.62683  
0.080857  3.33229  
0.0440587  3.86225  
