1.38954  0.794956  
3.90977e-05  3.98588  
0.3215  2.91573  
0.743853  2.26587  
0.802436  1.67872  
0.356643  2.52854  
0.0540874  3.71838  
0.0704704  3.4662  
0.0914201  3.2359  
0.391221  2.38998  
1.29229  1.56601  
1.29918  1.46857  
0.833007  1.59328  
1.30639  1.37388  
1.31327  1.28703  
1.32502  1.15715  
1.33043  1.09567  
0.107455  3.18053  
0.747956  2.21061  
0.000854382  3.93203  
1.33646  1.0389  
0.751914  2.15889  
0.755761  2.11024  
1.34291  0.984293  
0.759294  2.0669  
1.34845  0.942562  
0.763207  2.02075  
0.00428125  3.89511  
0.766902  1.9789  
1.35591  0.894339  
0.323939  2.88304  
0.769921  1.94598  
0.326264  2.8525  
0.360703  2.49832  
0.773  1.91375  
1.36115  0.865952  
0.328658  2.82183  
0.775791  1.88568  
0.364747  2.47176  
0.330718  2.79578  
0.807509  1.65285  
0.778377  1.8607  
0.332842  2.76969  
1.36629  0.842676  
0.368755  2.44898  
0.3349  2.74501  
0.781335  1.83334  
0.812796  1.63076  
0.0718737  3.4463  
0.337197  2.71823  
0.784209  1.80852  
1.37127  0.824463  
0.0734326  3.4248  
0.372482  2.43108  
0.338972  2.69811  
0.304072  3.16309  
0.305208  3.14649  
0.0751743  3.4015  
0.340502  2.68117  
0.786599  1.78791  
0.817556  1.61521  
0.0550866  3.70292  
0.306325  3.13019  
0.0763994  3.38571  
0.341938  2.66562  
0.0561864  3.6868  
0.307362  3.11515  
0.377086  2.41387  
0.0935476  3.22214  
0.0776739  3.3698  
0.788302  1.77422  
0.0570804  3.67181  
1.37606  0.811111  
0.343447  2.64969  
0.308423  3.09973  
0.0789142  3.35474  
0.0580635  3.65626  
0.790109  1.7619  
0.344741  2.6364  
0.309684  3.08154  
0.0423637  3.88334  
0.0588863  3.64332  
0.0959262  3.20899  
0.0799018  3.34322  
0.8221  1.60421  
0.310644  3.06767  
0.791608  1.74886  
0.0432617  3.87234  
1.31432  1.27439  
0.34595  2.62415  
0.0600364  3.62518  
0.381048  2.40212  
0.0812669  3.33291  
0.311361  3.0575  
0.0440851  3.862  
0.0609219  3.61117  
0.312036  3.04784  
0.347182  2.61199  
0.7929  1.73944  
0.0821348  3.31943  
