1.38954  0.79495  
3.93691e-05  3.98488  
0.321448  2.91636  
0.743531  2.27015  
0.801769  1.68241  
0.35654  2.52924  
0.0541376  3.71749  
0.0704711  3.46613  
0.091425  3.2358  
0.391242  2.38998  
1.29114  1.58249  
1.29759  1.49044  
0.83295  1.59328  
1.30408  1.40215  
1.31034  1.32139  
1.31642  1.24745  
1.32241  1.17926  
1.32825  1.11742  
1.33394  1.06188  
0.107408  3.18052  
0.747578  2.21555  
0.000863577  3.93155  
0.751472  2.1645  
1.33975  1.01021  
0.755259  2.11637  
1.34528  0.965819  
0.758801  2.07278  
0.762237  2.03192  
1.35073  0.926811  
0.00426914  3.8951  
0.765503  1.99499  
1.35612  0.893052  
0.768553  1.96064  
0.323893  2.88358  
0.360639  2.49868  
0.326216  2.85303  
0.771446  1.92975  
1.36134  0.864975  
0.32864  2.82183  
0.774134  1.90212  
0.364722  2.47183  
0.806952  1.65543  
0.330774  2.79503  
0.776805  1.87565  
0.332936  2.76847  
1.3666  0.841373  
0.368724  2.4491  
0.779372  1.85124  
0.334817  2.74591  
0.8119  1.63412  
0.781607  1.83078  
0.336909  2.72147  
0.0718539  3.44651  
0.372655  2.4303  
0.0731762  3.42821  
0.783782  1.8116  
1.37166  0.823186  
0.338754  2.70047  
0.304061  3.16316  
0.0744348  3.41121  
0.305202  3.1465  
0.816793  1.61739  
0.785817  1.79432  
0.0756614  3.39512  
0.340163  2.68481  
0.0551317  3.70206  
0.306247  3.13128  
0.376496  2.41536  
0.0768089  3.38045  
0.0560778  3.68729  
0.342282  2.66188  
0.307231  3.11695  
0.787597  1.77975  
0.0936116  3.22165  
0.0569434  3.67372  
0.0779723  3.36603  
0.30817  3.10333  
1.3765  0.809975  
0.343632  2.64768  
0.0577657  3.6608  
0.0790201  3.35361  
0.309106  3.08978  
0.78963  1.76374  
0.0585351  3.64868  
0.0423627  3.88329  
0.344779  2.63589  
0.0957363  3.2099  
0.82135  1.60574  
0.309907  3.07823  
0.0800182  3.34178  
0.0593165  3.63649  
0.380191  2.40422  
0.0432726  3.87214  
0.310672  3.06722  
0.345896  2.62462  
0.791256  1.7514  
0.0809585  3.33113  
0.0600201  3.6253  
0.0440695  3.86207  
0.311362  3.0573  
