2.00004  4.15029e-05  
3.38941e-05  3.99468  
0.390074  2.39017  
0.832828  1.5933  
1.34857  0.941775  
0.0577602  3.66147  
0.08113  3.32961  
0.107482  3.18055  
1.38956  0.794973  
0.741496  2.29864  
0.7478  2.21314  
0.308523  3.09877  
1.9187  0.713524  
0.753898  2.13412  
0.313823  3.02253  
1.92382  0.637134  
0.759878  2.06044  
1.92883  0.565865  
0.318963  2.95078  
0.765692  1.99259  
1.93373  0.499405  
0.323872  2.88449  
1.93858  0.437225  
0.328629  2.82247  
0.771413  1.93042  
1.94327  0.380389  
0.333336  2.76405  
0.777015  1.87383  
0.00287709  3.92423  
1.29421  1.53883  
0.337829  2.71123  
1.9479  0.327708  
1.29781  1.48798  
0.782515  1.82299  
0.342168  2.66339  
1.95241  0.279829  
1.30126  1.44041  
0.787854  1.77792  
1.30455  1.39635  
0.346523  2.61864  
1.9568  0.236562  
1.30769  1.35546  
0.793187  1.7375  
0.350744  2.57876  
1.96109  0.197466  
1.3107  1.31728  
1.35396  0.906161  
0.354844  2.54317  
1.31356  1.28204  
1.96527  0.162493  
0.798371  1.7028  
1.31632  1.24903  
0.358844  2.51195  
1.96935  0.131596  
1.35936  0.875287  
1.31888  1.21922  
0.80348  1.67329  
0.00429344  3.89512  
0.362795  2.48433  
1.32131  1.19178  
1.9733  0.104543  
1.36459  0.849974  
1.32375  1.16496  
0.808403  1.64887  
0.0833946  3.30537  
0.366651  2.46063  
1.97704  0.0815506  
1.32602  1.14084  
0.0591652  3.63935  
0.085655  3.28327  
1.32804  1.11999  
0.0606293  3.61646  
1.36969  0.829858  
0.813262  1.62918  
0.0879427  3.2629  
0.370639  2.43979  
1.98064  0.0619206  
1.33004  1.09992  
0.0626852  3.58383  
0.0901456  3.24528  
1.33177  1.08273  
0.0650977  3.54655  
1.98403  0.0458701  
0.374228  2.42392  
1.33338  1.06748  
0.0923169  3.23  
0.0661217  3.53091  
1.37454  0.8149  
0.0426415  3.88023  
0.817944  1.61417  
1.33495  1.0529  
0.0447392  3.85388  
0.0944675  3.21691  
1.98717  0.0328518  
0.0684918  3.4955  
1.33632  1.04039  
0.378016  2.41051  
0.0967996  3.20498  
0.070587  3.46513  
0.0473349  3.81885  
