2.00034  0.000342244  0.000342244  
0.000264236  4.00026  0.000264236  
0.000129534  0.000129534  6.00013  
0.000223064  0.783624  3.58522  
0.0419493  2.03655  1.49942  
0.423822  1.54286  0.00157568  
0.602245  0.0709615  2.39366  
0.763653  0.306918  1.19752  
0.992552  0.534994  0.130874  
0.00156768  0.15628  5.03038  
0.0312899  1.12862  2.96909  
0.0490993  1.10471  2.42334  
0.0713765  0.251658  4.45194  
0.0819931  0.266873  3.89992  
0.275157  1.05052  1.86412  
0.284539  1.07287  1.26037  
1.55509  0.103868  0.00494437  
0.168655  0.620271  2.9086  
0.186779  0.604245  2.43962  
0.0108688  3.55411  0.710208  
0.00859056  3.58748  0.278169  
0.58203  1.12646  0.669168  
0.612327  1.13134  0.00467451  
0.0377591  3.20354  0.133772  
0.23162  0.0703851  3.58875  
0.0746013  2.80599  0.840519  
0.0812581  2.83849  0.32654  
0.431134  0.740735  1.40485  
0.100387  2.77036  0.00800174  
1.24939  0.0104277  1.35017  
0.128811  2.48012  0.929929  
0.140479  2.44727  0.58376  
1.27191  0.280396  0.00551039  
0.146823  2.49563  0.173691  
0.722888  0.858031  0.871432  
0.727698  0.867472  0.543303  
0.766937  0.865642  0.0105979  
0.0349782  2.1957  1.20734  
0.31382  0.367233  2.74895  
0.187311  2.20841  0.94273  
0.528971  0.604868  1.19514  
0.192092  2.31959  0.010894  
1.01113  0.0825144  1.66574  
0.0689162  1.96426  1.20595  
1.03907  0.0847015  1.26906  
0.385795  0.26937  2.39396  
0.222405  2.11491  0.54567  
0.0306933  0.0574361  4.8519  
0.228505  2.10952  0.235055  
0.0977235  1.75799  1.22546  
0.234672  2.12128  0.0441436  
0.591334  0.430915  2.1416  
0.0611893  0.387311  3.59183  
0.872928  0.701608  0.013355  
1.11456  0.413147  0.0278312  
0.140794  1.56062  1.20344  
0.271736  1.89867  0.783937  
0.274907  1.95232  0.112004  
0.387063  0.873006  1.21794  
0.463813  1.40136  0.259573  
0.887359  0.167854  1.44535  
0.614822  0.470948  1.28621  
0.478594  1.39517  0.119937  
0.918841  0.174543  1.19843  
0.973318  0.57244  0.00256505  
0.102807  0.258669  3.58909  
0.46236  0.140763  2.88292  
1.42312  0.155124  0.357403  
0.646567  1.00862  0.422687  
0.298651  1.90289  0.00227319  
0.156677  1.42935  1.95019  
1.43869  0.159248  0.0931461  
0.171013  1.43026  1.58313  
0.272653  0.424305  2.45413  
0.191054  1.38538  1.19707  
0.487345  1.39431  0.00858321  
0.315155  1.75295  0.871337  
0.49399  0.148706  2.39309  
0.316461  1.78909  0.61619  
0.659636  1.01364  0.113166  
0.0604167  0.997652  2.83836  
0.125666  0.132575  4.56706  
0.320259  1.78552  0.258858  
0.500836  1.29207  0.573783  
1.8989  0.00366779  0.444268  
0.430005  0.759456  1.25384  
0.324934  1.7999  0.110313  
0.65505  0.372127  1.91183  
1.89636  0.00575219  0.000342244  
0.515206  1.2891  0.460157  
0.0975835  0.906951  2.40171  
0.0075458  3.68097  0.00112898  
0.520594  1.28607  0.329442  
1.17422  0.321978  0.74986  
0.332215  1.81172  0.00849551  
0.128584  0.168939  3.89914  
0.221401  1.29143  1.19696  
0.0117172  3.5873  0.0535627  
0.888055  0.61853  0.853722  
1.34953  0.217499  0.117975  
