2.0013  0.00130277  0.00130277  
0.000978679  4.00097  0.000978679  
0.000690009  0.000690009  6.00069  
0.000919403  0.736106  3.68362  
0.0387545  2.02872  1.67176  
0.319404  1.8436  0.00297797  
0.560143  0.0974493  2.39543  
0.654235  0.426226  1.19449  
0.867893  0.71047  0.0145051  
1.43955  0.145663  0.647288  
0.00229138  0.106474  5.42598  
0.00791719  1.35769  3.08815  
0.00844139  0.17515  4.78511  
0.0132558  1.36593  2.53643  
1.42413  0.178236  0.00632247  
0.076718  0.244085  4.29692  
0.176733  1.34655  1.7707  
0.0826862  0.873858  2.81592  
0.093426  0.255619  3.69509  
0.182774  1.39754  1.23128  
0.124054  0.820123  2.39652  
0.446489  1.42361  0.674392  
0.460021  1.43227  0.170671  
0.292713  1.03292  1.49074  
1.06549  0.0761401  1.2276  
0.00542799  3.64409  0.729596  
0.215912  0.506464  2.90778  
0.00880408  3.66071  0.0328358  
0.234282  0.52146  2.45541  
0.0246079  3.32137  0.495519  
0.304596  1.0594  1.19753  
0.0284839  3.36328  0.00276803  
0.577518  1.12284  0.816201  
0.579337  1.19772  0.00479355  
0.0489143  3.04767  0.695262  
0.0556875  3.08254  0.00215408  
0.389016  0.772545  1.87252  
1.04018  0.459431  0.654164  
0.407423  0.79814  1.41455  
0.318936  0.0112963  3.66934  
0.0785406  2.82529  0.510099  
1.07217  0.47209  0.0329683  
0.833419  0.19847  1.76566  
0.0919589  2.78474  0.247725  
0.0848412  2.85522  0.00686041  
0.336523  0.268947  3.10019  
0.850267  0.200082  1.41835  
0.656262  0.98281  0.596648  
0.663978  0.99422  0.263581  
0.122244  2.56075  0.859119  
0.125956  2.63995  0.0356033  
0.877862  0.208081  1.1997  
0.371656  0.28585  2.41669  
0.675583  1.01158  0.00793115  
1.2437  0.259744  0.809064  
1.24826  0.288116  0.289437  
0.47921  0.714828  1.2054  
0.0100992  2.38576  1.49686  
0.0150575  2.40951  1.20556  
0.118443  0.00685576  4.91987  
0.383326  1.64799  0.0279072  
0.0217677  2.21366  1.49012  
0.0307772  2.21567  1.20215  
0.166782  2.29859  1.01282  
0.168127  2.32305  0.555909  
0.168609  2.33556  0.381513  
1.82397  0.0277362  0.10138  
0.0721685  0.02342  4.77833  
0.172971  2.35969  0.165358  
1.27904  0.268098  0.0749105  
0.039244  2.05497  1.44372  
0.178051  2.38102  0.0118327  
1.72029  0.0418989  0.00279095  
0.0504162  2.06731  1.19844  
0.519216  0.553694  1.7007  
0.170887  0.121148  3.69509  
0.441725  1.5149  0.0187313  
0.0159695  0.600098  3.58969  
0.737898  0.838164  0.840233  
0.525598  0.573411  1.34539  
0.0519336  1.89831  2.12509  
0.942542  0.586353  0.42227  
0.734328  0.891098  0.0902148  
0.436957  0.165477  2.82152  
0.350816  0.93937  1.23133  
0.956293  0.589499  0.0071773  
0.00663992  1.48889  2.39435  
0.203015  2.14279  0.949286  
0.0415312  0.437745  3.59141  
0.0668406  1.88406  1.34504  
0.705869  0.310655  1.93963  
0.205807  2.15299  0.580377  
0.0692546  1.954  1.23079  
0.211932  2.21224  0.00707151  
0.541936  0.608307  1.20508  
0.0789397  0.314675  3.59336  
0.775458  0.291391  1.20006  
0.0786589  1.77335  2.21473  
0.276433  0.430468  2.39504  
0.0909174  1.82286  1.19825  
