2.00153  0.0015623  0.0015623  
0.00104117  4.00104  0.00104117  
0.00132235  0.00132235  6.00132  
0.000853422  1.5494  2.85187  
0.188962  2.18786  1.01126  
0.348838  0.00108825  3.83981  
0.465595  0.650132  1.57066  
0.582062  1.18502  0.00618873  
1.15455  0.338928  0.572156  
0.607497  0.0326935  3.12303  
0.623921  0.0529753  2.41406  
0.989704  0.550853  0.00800852  
0.0170581  3.42327  0.324469  
0.0665373  2.96918  0.0520412  
0.10225  1.71483  1.24883  
0.12817  2.5245  0.462069  
0.0218395  1.26277  2.51305  
1.56544  0.101614  0.0143036  
0.158211  2.45873  0.00719454  
0.0242266  0.540365  3.59067  
0.0755494  0.869324  3.14637  
0.197577  1.32921  1.25837  
0.38742  0.855437  1.19696  
0.801108  0.229885  1.58276  
0.22418  2.10299  0.463512  
0.66694  0.408147  1.19823  
0.0013894  0.115107  5.38463  
0.00220637  0.148612  5.01176  
0.264503  0.368529  3.2668  
0.231707  2.1195  0.0499392  
0.283817  0.364548  2.84591  
0.296548  0.370413  2.51772  
1.18694  0.0269988  1.25717  
0.223742  0.0929217  3.59411  
0.71757  0.899997  0.313996  
0.315546  1.82975  0.174267  
0.0655931  1.02817  2.39572  
1.22027  0.311932  0.070818  
0.753225  0.899379  0.0434415  
0.002039  0.203742  4.77683  
0.365884  1.6104  0.820732  
0.984101  0.122917  1.19479  
0.123517  0.810573  2.39601  
0.378229  1.61188  0.325318  
0.3807  1.63864  0.0801487  
0.425456  0.17021  2.96115  
0.433067  0.173365  2.75927  
0.433206  0.208859  2.41757  
0.0467781  0.338838  4.39131  
0.0494867  0.361374  3.99223  
0.0659346  0.0252617  4.77797  
0.187309  0.62512  2.39539  
0.0601966  0.367222  3.81775  
0.0634713  0.367279  3.61486  
0.818802  0.251982  1.19571  
0.432623  1.44443  0.705488  
0.520033  0.607133  1.21902  
0.436848  1.45194  0.425778  
0.438431  1.4646  0.267119  
0.824116  0.755912  0.0520462  
0.0893928  0.221158  4.17601  
0.0922018  0.228234  3.99128  
0.257303  1.19584  1.20845  
1.10787  0.423132  0.00195116  
0.455766  1.47423  0.00486799  
0.0981243  0.243261  3.70386  
1.34921  0.18905  0.576882  
1.36644  0.205063  0.0202266  
0.643525  1.06511  0.00157173  
0.271228  1.03668  1.99787  
0.00166425  2.73643  1.19644  
0.254915  0.457201  2.41359  
0.0051361  2.62096  1.19591  
0.551897  0.498098  1.96387  
0.0134207  2.41967  1.19407  
0.566639  0.476979  1.82858  
0.337396  0.33378  2.39485  
0.0226408  2.30768  1.19549  
0.128781  0.208807  3.59124  
0.895481  0.61034  0.761467  
0.897955  0.63283  0.266572  
0.471869  1.37287  0.324742  
1.87853  0.0102709  0.00836209  
0.29659  1.08417  1.20294  
0.904969  0.657794  0.010867  
0.575669  0.523449  1.21936  
0.114962  1.57459  1.82868  
0.437712  0.726412  1.30659  
0.143339  1.56874  1.20107  
0.745989  0.820494  0.727399  
0.675158  0.332306  1.99622  
0.754907  0.830207  0.374863  
0.31768  1.84332  0.0559768  
0.0358283  2.09826  2.00806  
1.35713  0.00280855  1.19563  
1.28712  0.249758  0.508603  
0.770372  0.844471  0.0146355  
0.757284  0.332031  1.20575  
0.333305  1.77787  0.0453607  
1.47337  0.14921  0.015695  
