2.00036  0.000356762  0.000356762  
0.000555364  4.00056  0.000555364  
0.000418669  0.000418669  6.00042  
0.000262517  0.68694  3.97632  
0.036689  2.03388  1.87166  
0.214892  2.20789  0.0361629  
0.348197  0.319856  2.39317  
0.704447  0.90368  0.627659  
1.12401  0.408211  0.0220922  
0.514848  1.32838  0.0102784  
0.675326  0.412389  1.20027  
0.0316172  0.0132096  5.53747  
0.0475008  0.0189809  4.95889  
1.36987  0.00203987  1.20504  
0.124913  1.60525  1.32367  
0.305875  0.969747  1.81533  
0.769606  0.977335  0.061975  
0.315919  0.967174  1.46587  
0.00115089  0.79943  3.60589  
1.00666  0.0767176  2.08861  
0.297628  0.00409683  4.57289  
0.323754  0.00258225  4.16019  
0.356943  0.00560609  3.72071  
0.0363611  0.492298  3.60684  
0.670923  0.0149676  3.28221  
1.56865  0.106248  0.00980541  
0.669132  0.0241678  2.81319  
0.0187203  1.34113  2.47194  
0.683263  0.0368514  2.43965  
0.848689  0.692878  0.398088  
0.0997245  0.221261  3.93419  
0.93591  0.160611  1.19786  
0.260527  1.16596  1.2203  
0.875104  0.695581  0.0301473  
0.0785238  0.886822  2.92657  
0.433831  0.743615  1.27245  
0.103295  0.254414  3.60817  
0.278907  1.94548  0.136699  
0.0800756  0.947828  2.47166  
0.00418615  3.77978  0.00126111  
0.13911  0.718241  2.62756  
0.14197  0.754414  2.39582  
0.00987983  3.52568  0.906412  
0.01314  3.57297  0.0129861  
0.0211199  3.36613  0.594478  
0.0224177  3.35401  0.326635  
0.454351  0.132834  3.26939  
0.0599249  0.0263926  4.77286  
0.0315644  3.32308  0.0141054  
0.476917  0.135941  2.68267  
0.491233  0.139921  2.46261  
0.334991  1.7862  0.012775  
0.0445955  3.10965  0.312455  
0.0486953  3.15007  0.00986715  
0.208536  0.0904662  3.62853  
0.591329  1.16535  0.00161538  
0.0134858  2.47737  1.21601  
0.0605069  2.94495  0.94433  
0.0395914  2.18349  1.19979  
1.41864  0.16536  0.208581  
0.0684933  2.93114  0.312869  
0.202199  0.605645  2.39911  
0.0699227  2.95285  0.110968  
1.21534  0.0168459  1.78177  
0.793817  0.253417  1.63578  
1.28782  0.266796  0.0264702  
0.536095  0.610034  1.20237  
0.978691  0.56541  0.0020795  
1.21797  0.0292415  1.19889  
0.213844  0.475991  3.00958  
0.0876257  2.7944  0.284713  
0.0900417  2.82129  0.0127695  
0.217361  0.483869  2.80863  
0.397873  1.5893  0.344325  
0.819704  0.256186  1.19877  
0.0636507  1.97087  1.22965  
0.402942  1.6269  0.204502  
0.658774  1.01589  0.124052  
0.152115  1.5279  1.19729  
0.656172  1.05799  0.00726415  
0.111671  2.64582  0.284713  
0.114263  2.67929  0.0148187  
0.412625  1.62714  0.027246  
0.236838  0.50366  2.66461  
0.232903  0.506494  2.47357  
0.41671  1.48981  0.686646  
0.418507  1.49627  0.53476  
0.375117  0.00689917  3.59119  
0.420781  1.50005  0.330503  
0.759521  0.804134  0.606653  
0.358452  0.917748  1.23136  
0.715041  0.328169  1.33965  
0.794684  0.827925  0.0199549  
0.561308  0.101947  2.39737  
0.545064  0.537029  1.64732  
0.183628  1.45528  1.28867  
0.451898  0.213389  2.40416  
1.75863  0.0405155  0.00903913  
0.722533  0.341195  1.27519  
0.719898  0.351569  1.20416  
