2  1.37838e-05  
3.55829e-05  3.98548  
0.391162  2.38998  
0.833028  1.59328  
1.34856  0.941794  
0.0582964  3.65245  
0.0800664  3.34122  
0.10742  3.18052  
1.38956  0.794951  
0.741477  2.29844  
0.747755  2.2132  
0.308552  3.09781  
1.91867  0.713608  
0.753858  2.134  
0.313955  3.02033  
1.92378  0.637384  
0.759814  2.06056  
0.319121  2.94813  
1.92877  0.56616  
0.765631  1.99295  
0.324091  2.88094  
1.93366  0.499828  
0.3289  2.81853  
0.771341  1.93085  
1.93846  0.438261  
0.333585  2.76062  
0.000973878  3.92814  
1.94315  0.381397  
0.776937  1.87437  
1.29416  1.53888  
0.338145  2.70734  
1.94774  0.329113  
1.29777  1.488  
0.782414  1.82358  
0.342587  2.65863  
1.95228  0.280933  
1.30121  1.44065  
0.787794  1.77816  
0.346946  2.61423  
1.3045  1.39659  
1.95667  0.237558  
1.30764  1.35566  
0.793066  1.73819  
0.351238  2.57395  
1.96095  0.198484  
1.31064  1.31755  
0.355435  2.53809  
1.35396  0.906037  
1.31349  1.28247  
1.96513  0.163486  
0.798268  1.70329  
0.00426598  3.8951  
1.31619  1.25008  
0.359609  2.50602  
1.96919  0.132515  
1.35921  0.87589  
1.31876  1.22025  
0.80337  1.67357  
0.363657  2.47847  
1.32121  1.19251  
1.97312  0.105464  
1.36446  0.85039  
0.0823425  3.31602  
1.3235  1.16736  
0.808369  1.64888  
0.367656  2.45482  
1.97688  0.0822823  
1.32565  1.14432  
0.0845855  3.29311  
1.32767  1.12339  
0.0867947  3.27247  
0.0595992  3.63191  
1.36963  0.829941  
0.813237  1.62911  
0.371604  2.43497  
1.98046  0.0627045  
0.0608353  3.61244  
1.32954  1.10439  
0.0889914  3.25396  
0.0619885  3.59436  
1.33132  1.08692  
0.0630786  3.57734  
0.0911656  3.23763  
1.98384  0.0465009  
0.0641077  3.56137  
0.375452  2.41908  
0.0426855  3.87937  
1.33295  1.0712  
0.817987  1.61397  
1.37457  0.814743  
0.0650879  3.54627  
0.0438558  3.8648  
0.0933076  3.22349  
1.33446  1.0571  
0.0660293  3.5319  
0.0449141  3.85113  
0.0669117  3.51855  
1.98699  0.0333985  
1.33585  1.04432  
0.0458493  3.83869  
