2.00048  0.000481205  0.000481205  
0.000787469  4.00079  0.000787469  
0.000457978  0.000457978  6.00046  
0.000381857  0.688242  3.9672  
0.0348252  2.02968  1.99696  
0.2052  2.20116  0.163448  
0.37344  0.279466  2.39238  
0.692972  0.889419  1.08201  
0.895277  0.667019  0.000706729  
1.32265  0.000745978  1.77785  
1.12563  0.0523178  1.19398  
0.109805  1.62143  1.52921  
1.45728  0.124122  0.606906  
0.351581  1.65837  0.601099  
0.365297  1.67761  0.0685707  
1.47209  0.137343  0.0514555  
0.23193  1.20796  1.30822  
0.0231914  0.0222828  5.56008  
0.0335018  0.0260121  5.12297  
0.708723  0.297573  1.94256  
0.722118  0.303397  1.53697  
0.504698  1.2673  0.728656  
0.508718  1.29154  0.288126  
0.000391292  0.767844  3.58937  
0.54929  0.556824  1.21954  
0.105741  0.00148203  4.77219  
0.0329384  0.425439  3.74942  
1.15193  0.346889  0.477473  
0.0581155  0.935588  3.1633  
0.810954  0.246564  1.2221  
0.585362  1.17528  0.000953028  
0.0645025  0.939219  2.80789  
1.15375  0.358237  0.160396  
0.0729993  0.953685  2.48484  
0.236748  0.021735  4.46037  
0.26124  0.0162042  4.16578  
0.317567  0.0047249  3.87913  
0.382239  0.00212625  3.59717  
0.678952  0.00884039  3.21053  
0.685122  0.0115823  2.92495  
0.684089  0.0178288  2.6045  
0.121958  0.218484  3.59022  
0.00533673  3.7387  0.00103136  
0.298506  0.955944  2.03998  
0.123873  0.683239  3.21394  
0.0174372  3.48884  0.00097667  
0.129637  0.692244  2.88612  
0.307541  0.957279  1.7346  
0.137197  0.709886  2.60076  
0.0366882  3.24893  0.00102454  
0.315369  0.973087  1.42751  
0.322507  0.998464  1.19534  
0.667479  0.944195  0.821577  
0.673931  0.953328  0.476566  
0.624395  0.0555366  2.39138  
0.0620633  3.02237  0.00125221  
0.0495134  2.04978  1.19403  
0.683108  0.957523  0.228105  
0.160174  0.692014  2.39235  
0.694567  0.97063  0.00469189  
0.0898952  2.82122  0.00108588  
0.0782554  1.85973  1.19618  
1.05419  0.479243  0.00191488  
1.2923  0.264095  0.00366407  
0.122505  2.62737  0.000937834  
0.202239  0.504537  2.93151  
0.378599  0.780031  2.0596  
0.157016  2.45369  0.00141816  
0.379224  0.805914  1.66939  
0.109201  1.696  1.19574  
0.209369  2.2245  0.00123894  
0.423287  1.50998  0.140969  
0.456373  0.11849  3.38512  
0.388873  0.808714  1.4111  
0.965468  0.0915833  2.10098  
0.470829  0.122212  2.94749  
0.657429  0.401099  1.31093  
0.396465  0.827544  1.21365  
0.472613  0.126888  2.79118  
0.222235  0.48321  2.66922  
0.975096  0.0959348  1.85318  
0.234829  0.0640245  3.61389  
0.972073  0.100961  1.62099  
0.230042  0.500246  2.43302  
0.144771  1.55179  1.19438  
0.754264  0.807284  0.731988  
0.975448  0.106352  1.43659  
0.445244  1.48792  0.00132453  
0.485189  0.139871  2.54219  
1.86141  0.0101951  0.000508612  
0.760213  0.81322  0.5215  
0.761881  0.838583  0.142726  
0.991288  0.11668  1.20368  
0.493025  0.148704  2.39177  
0.771426  0.84624  0.0160877  
0.241769  2.10198  0.00194784  
0.185202  1.39248  1.19627  
1.17296  0.361417  0.00190907  
0.260791  0.365262  3.30159  
0.448369  0.695189  1.41436  
