1.38951  0.79495  
3.9031e-05  3.98476  
0.321447  2.91637  
0.743513  2.27041  
0.801768  1.68242  
0.356632  2.52855  
0.0541633  3.71708  
0.0704808  3.46605  
0.0914461  3.23566  
0.391223  2.38998  
1.29142  1.57847  
1.29821  1.48192  
0.833  1.59328  
1.30496  1.39065  
1.31121  1.31175  
1.31731  1.23704  
1.32348  1.16759  
1.32927  1.10732  
0.107422  3.18052  
0.747647  2.21462  
1.33567  1.04658  
0.00087057  3.93134  
0.751616  2.16269  
1.34136  0.997643  
0.755535  2.11291  
0.759094  2.06926  
1.34683  0.955047  
0.762631  2.02735  
1.35205  0.918526  
0.00426677  3.8951  
0.765836  1.99065  
0.323892  2.8836  
0.769037  1.95537  
1.35768  0.884152  
0.360799  2.49758  
0.32633  2.85155  
0.772418  1.91964  
0.328555  2.82291  
0.775356  1.88996  
0.36487  2.47093  
0.330624  2.79687  
1.36352  0.854607  
0.807188  1.65431  
0.332574  2.77285  
0.777844  1.86565  
0.36886  2.44839  
0.334527  2.74936  
0.780556  1.8403  
0.812176  1.63337  
1.36878  0.833438  
0.336324  2.72823  
0.0718999  3.44585  
0.338138  2.70742  
0.372783  2.42978  
0.783451  1.81446  
0.0732253  3.42753  
0.304062  3.16315  
0.339651  2.69046  
0.0744941  3.41045  
0.305177  3.14684  
0.816779  1.61743  
0.0757504  3.39399  
1.37392  0.81672  
0.786351  1.78989  
0.0551794  3.70131  
0.341332  2.67206  
0.306226  3.13156  
0.0769322  3.37892  
0.376757  2.41448  
0.0561621  3.68598  
0.307218  3.11715  
0.342777  2.65669  
0.0936737  3.2213  
0.0570427  3.67216  
0.0780896  3.3646  
0.308142  3.10373  
0.0578473  3.65952  
0.34406  2.64326  
0.789231  1.76683  
0.309007  3.09119  
0.0791549  3.35185  
0.0423616  3.88329  
0.0586989  3.64611  
0.309825  3.07939  
0.095822  3.20947  
0.82126  1.60592  
0.345273  2.63087  
0.0801676  3.34006  
0.0594547  3.63424  
0.0432526  3.87238  
0.790917  1.75393  
0.310609  3.06811  
0.380381  2.40374  
0.346312  2.62048  
1.37921  0.804378  
0.0602787  3.62128  
0.311319  3.05792  
0.0813232  3.32707  
0.0440721  3.86204  
0.0609812  3.61022  
