2.00027  0.000269022  0.000269022  
0.000255757  4.00025  0.000255757  
0.000479796  0.000479796  6.00048  
0.00029792  1.54457  2.88408  
0.191981  2.18309  0.918145  
0.350999  0.00153101  3.83892  
0.469602  0.64245  1.64468  
0.608759  1.13088  0.00280201  
1.18255  0.313393  0.655709  
1.08125  0.45016  0.00186336  
0.633712  0.0302668  2.97515  
0.0219638  3.39715  0.157966  
0.620928  0.0607935  2.39427  
0.0789457  2.83395  0.331769  
0.111436  1.66897  1.25354  
0.607551  0.488522  1.19549  
0.151834  2.48572  0.00848776  
0.0321179  1.20087  2.48374  
0.0173323  0.658595  3.60394  
1.61026  0.0665129  0.311515  
0.232571  1.25021  1.19636  
0.102639  0.82208  2.56698  
0.24482  2.02173  0.584657  
0.248154  2.04341  0.21862  
0.00611889  0.167244  4.7741  
0.27352  0.359702  3.18066  
0.895511  0.140634  1.98217  
0.28862  0.357836  2.80092  
0.891841  0.160415  1.49159  
0.755106  0.807789  0.738742  
1.52932  0.114141  0.00267307  
0.300553  0.372587  2.46967  
0.768064  0.81428  0.388954  
0.776589  0.823958  0.0735257  
1.24843  0.0208223  1.20053  
0.322835  1.72955  0.877594  
0.963096  0.135057  1.1944  
0.327457  1.78763  0.0920014  
0.325344  0.97029  1.33538  
0.212049  0.0966898  3.58978  
0.38538  1.57452  0.702252  
0.406941  1.56021  0.106459  
1.31432  0.249919  0.0510239  
0.423681  0.160049  3.26695  
0.414072  0.808215  1.19579  
0.432588  0.178851  2.60934  
0.0245677  0.460058  3.83949  
0.888939  0.637479  0.320159  
0.435317  0.201652  2.39881  
0.758379  0.304263  1.24347  
0.901357  0.646382  0.0523624  
0.0425364  0.485516  3.59641  
0.170239  0.663802  2.39325  
0.459167  1.40838  0.259764  
0.0333716  0.017981  5.74565  
0.0637082  0.33088  3.73373  
0.0806539  0.0193345  4.85307  
0.4629  1.41985  0.0985593  
0.0725821  0.338139  3.59034  
0.471325  0.655541  1.45001  
0.478941  0.655496  1.31748  
0.645607  0.991703  0.678038  
0.222136  2.16968  0.0298983  
0.00312343  2.70082  1.20348  
0.67488  1.01  0.0112129  
0.0335636  3.52367  0.0182187  
0.0110902  2.46654  1.19468  
0.492161  0.663353  1.19753  
0.0981945  0.204276  4.30274  
1.20297  0.337565  0.0479209  
1.41364  0.139209  1.08302  
0.639117  0.379041  1.92154  
0.650142  0.377247  1.72258  
0.104629  0.219487  3.85239  
0.125306  1.53002  1.89901  
0.219266  0.548234  2.4011  
0.0476595  1.14166  2.39733  
0.108177  0.227319  3.70654  
1.87069  0.0102923  0.0241926  
0.504988  1.31606  0.163315  
0.131302  1.52087  1.69137  
0.507503  1.33074  0.0370224  
0.131588  1.55764  1.35322  
0.0288125  2.26902  1.19995  
0.509631  0.542998  2.27726  
0.660557  0.381676  1.55812  
0.112652  0.236588  3.61026  
0.863798  0.212143  1.21606  
0.368334  0.0019851  3.62682  
0.665038  0.39282  1.28259  
0.517071  0.0858148  3.07643  
0.329461  0.266596  3.41479  
1.40346  0.160134  0.435508  
1.43962  0.16246  0.0028961  
0.143551  1.5418  1.2339  
0.520578  0.112939  2.52063  
0.325613  0.97711  1.24038  
0.407546  1.64628  0.0180382  
0.0456815  2.11085  1.19784  
1.77437  0.0286768  0.0255164  
