1.99971  0.000671415  0.000671322  
0.00118471  4.00118  0.00118471  
0.000629648  0.000629648  6.00063  
0.000446791  1.43942  3.92853  
0.0411513  2.02474  1.58076  
0.300402  0.351118  2.61284  
0.369954  1.69099  0.00548881  
0.691563  0.382551  1.19589  
0.919539  0.635658  0.00852323  
1.47726  0.1299  0.183701  
0.218139  1.21565  1.6642  
0.249081  1.20977  1.20025  
0.0217267  0.0259241  5.53012  
0.038089  0.0259437  5.01717  
0.503374  1.27778  0.79666  
0.524858  1.28546  0.147332  
0.773488  0.00908799  2.39471  
0.0110816  3.53709  0.71633  
0.0141675  3.52876  0.336455  
0.342186  0.00150106  3.82112  
1.14219  0.0470521  1.19451  
0.0425671  3.15273  0.822732  
0.0544227  3.0639  0.0916755  
0.379716  0.826941  1.4772  
1.22045  0.324581  0.0074328  
0.000648852  0.681753  3.91499  
0.000731616  0.745316  3.60902  
0.0968307  0.929724  2.39949  
0.087735  2.77953  0.822888  
0.402297  0.831177  1.19519  
0.487107  0.15711  2.42139  
0.0976261  2.77695  0.0017963  
0.207841  0.0943027  3.58628  
0.654627  1.0058  0.781802  
0.670331  1.04033  0.0141828  
0.181268  0.633352  2.39736  
0.899235  0.147175  1.79619  
0.13035  2.54337  0.344604  
0.142425  2.53066  0.0970699  
0.915494  0.165628  1.21398  
0.0378577  2.16568  1.19691  
0.0100293  0.1645  4.79891  
1.80393  0.0217255  0.00913649  
0.500227  0.59101  1.64137  
0.185518  2.32972  0.0629379  
0.0258309  0.48053  3.655  
1.61674  0.0773022  0.0104712  
0.513909  0.613874  1.27748  
0.314308  0.365298  2.39413  
0.75436  0.857126  0.188682  
0.759745  0.86363  0.0277132  
0.438842  1.53051  0.0127507  
0.0497224  0.325905  4.6155  
0.0562323  0.322148  4.34914  
0.0974808  1.84127  1.21691  
0.221284  2.16568  0.593949  
1.43286  0.17846  0.0164841  
0.0956332  0.00151013  4.78993  
0.070135  0.340536  3.76748  
0.234023  2.15186  0.0147345  
0.536702  1.30875  0.0130977  
1.02799  0.509507  0.0772961  
0.124233  1.64299  1.27984  
0.0878782  0.34617  3.63156  
0.263774  1.0829  1.66474  
0.575857  0.496523  1.45206  
0.28728  1.09544  1.36141  
0.731489  0.269218  2.22271  
0.09495  0.198668  4.30457  
0.808186  0.743367  0.443863  
0.732611  0.272039  2.0588  
0.190129  0.502298  3.3744  
0.293014  1.06973  1.25253  
0.0986876  0.200702  4.06817  
0.778559  0.274812  1.24848  
0.0974717  0.233499  3.83483  
0.607748  0.0531041  2.52018  
1.11632  0.409337  0.0616133  
1.30809  0.223261  0.505363  
0.386008  0.267308  2.39283  
1.33384  0.227585  0.0617452  
0.000446791  1.47832  3.50073  
0.00211237  3.87937  0.00118471  
0.00155633  1.57938  2.43922  
0.14181  1.58956  1.20187  
0.571794  1.21452  0.00669698  
0.361392  0.00178054  3.63785  
0.82804  0.761706  0.00122963  
0.60013  0.505493  1.20111  
0.280728  1.96134  0.447725  
0.282108  1.97299  0.0968911  
0.0939526  0.807688  3.29409  
0.157594  1.5028  1.28001  
0.107753  0.260045  3.6212  
0.47117  0.701196  1.20326  
0.0960991  0.820449  3.08555  
0.289558  1.94466  0.00728391  
0.0171715  1.37298  2.41777  
0.120591  2.69062  0.0172413  
1.03322  0.0884547  1.30952  
