2.00002  2.08011e-05  
3.98239e-05  3.9925  
0.391137  2.39  
0.832981  1.5933  
1.34857  0.94182  
0.0580311  3.65703  
0.0800039  3.34216  
0.107461  3.18055  
1.3897  0.794973  
0.74155  2.29785  
0.747894  2.2117  
0.308582  3.09775  
1.91869  0.713548  
0.754072  2.1316  
0.313979  3.02039  
1.92383  0.636974  
0.760064  2.05791  
0.319157  2.94789  
1.92883  0.565752  
0.765898  1.99024  
0.324126  2.88084  
1.93374  0.499288  
0.32898  2.81808  
1.93853  0.437642  
0.771582  1.92858  
0.333682  2.75981  
0.000900156  3.93125  
1.94326  0.380417  
0.777256  1.87154  
1.29419  1.53888  
0.338322  2.70574  
1.94786  0.328161  
1.29781  1.48792  
0.782711  1.82118  
0.342935  2.65522  
1.95236  0.280382  
1.30125  1.44045  
0.788085  1.77615  
1.30455  1.39635  
0.347246  2.61157  
1.95674  0.237054  
1.3077  1.35529  
0.351544  2.57151  
0.793404  1.73602  
1.96109  0.197513  
1.31071  1.31723  
0.00429681  3.89512  
1.35399  0.905992  
0.355835  2.53519  
1.31354  1.28219  
1.96527  0.162594  
0.79872  1.70062  
1.31623  1.24983  
0.36015  2.50228  
1.96932  0.131743  
1.35929  0.875607  
1.31881  1.21992  
0.803895  1.67093  
1.32124  1.19243  
1.97326  0.104773  
0.364553  2.47306  
1.36458  0.849983  
1.32352  1.16736  
0.082485  3.31493  
0.808861  1.64684  
1.97701  0.0817101  
1.32568  1.14424  
0.368538  2.45023  
0.0853097  3.28636  
1.32769  1.12332  
0.0593515  3.63642  
1.36984  0.829342  
1.98061  0.0621147  
0.0606208  3.61623  
0.813697  1.62758  
0.0882851  3.25992  
1.32962  1.10384  
0.372615  2.43081  
0.0621349  3.59245  
1.33141  1.08627  
0.0907027  3.24115  
0.0632852  3.57446  
1.98403  0.045775  
1.33304  1.07065  
0.0646508  3.55331  
0.042667  3.87994  
1.37475  0.814365  
0.818422  1.61288  
0.0929589  3.22586  
0.0438168  3.86562  
1.33455  1.05646  
0.0661774  3.53033  
0.377338  2.41267  
0.0448627  3.85224  
1.98724  0.0326275  
1.33593  1.04381  
0.0670049  3.51787  
0.0951635  3.21303  
0.045849  3.83899  
0.0681301  3.50073  
