2.00003  3.45866e-05  
3.48623e-05  3.99379  
0.39128  2.39  
0.833033  1.5933  
1.34859  0.9418  
0.0578395  3.66033  
0.0794728  3.3485  
0.107399  3.18055  
1.38954  0.794976  
0.741514  2.29825  
0.747806  2.21289  
0.308595  3.09787  
1.9187  0.713584  
0.753932  2.13347  
0.313984  3.02039  
1.92382  0.637114  
0.759865  2.06033  
0.319248  2.94679  
1.92883  0.565765  
0.765671  1.99285  
0.324241  2.87946  
1.93374  0.499261  
0.329118  2.81621  
0.771396  1.9306  
1.93862  0.436673  
0.333941  2.7567  
0.000755167  3.93637  
1.94337  0.379272  
0.776965  1.87437  
1.2942  1.53885  
0.338527  2.70353  
1.94814  0.325086  
1.29781  1.48782  
0.782439  1.82368  
0.342952  2.6552  
1.30125  1.44042  
1.95262  0.277888  
0.78783  1.77819  
1.30455  1.39635  
0.347312  2.61102  
1.95775  0.231037  
0.00428383  3.89513  
1.30771  1.35524  
0.793123  1.73809  
0.351565  2.57146  
1.96185  0.192723  
1.31072  1.31693  
1.35397  0.906177  
0.355689  2.53628  
1.31357  1.28185  
0.798278  1.7034  
1.96584  0.157999  
1.31634  1.24871  
0.360377  2.50075  
1.35929  0.875628  
1.3189  1.21897  
0.80336  1.67378  
1.97106  0.119481  
1.32133  1.19166  
0.36446  2.47364  
0.0817305  3.32292  
1.97498  0.0938786  
1.3236  1.16656  
1.36457  0.850082  
0.808388  1.64894  
0.0842145  3.29706  
1.32574  1.14383  
0.368875  2.44854  
1.97884  0.0726418  
0.0864862  3.27551  
1.32781  1.12225  
0.0591321  3.63976  
1.36967  0.829957  
0.813298  1.62901  
0.0603513  3.62052  
1.32969  1.10327  
0.0888401  3.25549  
0.372761  2.43007  
0.0615103  3.60242  
1.98233  0.0536575  
1.33147  1.08582  
0.0625904  3.58543  
0.091155  3.23793  
0.0636341  3.56919  
1.33309  1.07015  
0.0426948  3.87974  
1.37461  0.814768  
0.818135  1.61365  
0.0647248  3.55241  
0.376805  2.41442  
1.98584  0.0382093  
0.0933213  3.22365  
0.0438955  3.865  
1.33471  1.05499  
0.0657883  3.53607  
0.0448813  3.85206  
0.0669487  3.51861  
1.33611  1.04221  
0.0457957  3.83994  
0.0955782  3.21091  
