2.00017  0.000169824  0.000169824  
0.000242531  4.00024  0.000242531  
0.000212932  0.000212932  6.00021  
0.000228185  1.52703  3.02773  
0.164668  1.47098  1.19324  
0.319408  0.000254969  4.42071  
0.571996  0.0525698  2.99228  
0.70573  0.954176  0.00632545  
1.08348  0.0473559  1.70009  
1.27648  0.236102  0.681035  
0.0249525  3.31707  0.350871  
1.27411  0.274041  0.00139984  
0.223787  0.526801  2.45195  
0.0967083  2.77445  0.000449902  
0.71867  0.347035  1.22315  
0.188339  2.21858  0.680507  
0.206269  2.21385  0.106432  
0.282701  1.04755  1.66238  
0.297916  1.07083  1.19621  
0.163891  0.132818  3.92352  
0.309015  1.79834  0.61531  
0.313256  1.8243  0.201877  
0.909337  0.590665  0.857502  
0.925686  0.601115  0.259029  
0.175564  0.140415  3.58946  
0.691358  0.0146737  2.64746  
0.434268  0.218768  2.39709  
0.410264  0.725104  2.05974  
0.40692  1.58291  0.00408392  
0.414826  0.763259  1.5877  
0.422053  0.779504  1.25159  
1.0701  0.0727055  1.3618  
1.7366  0.0271684  0.407047  
0.983998  0.583772  0.0156566  
1.7524  0.0317967  0.0645089  
0.468842  1.33686  0.951839  
0.473914  1.34924  0.627296  
0.482755  1.35742  0.246011  
0.0108334  1.25896  3.40106  
0.493744  1.36374  0.0197403  
0.0148648  1.27826  2.8356  
0.741879  0.0153436  2.39718  
0.949789  0.151139  1.19719  
0.0327706  1.28905  2.45381  
0.0218387  0.0214667  5.73594  
0.539471  0.577997  1.20366  
0.0335872  1.09911  3.23336  
0.0465356  1.05846  2.70318  
1.53011  0.0991865  0.29828  
1.09097  0.409221  0.469996  
1.55984  0.100512  0.00167976  
0.00301297  0.7191  3.63922  
0.0504535  0.00656759  5.35954  
1.10907  0.412901  0.0308606  
0.54276  1.18192  0.860975  
0.00197842  2.5245  1.77013  
0.00199434  2.55361  1.54345  
0.00203416  2.58183  1.37376  
0.00299286  2.6332  1.19824  
0.0623815  1.10403  2.50671  
0.544536  1.18925  0.651442  
0.277675  0.347075  3.38192  
0.00808262  2.33683  2.05585  
0.008035  0.193314  4.78124  
0.00978532  2.4009  1.35473  
0.00930642  0.519984  4.56022  
0.551358  1.20335  0.309238  
0.0107567  2.44369  1.19842  
0.756821  0.795714  0.92465  
0.0846108  0.941338  2.39123  
0.255254  2.05815  0.0046944  
0.799544  0.802515  0.122293  
0.592151  0.0694166  2.42026  
0.0191999  2.24211  1.67146  
0.561115  1.22  0.0396239  
0.0237614  2.20013  1.46007  
0.0260538  2.27228  1.1953  
0.124862  2.63036  0.00523499  
0.325806  0.013652  3.59152  
0.0379699  2.04521  1.9329  
0.0410614  2.13019  1.20097  
0.311825  0.323529  3.04368  
0.82784  0.178326  2.21251  
0.83428  0.759404  0.00843521  
0.104198  0.808337  2.61726  
0.126676  0.800248  2.39398  
0.0503053  1.93304  1.93131  
0.0192299  0.0819012  4.90027  
0.296814  1.92297  0.0051673  
0.308809  0.417086  2.58431  
0.145644  2.51091  0.00240052  
0.0551177  1.91056  1.668  
0.055444  0.373707  4.10821  
0.0575201  1.99583  1.19397  
0.598984  1.09603  0.428648  
0.615103  0.445798  1.32046  
0.60115  1.1  0.325554  
0.0628602  1.88848  1.44176  
0.122667  0.69027  3.45384  
1.4193  0.173394  0.0013375  
