2.00074  0.000739534  0.000739534  
0.000829635  4.00083  0.000829635  
0.000589639  0.000589639  6.00059  
0.000552794  0.827163  3.6684  
0.0386315  2.03559  1.60681  
0.361778  1.70784  0.000830825  
0.535477  0.116106  2.39686  
0.67598  0.39652  1.19335  
0.916698  0.619881  0.109621  
0.00102427  0.19193  4.80193  
0.0144147  1.29135  2.69394  
1.4861  0.107187  0.709056  
1.49846  0.128602  0.00534026  
0.052243  0.322665  4.15393  
0.204651  1.2602  1.71339  
0.0808752  0.335215  3.63251  
0.0936153  0.808528  3.04399  
0.11084  0.802984  2.50043  
0.252036  1.17863  1.2052  
0.494614  1.28543  0.790533  
0.505774  1.29856  0.376603  
0.554399  1.23965  0.0020509  
1.1258  0.0274083  2.01271  
1.12938  0.0380235  1.47397  
0.00440029  3.64247  0.604  
0.00621073  3.64225  0.234032  
0.0237338  3.39566  0.00162807  
0.210416  0.465348  3.26511  
0.21688  0.476139  2.89601  
0.0439311  3.07291  0.6091  
0.0477523  3.08117  0.277927  
1.17379  0.30963  0.867743  
1.18693  0.31035  0.54047  
1.19667  0.338921  0.00113089  
0.232011  0.509785  2.60367  
0.0710654  2.96465  0.00942621  
1.2073  0.0252169  1.19336  
0.383418  0.899915  1.256  
0.270609  0.0467839  3.59001  
0.0943646  2.68299  0.724398  
0.650496  0.972354  0.868055  
0.655875  0.980554  0.543715  
0.101451  2.70638  0.208186  
0.685169  0.989197  0.00755536  
0.949624  0.148084  1.1976  
0.0128381  2.43664  1.19484  
0.290951  0.404091  2.39182  
0.131203  2.59006  0.00545697  
0.0443355  2.08033  1.32072  
0.156338  2.35602  0.900633  
0.157186  2.36912  0.68416  
0.162871  2.38526  0.306539  
0.479886  0.642828  1.37154  
0.168213  2.40494  0.005924  
0.0526301  0.0160659  5.26166  
0.74785  0.816894  0.752898  
0.490151  0.664556  1.20795  
0.753794  0.823385  0.476678  
0.199593  2.16193  0.750442  
0.789013  0.827759  0.0107649  
0.0931493  1.75465  1.39823  
0.0939301  1.7971  1.20079  
1.03592  0.465181  0.397989  
0.208676  2.15489  0.551049  
0.0509592  0.0415082  4.77476  
0.40213  1.55696  0.254094  
1.02065  0.513231  0.00423285  
0.80293  0.228235  1.56455  
0.00208293  1.54726  2.40439  
0.411686  1.56166  0.0289984  
0.809459  0.256947  1.20322  
0.222229  2.17846  0.026353  
1.34042  0.202409  0.357596  
1.35223  0.203681  0.144669  
1.372  0.209755  0.00849129  
1.87111  0.00401159  0.563417  
1.87444  0.00428302  0.437578  
1.87677  0.00652702  0.130979  
0.404079  0.282696  2.44405  
1.87912  0.00822845  0.00365757  
0.134119  1.52803  1.5028  
0.813156  0.001833  2.39136  
0.13855  1.57604  1.19613  
0.873307  0.698493  0.00625936  
0.166762  0.702319  2.45427  
1.76139  0.0190305  0.601971  
0.447895  1.45233  0.142379  
0.256064  1.94959  0.892295  
0.579676  1.13197  0.454468  
1.75779  0.0235968  0.27831  
1.09245  0.409145  0.266532  
0.0288167  1.23577  2.44206  
0.17  0.220784  4.13113  
1.76194  0.0292857  0.114917  
0.262513  1.99868  0.140065  
1.75968  0.0297059  0.00286179  
0.264058  2.0191  0.00703309  
0.459627  1.45917  0.0040255  
0.182442  0.12488  3.5897  
0.165753  1.46795  1.19856  
