2.00004  3.65509e-05  
3.50637e-05  3.99236  
0.391291  2.38999  
0.832931  1.59329  
1.34859  0.941691  
0.0579247  3.65877  
0.0796124  3.34686  
0.107429  3.18054  
1.38947  0.794973  
0.741503  2.29837  
0.747819  2.2127  
0.308579  3.09772  
1.91869  0.713521  
0.753953  2.13304  
0.313998  3.02012  
1.92383  0.636988  
0.759896  2.05991  
0.319195  2.94751  
1.92883  0.565786  
0.765741  1.99198  
0.324231  2.87944  
1.93372  0.499453  
0.329028  2.81712  
1.93855  0.437509  
0.771474  1.92971  
0.333713  2.75946  
0.000781551  3.93517  
1.94326  0.380476  
0.777089  1.87322  
1.2942  1.53882  
0.338303  2.70586  
1.94787  0.327932  
1.29779  1.488  
0.782689  1.82138  
0.342773  2.65698  
1.95237  0.280269  
1.30127  1.44038  
0.788058  1.77629  
0.347143  2.61252  
1.30457  1.39593  
1.95678  0.236693  
1.30773  1.35474  
0.00428836  3.89512  
0.351411  2.57267  
0.793303  1.73661  
1.96113  0.197128  
1.31074  1.3166  
1.35397  0.906135  
0.35581  2.53526  
1.31362  1.28123  
1.96529  0.162361  
0.798706  1.70078  
1.31632  1.24891  
0.359976  2.50365  
1.96935  0.131516  
1.35925  0.87578  
1.31895  1.21851  
0.803847  1.67117  
0.364024  2.47631  
1.32136  1.19115  
1.97334  0.104152  
0.0819035  3.32099  
1.3645  0.8506  
1.32364  1.16617  
0.808792  1.64717  
0.0842114  3.29703  
0.368077  2.45265  
1.97712  0.0811109  
1.3258  1.14309  
0.0865292  3.27512  
1.3278  1.1223  
0.059215  3.63835  
1.36951  0.830637  
1.98072  0.061542  
0.372038  2.43326  
0.0604691  3.61859  
0.813899  1.62687  
1.32969  1.10332  
0.0886634  3.2568  
0.061648  3.60006  
1.33144  1.08613  
0.0627488  3.58308  
0.0911169  3.23821  
1.98409  0.0455612  
0.0637812  3.56688  
1.33309  1.07009  
0.37582  2.41787  
0.0426787  3.87975  
1.37447  0.815541  
0.064837  3.55052  
0.818689  1.61215  
0.0932782  3.22386  
0.0438333  3.86544  
1.33461  1.05594  
0.06575  3.53639  
0.0449007  3.85167  
0.0666605  3.52272  
1.9872  0.0326804  
1.33603  1.04296  
0.0458562  3.83895  
