1.38956  0.794954  
3.85068e-05  3.98519  
0.321428  2.91666  
0.74365  2.26859  
0.802464  1.67855  
0.356647  2.52879  
0.0541212  3.71778  
0.0704321  3.46673  
0.0913276  3.23649  
0.391212  2.38998  
1.29213  1.5778  
1.29905  1.48389  
0.833064  1.59328  
1.30501  1.39027  
1.31117  1.31101  
1.31803  1.22867  
1.32589  1.15661  
0.107474  3.18053  
1.33418  1.06917  
0.748453  2.20408  
0.000853611  3.93196  
1.34038  1.00534  
0.753651  2.13663  
0.757807  2.08497  
1.34693  0.956497  
0.761803  2.03708  
1.35236  0.916124  
0.76551  1.9946  
0.00425927  3.8951  
0.769033  1.95547  
0.323999  2.88225  
1.35756  0.884845  
0.772035  1.92366  
0.326419  2.85043  
0.361436  2.49317  
0.774756  1.89591  
0.328948  2.81797  
1.36279  0.857997  
0.36588  2.46493  
0.33152  2.78583  
0.808087  1.65018  
0.777933  1.86519  
0.333636  2.76003  
0.780958  1.83701  
0.369777  2.44373  
0.335732  2.73518  
0.81353  1.62808  
0.0718397  3.44675  
0.337489  2.71486  
1.37041  0.834615  
0.784643  1.80421  
0.304084  3.16286  
0.0741897  3.41454  
0.374657  2.42209  
0.340109  2.68543  
0.30523  3.14613  
1.37345  0.817837  
0.0756691  3.39508  
0.787022  1.78443  
0.055112  3.70248  
0.306333  3.13002  
0.818276  1.6132  
0.0560433  3.68787  
0.342543  2.65947  
0.307327  3.11559  
0.077453  3.37246  
0.0941455  3.21978  
0.308251  3.10221  
0.789369  1.76917  
0.0573863  3.66681  
0.378454  2.40907  
0.34398  2.64409  
0.0788441  3.35553  
0.309101  3.08987  
0.0584062  3.65077  
0.0423602  3.88333  
0.790731  1.75538  
0.0798868  3.3433  
0.310037  3.07638  
0.0961372  3.20791  
0.345361  2.63002  
0.0591932  3.63833  
0.0432517  3.87241  
0.310876  3.0643  
0.0600663  3.62467  
0.822749  1.60292  
0.792235  1.7442  
0.346492  2.61873  
0.0440843  3.86192  
1.37954  0.804582  
0.311644  3.05329  
0.0807455  3.33352  
0.0818551  3.3213  
0.0610014  3.60988  
0.0448333  3.8522  
0.0982126  3.19872  
0.312291  3.04405  
0.793607  1.73436  
0.0617894  3.59752  
0.0454964  3.84345  
