2.00163  0.00162821  0.00162821  
0.000629551  4.00063  0.000629551  
0.000716683  0.000716683  6.00072  
0.000538732  0.736159  3.67903  
0.0404327  2.03305  1.71419  
0.290092  1.93806  0.00352155  
0.551365  0.495941  2.00447  
0.803101  0.742954  0.632034  
1.24242  0.309708  0.0064879  
0.0387195  0.0189524  5.25948  
0.54739  1.2581  0.00674967  
0.19899  0.0447707  4.65405  
0.20321  0.0633977  4.04569  
0.0132842  1.40419  3.13028  
0.0213652  1.31515  2.40566  
0.76054  0.00731458  2.64947  
0.774604  0.266512  1.50869  
0.121979  0.217282  3.59014  
0.791917  0.807245  0.0894401  
0.101913  0.818223  2.68591  
0.352145  0.872452  1.58429  
0.166402  1.53649  1.2082  
0.355771  0.935377  1.1977  
0.208255  0.561965  2.43025  
0.407276  0.187819  3.18317  
0.637731  0.450829  1.19787  
0.409219  0.199902  2.81006  
0.465178  0.185888  2.39702  
0.966651  0.14416  1.21551  
0.00411284  3.67534  0.67335  
0.00492502  3.70912  0.263832  
1.70405  0.032646  0.801839  
1.72767  0.0360004  0.392403  
0.0194545  3.34506  0.87165  
0.0197685  3.42757  0.12978  
1.73048  0.0415654  0.0350722  
0.974584  0.547984  0.324123  
0.0380902  3.13319  0.616463  
0.0405961  3.19031  0.0494275  
1.00709  0.53819  0.0214608  
0.0655994  2.96588  0.307996  
0.0734254  2.96878  0.0435803  
0.34061  1.69916  0.703842  
0.341982  1.7345  0.493806  
1.51378  0.106491  0.724987  
0.305362  0.0122464  3.77359  
1.50439  0.111153  0.469818  
0.0954422  2.76503  0.131653  
0.355221  1.71464  0.0853863  
1.54181  0.116767  0.028076  
0.387787  0.00482078  3.59127  
0.776279  0.274567  1.24975  
0.765417  0.0105773  2.44594  
0.114825  2.58651  0.590521  
0.61756  1.03435  0.871759  
0.118331  2.58592  0.410226  
0.608446  1.09286  0.330068  
0.116753  2.66019  0.00424309  
0.636293  1.08591  0.0365549  
0.29077  0.3982  2.42958  
0.0215043  0.090633  4.78139  
0.0433038  1.11598  2.54298  
0.0114381  2.47237  1.31553  
0.48715  0.684399  1.29795  
0.0628409  1.07968  2.405  
0.5819  0.0440064  3.42049  
1.08272  0.396952  0.878509  
0.592242  0.0452228  3.17309  
0.150105  2.48466  0.209742  
0.0287684  2.24332  1.21541  
0.596405  0.0487259  2.90836  
1.10536  0.391761  0.459949  
0.410382  1.55116  0.107935  
1.31443  0.00726003  1.3086  
1.40129  0.173341  0.185566  
0.61103  0.0511634  2.61501  
0.156127  2.49501  0.0108102  
0.227404  1.24561  1.22872  
0.22782  0.0892489  3.65401  
0.87746  0.698186  0.0237376  
0.641417  0.058721  2.40051  
0.162376  2.35907  0.419765  
1.11898  0.413983  0.0145991  
0.173513  2.37102  0.0149604  
0.704688  0.970916  0.0124197  
0.0981883  0.894196  2.39322  
0.0504755  1.90972  2.15115  
0.0527389  2.02499  1.2045  
0.438953  1.51087  0.00378908  
0.0167953  0.638896  3.59418  
0.523012  0.638435  1.2046  
0.0201127  0.471856  4.00016  
0.021586  0.491262  3.79547  
0.0762391  1.90851  1.19788  
0.121204  0.799229  2.40844  
0.438967  1.42444  0.75207  
0.271278  1.11709  1.27013  
0.429184  0.857129  1.23314  
1.36  0.00807217  1.23977  
0.0021121  3.85376  0.000761083  
