2.99971  1.00013  0.99997  
0.85757  1.71672  0.855788  
0.000433881  0.000433881  6.00043  
0.233633  0.466169  4.60307  
0.403441  0.805572  3.58412  
1.00152  1.99937  0.000804203  
0.526957  1.05281  2.84187  
2.35024  1.06728  2.19121  
2.41308  1.13013  1.60026  
1.7991  1.16659  2.29163  
0.61768  1.23293  2.30143  
2.47866  1.19576  1.07679  
1.92595  1.22958  1.79946  
1.88636  1.55682  0.443181  
1.50526  1.29609  1.87958  
0.682765  1.36412  1.9076  
0.0639414  0.127167  5.62057  
1.59112  1.36425  1.52255  
1.53971  1.65387  0.516051  
2.52001  1.24  0.760003  
1.27886  1.40445  1.59516  
2.1876  1.26577  1.23759  
0.73081  1.4601  1.61963  
1.25869  1.71858  0.575059  
0.279508  0.558259  4.32606  
0.109892  0.219192  5.34386  
1.51766  1.74117  0.258829  
1.37156  1.46042  1.33122  
2.23984  1.30052  0.981306  
1.02319  1.76392  0.620284  
1.14264  1.48801  1.38303  
2.2934  1.33004  0.751853  
1.29515  1.78095  0.356609  
1.70583  1.43735  1.11502  
0.765799  1.52974  1.41052  
1.39274  1.51346  1.12753  
0.313031  0.625397  4.12446  
0.436667  0.872908  3.38295  
0.143494  0.286203  5.14298  
1.10585  1.80998  0.430845  
2.05932  1.3716  0.939878  
2.81575  1.01185  1.45763  
1.20364  1.53289  1.19911  
1.3573  1.82135  0.178648  
0.922393  1.84131  0.474956  
1.72869  1.47761  0.933836  
2.1249  1.38854  0.767919  
1.03561  1.54974  1.24292  
2.8515  1.07425  0.925748  
2.21148  1.39426  0.605738  
1.41032  1.55599  0.966729  
1.16547  1.84747  0.277154  
0.791174  1.58048  1.25838  
1.26055  1.56701  1.04865  
0.551578  1.10196  2.69438  
0.337979  0.674678  3.97712  
0.461655  0.921874  3.23501  
0.168302  0.335667  4.99478  
1.74995  1.50949  0.78909  
2.0543  1.22474  1.6548  
2.67929  1.05928  1.47449  
1.11232  1.58189  1.10012  
1.94444  1.30474  1.40166  
2.72046  1.06435  1.33258  
1.01642  1.86875  0.335666  
1.42853  1.58977  0.836874  
2.28949  1.09673  2.07798  
1.76915  1.61328  0.392042  
1.23255  1.87191  0.149675  
2.0833  1.43198  0.648714  
2.72781  1.11629  0.980358  
0.987532  1.59503  1.13072  
1.39633  1.24299  2.17891  
1.29099  1.59688  0.928849  
2.17416  1.10953  2.18857  
2.30003  1.1099  1.9611  
1.28404  1.2519  2.18832  
1.95752  1.32581  1.28671  
2.74041  1.1298  0.870203  
1.16923  1.60658  0.986714  
2.37742  1.15772  1.49776  
0.861393  1.6089  1.15061  
1.83677  1.32983  1.41896  
0.569403  1.13758  2.58747  
1.07016  1.89297  0.228782  
0.635125  1.26907  2.19286  
0.479481  0.957771  3.12717  
0.355819  0.710664  3.86876  
0.186252  0.371799  4.88577  
0.875816  1.74904  0.75218  
2.18614  1.12139  2.08331  
1.65903  1.55105  0.740593  
2.09172  1.45414  0.545859  
0.0180239  0.0355105  5.89542  
2.61797  1.09325  1.3902  
1.44524  1.61716  0.730563  
1.97834  1.45592  0.703591  
1.18867  1.35937  1.80634  
1.83171  1.19609  2.08919  
1.66925  1.64138  0.415225  
