2  4.57855e-06  
2.75886e-05  3.99996  
0.666686  2.66664  
1.11113  1.77775  
1.40742  1.18518  
0.222242  3.55553  
1.60495  0.790117  
0.81483  2.37036  
0.370384  3.25925  
1.73663  0.52675  
0.913596  2.17282  
0.469157  3.0617  
1.20989  1.58023  
1.82445  0.351121  
0.0741063  3.85181  
0.534999  2.93002  
0.979437  2.04114  
1.47326  1.0535  
1.27574  1.44854  
1.88297  0.234083  
0.271628  3.45676  
0.123499  3.75302  
0.716055  2.56791  
1.51716  0.965698  
1.64885  0.702323  
0.578904  2.84221  
1.02333  1.95336  
1.31962  1.36076  
1.92198  0.156047  
0.403305  3.1934  
0.748983  2.50205  
0.84775  2.30452  
1.14406  1.7119  
0.304559  3.3909  
0.156396  3.68722  
1.0526  1.89483  
1.76592  0.46817  
1.54642  0.907171  
0.608164  2.78369  
1.3489  1.30222  
1.67812  0.643766  
1.94799  0.104033  
0.0247259  3.95056  
1.23184  1.53633  
0.425257  3.1495  
0.178348  3.64332  
0.869697  2.26062  
0.770939  2.45814  
1.16601  1.668  
1.42937  1.14127  
0.935554  2.12891  
0.326502  3.34701  
0.491128  3.01777  
1.07211  1.85579  
1.78543  0.429148  
1.56594  0.868153  
1.84397  0.312071  
1.69764  0.604734  
1.36842  1.26317  
0.6277  2.74461  
1.96533  0.0693569  
0.238711  3.5226  
0.0411995  3.91762  
0.683138  2.63374  
0.0905499  3.81891  
0.19298  3.61405  
0.884338  2.23135  
0.549647  2.90072  
0.785573  2.42886  
1.24648  1.50705  
0.439903  3.12021  
1.61959  0.76083  
1.44401  1.11201  
1.18064  1.63873  
0.505753  2.98851  
0.99406  2.0119  
0.950194  2.09963  
1.48791  1.02419  
0.341125  3.31777  
1.29041  1.4192  
1.08511  1.82979  
1.79843  0.403143  
1.89598  0.208057  
1.38143  1.23716  
1.57896  0.842098  
1.85697  0.286084  
1.71065  0.578719  
0.640668  2.71868  
1.97689  0.0462281  
0.101545  3.79693  
0.72703  2.54596  
0.28261  3.4348  
0.825805  2.3484  
1.12212  1.75579  
0.694108  2.6118  
0.249693  3.50063  
0.38137  3.23727  
0.134465  3.73108  
0.0521786  3.89567  
1.03309  1.93384  
