2.99958  1.00021  0.999797  
0.857455  1.71618  0.856244  
0.000301003  0.000301003  6.0003  
0.23341  0.466297  4.60182  
0.403182  0.805723  3.58322  
1.00088  1.99957  0.000444366  
0.526828  1.05275  2.84199  
2.35019  1.06734  2.19076  
2.41323  1.12985  1.60178  
1.80019  1.16666  2.29021  
0.616853  1.23288  2.30143  
2.47884  1.19537  1.07856  
1.9258  1.22957  1.79969  
1.88693  1.55653  0.443467  
1.50564  1.29612  1.87916  
0.682747  1.3645  1.90648  
0.0636595  0.126939  5.62028  
1.59132  1.36374  1.52447  
1.54092  1.65355  0.515834  
2.52192  1.23904  0.760961  
1.27969  1.40479  1.59346  
2.18669  1.26444  1.24574  
0.730833  1.4603  1.61897  
1.25953  1.71837  0.574968  
0.279525  0.558632  4.32456  
0.109682  0.21898  5.34398  
1.51737  1.74132  0.258688  
1.37162  1.45908  1.33597  
2.23822  1.29974  0.987721  
1.02338  1.76376  0.620618  
1.14193  1.48652  1.38831  
2.29383  1.32862  0.757622  
1.29859  1.78067  0.354338  
1.706  1.43634  1.11881  
0.765969  1.53058  1.40805  
1.3938  1.51209  1.13145  
0.143384  0.286417  5.14145  
0.436824  0.872866  3.38187  
0.313271  0.626012  4.12247  
1.1086  1.80964  0.429621  
2.05764  1.37098  0.945027  
1.20831  1.5309  1.20259  
2.81539  1.01164  1.46032  
1.7286  1.47581  0.9408  
1.35485  1.82258  0.177425  
0.921904  1.84128  0.475331  
2.12432  1.38713  0.774895  
1.04091  1.54941  1.2412  
2.21843  1.39079  0.609214  
2.8375  1.07363  0.966436  
1.41356  1.55473  0.968229  
1.16827  1.84723  0.275463  
0.7911  1.58107  1.25659  
1.26312  1.56578  1.05081  
0.551267  1.10161  2.69538  
0.167825  0.335255  4.99498  
0.461358  0.922099  3.23397  
0.337996  0.675066  3.97558  
1.74975  1.50799  0.794936  
2.05319  1.22426  1.65902  
2.67832  1.05833  1.48387  
1.11007  1.58059  1.10555  
1.94326  1.30406  1.40641  
1.01889  1.8686  0.334257  
2.70817  1.06582  1.35403  
1.42986  1.58937  0.837029  
1.77143  1.61343  0.388687  
2.08977  1.42884  0.651911  
2.28932  1.09671  2.07843  
1.23164  1.87292  0.147634  
1.39641  1.24304  2.17876  
0.97955  1.59481  1.13512  
1.2979  1.59485  0.929999  
2.71793  1.11942  0.985414  
2.30018  1.10958  1.96309  
2.17198  1.10974  2.19068  
2.74626  1.12687  0.873128  
1.27132  1.25271  2.1896  
1.95612  1.32483  1.29308  
1.16718  1.60533  0.99197  
0.809511  1.61779  1.14639  
2.37849  1.15703  1.49989  
1.83625  1.32929  1.42201  
1.07299  1.89275  0.227119  
0.355684  0.710494  3.86921  
0.185813  0.371195  4.88714  
0.56937  1.13773  2.58698  
0.635125  1.26954  2.19141  
0.479356  0.957845  3.1268  
2.09539  1.45231  0.547695  
1.98552  1.45256  0.706999  
0.875303  1.74909  0.752303  
2.18551  1.12097  2.08727  
0.0174303  0.0345835  5.89726  
1.66778  1.55058  0.73262  
1.44558  1.61594  0.734285  
2.6044  1.09442  1.41464  
1.18941  1.35959  1.8052  
1.67089  1.64072  0.415615  
1.8312  1.19601  2.09017  
