2.99954  1.00017  1.00017  
0.857521  1.7142  0.857528  
0.000201076  0.000201076  6.0002  
0.232997  0.465575  4.60387  
0.402524  0.804539  3.5867  
1.00046  1.99979  0.000233042  
0.526104  1.05169  2.84507  
2.34915  1.06679  2.19764  
2.41299  1.12838  1.61183  
1.7968  1.16607  2.29693  
0.616207  1.23145  2.30578  
2.47861  1.19326  1.09069  
1.92629  1.22752  1.80996  
1.88671  1.55664  0.443355  
1.50525  1.29466  1.88627  
0.681675  1.36251  1.91244  
0.0634173  0.126562  5.6211  
1.59207  1.3614  1.53347  
1.54055  1.6536  0.51608  
2.53407  1.23296  0.767038  
1.27862  1.40287  1.60109  
2.1848  1.2629  1.25662  
0.729894  1.45862  1.62403  
1.25906  1.71813  0.576087  
0.109619  0.218969  5.34372  
0.27896  0.557493  4.32824  
2.23755  1.29804  0.996999  
1.5174  1.7413  0.258702  
1.37295  1.45669  1.34358  
1.01874  1.76435  0.622093  
2.30165  1.32421  0.764309  
1.13883  1.48504  1.39489  
1.29704  1.78035  0.356688  
1.70507  1.43495  1.12528  
0.764381  1.52807  1.41569  
1.39356  1.50989  1.13928  
0.31256  0.624509  4.12708  
0.436212  0.871823  3.38484  
0.143196  0.285989  5.14287  
1.10515  1.80972  0.432065  
2.0571  1.37015  0.949444  
1.20644  1.52909  1.20975  
2.81621  1.00988  1.47175  
1.7277  1.47499  0.944946  
1.35678  1.82161  0.178392  
0.921573  1.8421  0.473363  
2.12972  1.38476  0.776763  
1.03778  1.54742  1.24897  
2.22012  1.38994  0.61006  
1.41405  1.552  0.977091  
2.83838  1.07079  0.98214  
1.16693  1.8471  0.276969  
0.789918  1.57864  1.26387  
1.26013  1.5638  1.0594  
0.460688  0.92069  3.23826  
0.337051  0.673591  3.97966  
0.167534  0.334719  4.99648  
0.550724  1.10078  2.6978  
1.74806  1.50751  0.798684  
2.05188  1.2225  1.67041  
2.6795  1.05652  1.49398  
1.11699  1.57855  1.10767  
1.94318  1.3023  1.41479  
1.01026  1.86838  0.341202  
2.70961  1.06431  1.36085  
1.42915  1.58608  0.848667  
2.09158  1.42825  0.651623  
1.76965  1.61328  0.391411  
1.23191  1.8722  0.149421  
2.28969  1.09567  2.08558  
0.994465  1.59227  1.13498  
1.29884  1.59237  0.937299  
1.38996  1.24221  2.18547  
2.77054  1.11473  0.885273  
2.17537  1.10824  2.19606  
2.30078  1.10857  1.96922  
1.95588  1.32347  1.29961  
1.27366  1.25133  2.19457  
1.17125  1.60388  0.99368  
0.808082  1.6154  1.15373  
1.06859  1.89179  0.233228  
2.37779  1.15554  1.51038  
1.83591  1.32782  1.429  
0.63387  1.26708  2.19881  
0.478527  0.95625  3.13163  
0.185437  0.370375  4.8897  
0.355058  0.709296  3.87275  
0.568651  1.13634  2.59116  
1.98685  1.45166  0.708778  
1.44319  1.61367  0.744  
2.09506  1.45247  0.547532  
0.875295  1.74892  0.752773  
0.0174698  0.0346281  5.89725  
2.18701  1.11983  2.09282  
2.6076  1.09208  1.42275  
1.18523  1.35821  1.81209  
1.33055  1.61771  0.829855  
1.66832  1.64123  0.416804  
1.82959  1.19497  2.09769  
2.67123  1.13368  1.01128  
