2.00004  3.96568e-05  
3.93337e-05  4.00004  
0.666716  2.6667  
1.11114  1.7778  
1.40747  1.18518  
0.222274  3.55559  
1.605  0.790114  
0.370411  3.25928  
0.814834  2.37042  
1.73666  0.526776  
1.20995  1.58021  
0.469206  3.06173  
0.913633  2.17288  
1.82446  0.351202  
0.0741349  3.85188  
0.535026  2.93003  
1.47334  1.05342  
1.27581  1.44853  
0.979481  2.04117  
1.88307  0.233988  
0.271646  3.45682  
0.123525  3.7531  
0.716089  2.56794  
1.31968  1.36074  
0.578944  2.84224  
1.64891  0.702256  
1.02342  1.95327  
1.51718  0.965728  
1.92211  0.155889  
1.1441  1.7119  
0.156418  3.68725  
0.403365  3.19338  
0.847794  2.30454  
0.304584  3.39095  
0.749034  2.50205  
1.54645  0.907203  
1.34894  1.3022  
0.608224  2.7837  
1.76598  0.468148  
1.05267  1.89479  
1.6782  0.643721  
1.94812  0.103936  
0.0247585  3.95061  
1.2319  1.5363  
0.178376  3.64335  
0.869738  2.26063  
1.42941  1.14129  
1.16605  1.66801  
0.491149  3.01785  
0.326559  3.347  
0.935639  2.12887  
0.425382  3.14933  
0.77101  2.45813  
1.84404  0.312061  
1.56599  0.868178  
0.627714  2.74466  
1.36844  1.2632  
1.07215  1.85581  
1.69771  0.604702  
1.78552  0.429085  
1.96542  0.0692419  
0.0905919  3.81894  
0.0411976  3.9177  
0.683194  2.63372  
0.238771  3.52265  
1.44406  1.11201  
0.994119  2.01189  
1.24655  1.50703  
1.29043  1.41926  
1.1807  1.63872  
1.61962  0.760865  
0.549696  2.90074  
0.193015  3.61411  
0.505784  2.98858  
0.341176  3.31777  
0.884337  2.2314  
0.78561  2.42892  
0.950226  2.09968  
1.48792  1.02427  
0.440141  3.11987  
1.85705  0.285995  
0.640732  2.71864  
1.08517  1.82979  
1.89614  0.207811  
1.57905  0.842045  
1.38152  1.23708  
1.79854  0.403035  
1.71075  0.57866  
1.97695  0.0461785  
0.727074  2.54594  
0.381417  3.23731  
1.12215  1.75583  
0.052179  3.89576  
0.825814  2.34848  
0.10159  3.79696  
0.694165  2.61179  
0.282605  3.4349  
0.249734  3.50066  
0.13444  3.73123  
1.00391  1.99228  
