2  6.35678e-06  
2.4406e-05  3.99997  
0.666671  2.66667  
1.11112  1.77778  
1.40741  1.18518  
0.222233  3.55556  
1.60495  0.790126  
0.814829  2.37036  
0.370388  3.25924  
1.73662  0.526773  
0.913592  2.17282  
1.20988  1.58025  
0.469146  3.06172  
1.82442  0.351168  
0.0740801  3.85185  
1.27573  1.44856  
0.534986  2.93004  
0.979441  2.04113  
1.47325  1.05351  
1.88295  0.234119  
0.123468  3.75308  
0.716066  2.56788  
0.271625  3.45676  
1.51716  0.9657  
0.578882  2.84225  
1.31963  1.36076  
1.02333  1.95334  
1.64884  0.702338  
1.92196  0.156084  
0.847753  2.3045  
0.403308  3.19339  
0.304547  3.39092  
1.14405  1.71192  
0.156383  3.68725  
0.748996  2.50202  
1.76589  0.468243  
0.608148  2.78371  
1.54642  0.907172  
1.3489  1.30222  
1.05259  1.89483  
1.67811  0.643787  
1.94798  0.104065  
0.0246974  3.95061  
0.935542  2.12893  
1.23184  1.53634  
0.178329  3.64336  
0.326488  3.34703  
0.869703  2.26061  
1.42936  1.1413  
0.770942  2.45813  
0.425256  3.14951  
1.16598  1.66805  
0.491116  3.01778  
1.7854  0.429219  
1.56593  0.86814  
0.627655  2.74471  
1.84393  0.312158  
1.07211  1.8558  
1.3684  1.26322  
1.69762  0.604786  
1.96532  0.069369  
0.238694  3.52263  
0.683133  2.63375  
0.0905413  3.81894  
0.0411566  3.9177  
1.29036  1.41929  
1.18062  1.63878  
1.48789  1.02423  
1.61958  0.760861  
0.192958  3.6141  
1.44399  1.11202  
0.950171  2.09967  
0.884332  2.23135  
1.24647  1.50708  
0.994077  2.01186  
0.341131  3.31775  
0.549628  2.90076  
0.785574  2.42886  
0.439898  3.12022  
0.505746  2.98852  
1.85693  0.286143  
1.79841  0.403185  
1.89596  0.208105  
1.38141  1.2372  
0.640658  2.7187  
1.71062  0.578773  
1.08512  1.82978  
1.57895  0.842116  
1.97689  0.04624  
0.694109  2.61179  
0.727043  2.54593  
0.825806  2.3484  
0.249665  3.50069  
1.1221  1.75581  
0.381365  3.23728  
0.0521375  3.89574  
0.101507  3.797  
0.282595  3.43482  
0.134457  3.73111  
0.894095  2.21183  
