2.99972  1.00012  1.00003  
0.857162  1.71446  0.857134  
3.39853e-05  3.39853e-05  6.00003  
0.232871  0.465661  4.60312  
0.402393  0.804699  3.58596  
1.00009  1.99995  4.74322e-05  
0.526063  1.052  2.84403  
2.35159  1.06641  2.19569  
2.41371  1.12853  1.60937  
1.80256  1.16549  2.29489  
0.616076  1.23199  2.30404  
2.47907  1.19387  1.08638  
1.92714  1.22793  1.80675  
1.88621  1.5569  0.443104  
1.50744  1.29479  1.88371  
0.68166  1.36317  1.91048  
0.0632636  0.126468  5.62077  
1.59247  1.36197  1.53075  
1.53997  1.65374  0.51621  
2.52948  1.23526  0.76474  
1.28071  1.40308  1.5991  
2.18543  1.26328  1.25364  
0.729377  1.45857  1.62427  
1.25845  1.71846  0.57561  
0.10932  0.218577  5.34441  
0.278977  0.557867  4.3265  
1.51726  1.74137  0.258631  
2.23749  1.29854  0.994712  
1.37365  1.45709  1.34162  
1.02234  1.76386  0.621037  
2.29829  1.32572  0.763206  
1.14366  1.48451  1.39403  
1.29783  1.78044  0.355716  
1.70484  1.43552  1.12331  
0.764214  1.52825  1.41521  
1.39471  1.5102  1.13729  
0.436016  0.871936  3.38424  
0.142903  0.285754  5.14284  
0.312566  0.625048  4.12493  
1.10741  1.8096  0.430652  
2.05648  1.37054  0.948668  
1.20924  1.52904  1.20825  
2.81615  1.01033  1.46843  
1.72736  1.47514  0.944761  
1.35574  1.82213  0.177868  
0.920813  1.84145  0.475602  
2.12706  1.38567  0.776955  
1.04218  1.54747  1.24655  
2.22009  1.38996  0.610045  
2.83773  1.07177  0.97765  
1.4138  1.55299  0.973929  
1.1678  1.84729  0.275696  
0.789552  1.57895  1.26313  
1.26309  1.56389  1.05698  
0.46045  0.920833  3.23753  
0.550571  1.10094  2.69724  
0.167373  0.334663  4.99616  
0.336979  0.6739  3.97835  
1.7486  1.5076  0.797732  
2.05162  1.22303  1.66788  
2.67924  1.05699  1.49122  
1.12048  1.57863  1.1053  
1.94245  1.30313  1.41186  
1.00871  1.86803  0.343291  
2.70855  1.06455  1.36189  
2.09138  1.42821  0.652089  
1.43057  1.58661  0.845608  
1.7692  1.61343  0.391465  
2.29067  1.09569  2.0836  
1.23279  1.87298  0.146428  
0.989448  1.59261  1.13659  
1.39839  1.24207  2.182  
1.30024  1.59355  0.932396  
2.7663  1.11684  0.883175  
2.17597  1.10837  2.19414  
2.30103  1.10862  1.9684  
1.2862  1.251  2.19133  
1.95496  1.32378  1.29941  
1.1717  1.60363  0.994178  
0.807885  1.61558  1.15324  
1.06649  1.89172  0.235068  
1.83501  1.32821  1.42832  
2.37876  1.15612  1.50497  
0.185143  0.370225  4.88942  
0.633974  1.26779  2.19664  
0.478363  0.956641  3.13011  
0.568389  1.13669  2.58996  
0.354798  0.709519  3.8715  
1.98474  1.45234  0.70899  
2.09519  1.4524  0.547596  
1.44372  1.61456  0.740558  
0.874549  1.74886  0.75336  
2.18761  1.12001  2.09057  
0.017228  0.0344213  5.89686  
2.60747  1.09285  1.4179  
1.33083  1.61736  0.830732  
1.19083  1.35808  1.81009  
1.66897  1.64112  0.416443  
1.83156  1.19523  2.09415  
1.06067  1.61608  1.02656  
