2.00004  4.06644e-05  
2.95245e-05  4.00003  
0.666719  2.66668  
1.1112  1.77776  
1.40747  1.1852  
0.222288  3.55559  
1.60503  0.790046  
0.814906  2.37033  
0.370436  3.25928  
1.73678  0.526595  
1.20994  1.58024  
0.469193  3.06176  
0.913628  2.17283  
1.82454  0.351082  
0.0741212  3.85187  
1.47332  1.05349  
0.535039  2.93007  
1.2758  1.44851  
0.979566  2.041  
1.88303  0.234046  
0.716125  2.5679  
0.271658  3.45678  
0.123518  3.7531  
1.64895  0.702208  
1.51724  0.965654  
1.31969  1.36071  
0.578962  2.8422  
1.02347  1.95317  
1.92206  0.155974  
0.156438  3.68726  
0.749064  2.50198  
0.847819  2.30448  
0.30464  3.39085  
1.14408  1.71198  
0.403423  3.19335  
1.5465  0.907105  
0.60821  2.78369  
1.76604  0.468058  
1.67828  0.643581  
1.34897  1.30219  
1.05267  1.89477  
1.94806  0.103989  
0.0247199  3.95067  
1.16604  1.66807  
0.49115  3.01786  
0.935676  2.12884  
1.42943  1.14126  
0.771019  2.45808  
0.425314  3.14947  
0.178368  3.64339  
1.23194  1.53626  
0.326567  3.34699  
0.869772  2.26056  
1.07218  1.85573  
1.56602  0.86809  
1.36848  1.26319  
1.78556  0.429015  
1.6978  0.604557  
0.627747  2.74467  
1.84406  0.31199  
1.96545  0.06924  
0.0411989  3.91769  
0.238738  3.52267  
0.683212  2.63369  
0.0905779  3.81897  
1.48796  1.02422  
0.549701  2.90069  
0.785656  2.4288  
0.505789  2.98852  
1.1807  1.63877  
1.61971  0.760727  
0.193051  3.61405  
0.341186  3.31777  
1.24658  1.50696  
0.994247  2.01165  
0.95026  2.09962  
1.44411  1.11197  
0.884423  2.23125  
1.29049  1.4191  
0.439999  3.12016  
1.08519  1.82971  
1.89605  0.207984  
0.640721  2.71867  
1.79856  0.402985  
1.71081  0.578515  
1.85707  0.286014  
1.38151  1.23708  
1.57908  0.841947  
1.97708  0.0460463  
0.381416  3.23728  
0.727113  2.54592  
0.101553  3.79702  
0.282692  3.43473  
0.134487  3.73117  
0.82588  2.34835  
0.24972  3.50069  
0.694195  2.61171  
1.12219  1.75578  
0.0521791  3.89581  
0.960012  2.0801  
