2.00005  4.85256e-05  
4.20803e-05  4.00004  
0.666722  2.6667  
1.11118  1.77775  
1.40748  1.18516  
0.222262  3.5556  
1.60502  0.790062  
0.814894  2.37035  
0.370439  3.25926  
1.73664  0.52683  
0.913654  2.17284  
1.20994  1.58026  
0.469223  3.06173  
1.82447  0.351219  
0.0741667  3.8518  
0.979511  2.0411  
0.535015  2.93007  
1.27577  1.4486  
1.4733  1.05352  
1.88299  0.234152  
0.271645  3.45682  
0.716099  2.56794  
0.12356  3.75304  
1.31968  1.36076  
1.51723  0.965669  
1.02341  1.95329  
0.57892  2.84232  
1.64891  0.702272  
1.92203  0.156034  
0.749017  2.50207  
0.847807  2.30449  
0.403351  3.19342  
1.1441  1.7119  
0.156458  3.68718  
0.304521  3.39105  
1.76593  0.468288  
1.54648  0.907142  
1.34895  1.30222  
0.608198  2.78373  
1.05266  1.8948  
1.67814  0.643822  
1.94808  0.104023  
0.0247669  3.95054  
0.935599  2.12892  
0.77099  2.45813  
1.16605  1.668  
1.42941  1.14128  
0.869744  2.26063  
0.425367  3.14936  
0.491179  3.01777  
1.23193  1.53627  
0.178437  3.64328  
0.326444  3.34727  
1.84397  0.312184  
1.566  0.868126  
1.78545  0.429231  
1.07218  1.85576  
1.69764  0.604821  
1.3685  1.26314  
0.627754  2.74468  
1.96543  0.0692625  
0.683177  2.63375  
0.238736  3.52265  
0.0906618  3.81879  
0.0413134  3.91751  
0.341107  3.31792  
1.48795  1.02418  
0.884391  2.23134  
0.950249  2.09963  
0.994151  2.01181  
1.29042  1.41925  
0.785643  2.42888  
1.18071  1.63868  
0.439983  3.12012  
1.44402  1.11206  
0.5497  2.90075  
1.24655  1.50705  
0.505806  2.98853  
1.61972  0.760675  
0.193012  3.61411  
1.896  0.208099  
1.79845  0.403223  
1.85698  0.28618  
1.57902  0.84207  
0.640709  2.71869  
1.38149  1.23714  
1.0852  1.82971  
1.71067  0.578801  
1.977  0.046141  
0.24969  3.5007  
0.727063  2.54598  
0.38139  3.23732  
0.13452  3.73106  
0.825876  2.34837  
1.12217  1.75574  
0.101643  3.79687  
0.0522756  3.89559  
0.694131  2.61187  
0.28266  3.43479  
1.49774  1.00465  
