2.00004  3.80622e-05  
3.44102e-05  4.00003  
0.666717  2.66672  
1.11114  1.77783  
1.40743  1.18522  
0.222276  3.55557  
1.60501  0.790104  
0.814844  2.37042  
0.370434  3.25925  
1.73668  0.526739  
0.469199  3.0617  
1.20992  1.58026  
0.913641  2.17284  
1.8245  0.351143  
0.0741206  3.85188  
1.47332  1.05349  
1.27576  1.44858  
0.535055  2.93003  
0.979496  2.04114  
1.88301  0.234112  
0.271658  3.45678  
0.716088  2.56793  
0.123504  3.75312  
1.51719  0.965711  
1.6489  0.702328  
0.578947  2.84221  
1.02337  1.95337  
1.31968  1.36074  
1.92204  0.156047  
0.156415  3.68727  
0.403358  3.1934  
0.847783  2.30458  
1.14406  1.71199  
0.304567  3.39096  
0.74904  2.50203  
1.54647  0.907192  
1.67817  0.643796  
1.76599  0.468151  
0.608224  2.78369  
1.05262  1.89489  
1.34895  1.30224  
1.94808  0.103979  
0.0247348  3.95067  
0.869737  2.26063  
1.42942  1.14127  
0.32654  3.34706  
0.178369  3.64338  
0.491172  3.01782  
0.935568  2.12896  
1.23189  1.53634  
0.77098  2.45815  
0.42535  3.14943  
1.16607  1.668  
1.566  0.868127  
1.36843  1.26325  
1.7855  0.429142  
1.69768  0.604763  
1.0721  1.8559  
0.627737  2.74464  
1.84405  0.312038  
1.96541  0.0692959  
0.683173  2.63378  
0.0412098  3.9177  
0.238748  3.52263  
0.0906088  3.8189  
1.2904  1.41931  
0.950226  2.09965  
0.193016  3.61408  
1.44406  1.11198  
0.884385  2.23133  
0.994123  2.01186  
0.505807  2.98852  
0.341139  3.31782  
0.549705  2.90072  
1.24653  1.50707  
1.18069  1.63871  
1.48792  1.02427  
0.785598  2.42894  
0.43999  3.12015  
1.61969  0.760716  
1.7985  0.403136  
1.579  0.842138  
1.89605  0.208021  
1.08516  1.82978  
1.85705  0.286028  
0.640755  2.71859  
1.38152  1.23705  
1.71079  0.57853  
1.97695  0.0461986  
0.82583  2.34845  
0.381406  3.2373  
0.727097  2.54593  
0.0521807  3.89575  
0.249719  3.50066  
1.12212  1.75587  
0.28264  3.43484  
0.694166  2.61177  
0.134454  3.7312  
0.101585  3.79695  
1.32943  1.34123  
