2.99775  1.00108  0.999181  
0.857656  1.71786  0.856015  
0.000566769  0.000566769  6.00057  
0.233894  0.466711  4.6016  
0.403624  0.806216  3.58199  
1.00107  1.99948  0.000538345  
0.527481  1.05387  2.83868  
2.34676  1.06843  2.18887  
2.41051  1.13112  1.59905  
1.7965  1.16792  2.28626  
0.617478  1.23425  2.2973  
2.47637  1.1972  1.07352  
1.92282  1.23084  1.79664  
1.88697  1.55652  0.443485  
1.50175  1.29757  1.87562  
0.683567  1.36592  1.90222  
0.0636871  0.126941  5.62044  
1.5905  1.36469  1.5213  
1.54125  1.65376  0.514808  
2.51653  1.24171  0.758393  
1.27866  1.40602  1.58958  
2.1832  1.26521  1.24752  
0.731826  1.4612  1.61617  
1.26008  1.71833  0.574645  
0.109866  0.219192  5.3437  
0.279989  0.558851  4.32469  
1.51652  1.74174  0.258261  
1.37085  1.46033  1.33205  
2.23556  1.3008  0.987133  
1.02465  1.7641  0.618794  
1.13911  1.48765  1.38614  
2.28977  1.32988  0.758891  
1.298  1.78099  0.353907  
1.70647  1.43758  1.11342  
0.766608  1.53105  1.40653  
1.3932  1.51485  1.12231  
0.143542  0.286401  5.1422  
0.313251  0.625826  4.12325  
0.438178  0.874479  3.3775  
1.10766  1.80999  0.429354  
1.20804  1.53283  1.19645  
2.05618  1.37235  0.941204  
2.81355  1.01311  1.45421  
1.72899  1.47699  0.935866  
1.35442  1.82279  0.17721  
0.921111  1.84201  0.476416  
2.11987  1.38901  0.773638  
1.04052  1.55043  1.23825  
2.82918  1.02998  1.28317  
2.84901  1.07548  0.92463  
2.21711  1.39144  0.608557  
1.41302  1.55748  0.959341  
1.16775  1.84744  0.275308  
0.792369  1.58169  1.2544  
1.26318  1.56803  1.04339  
0.552103  1.10287  2.69168  
0.338094  0.675054  3.97579  
0.167894  0.335104  4.996  
0.462087  0.923319  3.23041  
1.75022  1.50898  0.79068  
2.04715  1.22603  1.65802  
2.67679  1.06032  1.47336  
1.11256  1.58199  1.09969  
1.94236  1.30565  1.40009  
1.00851  1.86812  0.343198  
1.77246  1.61377  0.386229  
2.28639  1.09853  2.07032  
1.43049  1.59108  0.830745  
2.08982  1.42949  0.649142  
1.23161  1.87305  0.14728  
2.72468  1.11837  0.975469  
0.989942  1.59574  1.12697  
1.389  1.24449  2.17575  
1.29751  1.5972  0.922707  
2.17102  1.11084  2.18414  
2.29772  1.11156  1.95364  
1.27663  1.25365  2.18412  
1.95496  1.32642  1.2873  
1.16216  1.60732  0.989147  
0.81032  1.61858  1.1439  
2.7328  1.1336  0.866399  
1.83498  1.33032  1.41885  
0.635446  1.27006  2.18985  
1.07113  1.89256  0.229107  
0.186155  0.371328  4.88787  
0.356059  0.710858  3.86843  
2.37567  1.15877  1.4948  
0.479954  0.958877  3.12382  
0.570368  1.13926  2.58249  
2.62257  1.09328  1.3808  
1.98621  1.45315  0.703701  
2.18229  1.12271  2.08043  
1.69091  1.55069  0.706319  
0.01757  0.0346883  5.89759  
0.876319  1.74934  0.751055  
2.09261  1.45369  0.546311  
1.44689  1.61714  0.729083  
1.67187  1.64116  0.412937  
1.18817  1.3607  1.8017  
1.82854  1.19755  2.08437  
