2.99966  1.00013  1.00011  
0.857472  1.7173  0.857512  
0.000396711  0.000396711  6.0004  
0.233516  0.4664  4.60166  
0.403363  0.805786  3.58321  
1.00061  1.99979  0.000334031  
0.52705  1.05325  2.84049  
2.34985  1.06753  2.18992  
2.41249  1.13015  1.60131  
1.79967  1.16715  2.28777  
0.617409  1.2335  2.29961  
2.47802  1.19566  1.07867  
1.92505  1.22988  1.79897  
1.88815  1.55592  0.444075  
1.50417  1.29649  1.87861  
0.682858  1.36463  1.90613  
0.0636576  0.126878  5.62063  
1.59116  1.36367  1.5249  
1.54156  1.65331  0.51597  
2.52274  1.23863  0.761372  
1.27887  1.40515  1.59261  
2.18604  1.26399  1.24909  
0.731129  1.46067  1.61786  
1.2598  1.71837  0.574762  
0.279714  0.558586  4.32523  
0.109872  0.219346  5.34289  
1.51731  1.74135  0.258655  
1.37161  1.45958  1.33418  
2.24096  1.29992  0.982267  
1.02381  1.76383  0.620131  
1.13795  1.48732  1.38784  
2.2951  1.3287  0.755053  
1.29819  1.78064  0.354892  
1.70711  1.43641  1.11732  
0.765995  1.53019  1.40917  
1.39311  1.51312  1.12842  
0.313314  0.625787  4.12344  
0.437281  0.873261  3.38087  
0.14372  0.286571  5.14206  
1.10806  1.80967  0.429961  
1.20723  1.53154  1.20122  
2.05918  1.37064  0.944281  
2.81595  1.01191  1.45656  
1.72965  1.47581  0.939625  
1.35513  1.82244  0.177563  
0.921191  1.84105  0.476674  
2.12577  1.38673  0.774346  
1.03946  1.54966  1.24118  
2.83796  1.07344  0.966477  
2.21816  1.39092  0.609081  
1.41266  1.55544  0.96658  
1.16658  1.8471  0.277245  
0.791972  1.58155  1.25492  
1.26205  1.5667  1.04854  
0.551642  1.10243  2.69292  
0.337723  0.674605  3.97692  
0.461538  0.922029  3.23451  
0.168147  0.335641  4.99425  
1.75114  1.50862  0.790944  
2.05208  1.22441  1.65978  
2.6788  1.05843  1.48191  
1.11349  1.58105  1.10202  
1.94515  1.30465  1.40118  
1.01186  1.86839  0.340305  
2.70866  1.06639  1.3488  
1.42935  1.58937  0.837475  
1.77033  1.61277  0.392359  
2.28935  1.09686  2.07726  
2.09051  1.42856  0.651947  
1.23093  1.87247  0.149548  
0.99132  1.59513  1.12808  
1.39511  1.24329  2.17814  
1.29199  1.59687  0.928096  
2.75859  1.1207  0.879296  
2.17415  1.10957  2.18831  
2.29963  1.10984  1.96227  
1.28258  1.25237  2.1869  
1.95784  1.32512  1.28944  
1.17026  1.6065  0.986173  
0.879472  1.60769  1.14531  
1.83747  1.32874  1.42307  
0.569422  1.13805  2.58604  
0.479385  0.957655  3.12749  
1.07173  1.89269  0.228289  
2.37848  1.15714  1.49929  
0.635196  1.26916  2.1926  
0.185895  0.371141  4.88765  
0.355908  0.710531  3.8694  
2.09591  1.45204  0.547955  
1.98727  1.4527  0.704002  
2.18617  1.12121  2.0845  
0.875087  1.74874  0.753376  
0.0176588  0.0348583  5.8971  
1.44592  1.61572  0.73469  
2.60651  1.09427  1.41064  
1.18784  1.35974  1.80533  
1.66981  1.64088  0.416276  
1.83031  1.19627  2.08967  
1.33098  1.61921  0.824675  
1.06829  1.61863  1.0143  
