2.9999  1.00004  1.00001  
0.85723  1.71478  0.856862  
3.54814e-05  4.16579e-05  5.99999  
0.23284  0.46562  4.60322  
0.402528  0.804958  3.58519  
1.00005  1.99998  2.29492e-05  
0.526026  1.05197  2.84412  
2.35166  1.06655  2.19436  
2.41388  1.12881  1.60718  
1.80258  1.16568  2.29373  
0.616224  1.23226  2.30322  
2.47909  1.194  1.0856  
1.92699  1.22798  1.80667  
1.88596  1.55702  0.442982  
1.50723  1.29502  1.88284  
0.681834  1.36353  1.90942  
0.0632713  0.126515  5.62054  
1.59218  1.3623  1.52966  
1.5396  1.65385  0.51623  
2.5286  1.2357  0.764302  
1.28081  1.40341  1.59783  
2.18542  1.26338  1.25319  
0.729647  1.45921  1.62237  
1.2582  1.71858  0.57547  
0.109345  0.218654  5.34413  
0.279036  0.558019  4.326  
1.51722  1.74139  0.258612  
2.23748  1.29867  0.994084  
1.37346  1.45776  1.33934  
1.02221  1.764  0.620727  
2.2981  1.32647  0.760085  
1.14368  1.48502  1.39231  
1.29778  1.78055  0.355419  
1.7048  1.43597  1.12157  
0.764348  1.52859  1.41422  
1.39429  1.51101  1.13479  
0.43606  0.872026  3.38397  
0.312556  0.625054  4.1249  
0.142908  0.285778  5.14274  
1.10758  1.80982  0.429891  
2.0573  1.37073  0.94663  
1.20888  1.52949  1.20685  
2.81619  1.01055  1.4666  
1.72711  1.47559  0.943308  
1.35543  1.82229  0.177715  
0.920832  1.84154  0.475335  
2.12703  1.386  0.775547  
1.04114  1.54751  1.24695  
2.21858  1.39071  0.609291  
2.83798  1.07198  0.975884  
1.41303  1.55336  0.973338  
1.16726  1.84729  0.276155  
0.789711  1.57928  1.26214  
1.26217  1.5643  1.0563  
0.550648  1.10117  2.69653  
0.460473  0.920874  3.23741  
0.336971  0.673867  3.97846  
0.167407  0.334774  4.99575  
1.74848  1.50781  0.797069  
2.05204  1.22308  1.66705  
2.67924  1.0571  1.4904  
1.11241  1.57854  1.11051  
1.94314  1.30346  1.40941  
1.00814  1.8683  0.343588  
2.70905  1.06487  1.35839  
2.09014  1.42856  0.652489  
1.43003  1.58712  0.8444  
1.76972  1.61366  0.39  
2.29094  1.0958  2.08224  
1.23236  1.87302  0.146705  
0.988365  1.59271  1.13683  
1.39487  1.24243  2.18212  
1.29942  1.59393  0.931816  
2.76518  1.11741  0.882588  
2.17486  1.10857  2.1945  
2.30118  1.10866  1.96782  
1.28235  1.2514  2.19109  
1.95573  1.32427  1.29614  
1.16485  1.60349  0.999238  
0.80808  1.61605  1.15183  
1.8355  1.3284  1.42686  
1.07079  1.89265  0.229148  
2.37872  1.15613  1.50496  
0.634094  1.2681  2.19571  
0.568529  1.13699  2.58905  
0.185179  0.370297  4.88921  
0.354719  0.709363  3.87197  
0.478429  0.956777  3.1297  
2.09549  1.45226  0.547744  
1.98546  1.45236  0.707911  
1.4434  1.61476  0.740204  
0.874485  1.74888  0.753343  
2.18768  1.11989  2.09124  
0.0171949  0.0343656  5.89699  
2.60778  1.09273  1.41796  
1.33021  1.61747  0.830908  
1.18912  1.35861  1.80894  
1.66952  1.6412  0.415547  
1.83269  1.19511  2.09367  
1.05014  1.61581  1.03356  
