2  4.88517e-06  
3.98533e-06  4  
0.666677  2.66666  
1.11112  1.77777  
1.40741  1.18519  
0.222231  3.55556  
1.60495  0.790128  
0.370369  3.25928  
0.814813  2.37038  
1.73663  0.526747  
0.469136  3.06174  
0.913585  2.17284  
1.20988  1.58025  
1.82445  0.351112  
0.0740858  3.85184  
0.534989  2.93004  
1.47327  1.05349  
0.979423  2.04117  
1.27574  1.44852  
1.88299  0.234028  
0.271605  3.4568  
0.123458  3.75309  
0.716066  2.56789  
1.02333  1.95335  
0.578887  2.84224  
1.51716  0.965692  
1.64884  0.702343  
1.31963  1.36075  
1.922  0.156019  
0.15639  3.68723  
0.30453  3.39095  
1.14404  1.71193  
0.847727  2.30456  
0.748974  2.50207  
0.40328  3.19346  
0.608152  2.78371  
1.0526  1.89482  
1.76593  0.468159  
1.54643  0.907162  
1.3489  1.30221  
1.67815  0.643724  
1.948  0.104006  
0.0246961  3.95062  
1.42936  1.14129  
0.425236  3.14954  
0.491089  3.01783  
0.869675  2.26066  
0.77092  2.45817  
1.23185  1.53631  
0.935531  2.12895  
0.178343  3.64333  
1.166  1.66801  
0.326489  3.34704  
1.84397  0.312079  
1.56594  0.868139  
1.78544  0.429129  
1.0721  1.85581  
1.3684  1.2632  
0.627672  2.74467  
1.69765  0.604709  
1.96534  0.0693373  
0.683139  2.63373  
0.0411591  3.9177  
0.238695  3.52263  
0.0905513  3.81891  
0.994061  2.01189  
1.444  1.11202  
0.884305  2.2314  
0.950162  2.09969  
1.24648  1.50705  
0.505729  2.98855  
0.785554  2.42891  
0.439878  3.12026  
1.48789  1.02423  
0.192974  3.61407  
0.549635  2.90074  
1.29038  1.41925  
0.34112  3.31777  
1.18064  1.63873  
1.61962  0.760764  
1.85697  0.286062  
1.79844  0.403123  
1.08511  1.82981  
1.57895  0.842117  
0.640667  2.71868  
1.38142  1.23717  
1.89601  0.207993  
1.71067  0.578673  
1.97691  0.0461927  
0.134436  3.73114  
0.694111  2.61179  
0.282587  3.43484  
0.0521426  3.89573  
0.727033  2.54595  
0.249666  3.50068  
0.381343  3.23733  
0.825791  2.34843  
1.12208  1.75584  
0.101501  3.79701  
1.65861  0.682789  
