2.00005  4.51363e-05  
7.26703e-05  4.00007  
0.66673  2.66671  
1.11117  1.7778  
1.40745  1.18526  
0.222283  3.55556  
1.60503  0.790079  
0.814877  2.3704  
0.370475  3.25924  
1.7367  0.526728  
0.913636  2.17287  
0.469234  3.06168  
1.20997  1.58021  
1.8245  0.351152  
0.0741279  3.85188  
1.4733  1.05355  
0.979494  2.04115  
0.53508  2.92998  
1.27575  1.44864  
1.88303  0.234094  
0.123511  3.75312  
0.716127  2.5679  
0.271709  3.45681  
1.51724  0.965683  
0.578945  2.84221  
1.31964  1.36088  
1.02342  1.95334  
1.64899  0.70225  
1.92209  0.155972  
0.304617  3.39094  
0.749034  2.50203  
0.403391  3.19333  
0.847804  2.30455  
0.156475  3.68719  
1.14407  1.712  
1.34892  1.30231  
1.54651  0.907135  
1.76599  0.468179  
0.608203  2.7837  
1.67821  0.64372  
1.05263  1.89485  
1.94813  0.10395  
0.0247605  3.95056  
1.42939  1.14132  
0.326577  3.34702  
0.491204  3.01775  
1.1661  1.66795  
0.935627  2.12898  
0.178411  3.64332  
0.42536  3.14948  
0.770988  2.4582  
0.869824  2.26053  
1.23184  1.53645  
1.844  0.312133  
1.07216  1.85582  
1.566  0.868132  
1.78551  0.429146  
0.627712  2.74471  
1.36842  1.26332  
1.69774  0.604675  
1.96543  0.0693064  
0.238771  3.52256  
0.683221  2.63379  
0.0906299  3.81891  
0.0411891  3.91776  
1.48795  1.02427  
1.61971  0.760743  
1.29039  1.41936  
1.44405  1.11206  
0.505833  2.98849  
0.785631  2.42896  
0.549711  2.90072  
0.341242  3.31769  
0.950262  2.09963  
1.2465  1.50722  
1.18071  1.63873  
0.994144  2.01194  
0.440039  3.12007  
0.193  3.61413  
0.884453  2.23124  
1.89609  0.20798  
0.640716  2.71871  
1.38146  1.23725  
1.57899  0.842138  
1.79851  0.403146  
1.08518  1.82976  
1.85705  0.286049  
1.71074  0.578651  
1.97696  0.046208  
0.0521648  3.89577  
0.134513  3.73115  
0.28264  3.43486  
0.381449  3.23723  
0.825869  2.34842  
0.727097  2.54598  
1.12215  1.75584  
0.249814  3.50055  
0.694232  2.61171  
0.101648  3.79682  
1.49774  1.00466  
