2.99906  1.00035  1.00035  
0.857175  1.71447  0.85704  
3.33667e-05  4.85382e-05  5.99993  
0.232753  0.465474  4.60362  
0.402346  0.804635  3.58613  
1.00003  1.99999  1.6428e-05  
0.52594  1.05183  2.84453  
2.35064  1.06654  2.19661  
2.41313  1.12856  1.61031  
1.80018  1.16572  2.29578  
0.615892  1.23172  2.30486  
2.47854  1.19395  1.08703  
1.92641  1.22781  1.8083  
1.88601  1.557  0.443003  
1.50688  1.29498  1.88327  
0.681473  1.36287  1.91141  
0.0632355  0.12645  5.62071  
1.59239  1.36202  1.53063  
1.53991  1.65391  0.515718  
2.53004  1.23498  0.765019  
1.28078  1.40288  1.59978  
2.18497  1.26342  1.25369  
0.729216  1.45836  1.62491  
1.2586  1.71868  0.574809  
0.278846  0.55765  4.3271  
0.109316  0.21861  5.34422  
1.51677  1.74162  0.258384  
2.23896  1.29885  0.990765  
1.37402  1.457  1.34166  
1.02253  1.76391  0.620768  
2.2971  1.32675  0.760516  
1.14  1.48476  1.39519  
1.29703  1.78073  0.355564  
1.70451  1.43552  1.12364  
0.763999  1.52793  1.41621  
1.39474  1.51028  1.13697  
0.435918  0.871788  3.38466  
0.142841  0.285655  5.14309  
0.312477  0.624915  4.12529  
1.10497  1.81016  0.430941  
2.05739  1.37043  0.947822  
1.2092  1.52894  1.20845  
2.81553  1.01043  1.46942  
1.72718  1.47531  0.944322  
1.35559  1.82221  0.177793  
0.920834  1.84149  0.475465  
2.12612  1.38606  0.776693  
2.83167  1.02658  1.30083  
1.04191  1.54719  1.24755  
2.2197  1.39015  0.609849  
2.83761  1.07188  0.977269  
1.41378  1.55285  0.974452  
1.16761  1.84757  0.275068  
0.789285  1.57848  1.26456  
1.263  1.5637  1.05764  
0.460419  0.92079  3.23765  
0.167236  0.334441  4.99674  
0.550469  1.10088  2.69736  
0.336944  0.67385  3.97848  
1.74741  1.50783  0.798241  
2.05134  1.22286  1.66923  
2.67874  1.05718  1.49109  
1.11445  1.57816  1.11046  
1.94323  1.30293  1.4118  
1.01282  1.86895  0.337794  
2.09083  1.42823  0.652843  
1.4306  1.58673  0.845192  
1.76775  1.61339  0.393394  
2.70351  1.06619  1.36337  
1.23212  1.87286  0.147353  
2.29023  1.09575  2.084  
0.992613  1.59267  1.13475  
1.29855  1.59294  0.9357  
1.3972  1.2418  2.18379  
2.76625  1.11688  0.883123  
2.17554  1.10822  2.19593  
2.30075  1.10875  1.96795  
1.28513  1.25093  2.19205  
1.9549  1.32368  1.29997  
1.17206  1.60357  0.994106  
0.807754  1.61542  1.15373  
2.37794  1.15588  1.50799  
1.83581  1.32808  1.42795  
0.185004  0.369986  4.89008  
0.633787  1.26747  2.19759  
0.568255  1.13646  2.59063  
0.478367  0.956676  3.12999  
0.354769  0.709496  3.87154  
1.083  1.89501  0.212979  
2.09586  1.45207  0.547929  
1.98599  1.4521  0.70822  
1.44344  1.61451  0.740996  
0.874594  1.74911  0.752662  
2.18724  1.11985  2.09229  
0.0171884  0.0343573  5.897  
1.33049  1.61637  0.834207  
2.66841  1.09334  1.26809  
1.18995  1.35792  1.81109  
1.66773  1.64161  0.416215  
1.83193  1.19511  2.09446  
