2.00003  2.98301e-05  
5.14718e-05  4.00005  
0.666712  2.6667  
1.11115  1.77785  
1.40744  1.18528  
0.22228  3.55558  
1.605  0.790199  
0.814889  2.3704  
0.370487  3.25925  
1.73666  0.526828  
0.913631  2.17284  
1.20993  1.58028  
0.469212  3.06172  
1.82448  0.351191  
0.0741349  3.85191  
1.47328  1.05358  
0.979483  2.04118  
0.535054  2.93002  
1.27578  1.44858  
1.88303  0.234049  
0.716106  2.56792  
0.271708  3.45672  
0.123516  3.75312  
1.02337  1.95339  
1.51726  0.965594  
1.64892  0.702291  
1.31972  1.36072  
0.57901  2.84216  
1.92207  0.156083  
0.749028  2.50207  
1.14409  1.71198  
0.304622  3.39089  
0.156424  3.68729  
0.847787  2.30457  
0.403353  3.19343  
1.76592  0.468282  
1.05266  1.89486  
1.67818  0.643747  
1.54654  0.907065  
0.608201  2.78375  
1.34906  1.30201  
1.94803  0.104081  
0.0247688  3.9506  
0.178384  3.6434  
0.869726  2.26069  
0.425295  3.14955  
0.770975  2.4582  
1.16606  1.66802  
0.491198  3.0178  
0.935629  2.12891  
1.23193  1.53636  
1.42944  1.14126  
0.326578  3.34704  
0.627724  2.74468  
1.7855  0.42916  
1.69769  0.604777  
1.84406  0.312049  
1.56601  0.868105  
1.07221  1.85577  
1.36856  1.26303  
1.96538  0.0694406  
0.0905871  3.81895  
0.238782  3.52259  
0.683175  2.63378  
0.0412428  3.91773  
0.341186  3.31775  
1.61966  0.760783  
1.29045  1.41924  
1.488  1.02414  
0.549712  2.90077  
1.24654  1.50702  
0.884346  2.23145  
0.785601  2.42897  
0.994119  2.01195  
0.193057  3.61408  
0.950261  2.09962  
1.44407  1.11199  
0.440014  3.12012  
1.18073  1.63866  
0.505887  2.98839  
1.89603  0.208056  
1.79849  0.403167  
1.57903  0.842071  
1.71069  0.578751  
1.08521  1.82978  
0.640782  2.71861  
1.85699  0.286131  
1.38153  1.23711  
1.97693  0.0463324  
1.12214  1.75586  
0.694154  2.61184  
0.0521941  3.89577  
0.134485  3.73118  
0.101582  3.79698  
0.249788  3.50064  
0.825871  2.34841  
0.282716  3.4347  
0.727126  2.54591  
0.38147  3.2372  
1.32951  1.34111  
