2.00006  6.24369e-05  
4.65886e-05  4.00005  
0.666705  2.6667  
1.1112  1.77782  
1.40746  1.18518  
0.222291  3.5556  
1.60507  0.790055  
0.814875  2.37039  
0.370478  3.25919  
1.73676  0.526646  
0.913658  2.17284  
1.20995  1.5803  
0.469233  3.06173  
1.82453  0.351064  
0.0741167  3.85191  
1.47338  1.05337  
0.979524  2.04111  
0.535074  2.93001  
1.27585  1.44865  
1.88308  0.234012  
0.271677  3.45677  
0.123509  3.75313  
0.716102  2.56798  
1.51727  0.96558  
1.02343  1.9533  
1.64894  0.702288  
0.578931  2.84231  
1.31976  1.36063  
1.92208  0.156004  
0.847804  2.30451  
0.156456  3.68729  
0.304589  3.39095  
1.14413  1.71192  
0.403404  3.19338  
0.749071  2.50205  
1.54655  0.907068  
1.05267  1.8948  
1.76603  0.468074  
0.608194  2.78381  
1.67827  0.643671  
1.349  1.30213  
1.94808  0.103962  
0.0247783  3.95064  
1.23194  1.53635  
0.178389  3.64339  
0.326581  3.34696  
0.869768  2.26061  
1.4295  1.14119  
0.491155  3.01785  
0.771009  2.45815  
0.935555  2.12901  
0.425424  3.14932  
1.16614  1.66789  
1.84406  0.312024  
1.69773  0.604673  
0.627721  2.74473  
1.56603  0.868088  
1.78556  0.429066  
1.07225  1.85568  
1.36852  1.26314  
1.96546  0.0692865  
0.238757  3.52265  
0.683171  2.63378  
0.0906025  3.81897  
0.0412183  3.91771  
1.29049  1.41916  
1.24658  1.507  
0.785624  2.42889  
0.994181  2.01177  
0.505832  2.98855  
0.88439  2.23137  
0.341242  3.31763  
1.61971  0.760759  
0.950197  2.09979  
0.193074  3.61403  
1.44409  1.11197  
1.48806  1.02405  
1.18077  1.63866  
0.54967  2.90085  
0.439967  3.12028  
1.57904  0.842069  
1.85707  0.286005  
1.89609  0.207982  
1.71076  0.578701  
1.08524  1.82968  
0.640752  2.71868  
1.38151  1.23715  
1.79862  0.402906  
1.97699  0.0461343  
1.12218  1.75579  
0.825866  2.34844  
0.727134  2.54592  
0.101573  3.79699  
0.249698  3.50072  
0.0521908  3.89575  
0.694124  2.61186  
0.282668  3.43481  
0.134536  3.73115  
0.381414  3.23728  
1.30026  1.39964  
