2.00002  2.13853e-05  
2.97803e-05  4.00003  
0.666716  2.66666  
1.11114  1.77781  
1.40753  1.18509  
0.222253  3.5556  
1.60501  0.790062  
0.370395  3.25933  
0.814854  2.3704  
1.73673  0.526654  
1.20994  1.58022  
0.469173  3.06176  
0.913632  2.17282  
1.82451  0.351088  
0.0741115  3.85187  
1.27582  1.44844  
0.979471  2.04117  
0.535062  2.92999  
1.47337  1.0534  
1.88308  0.233969  
0.7161  2.56789  
0.271637  3.45685  
0.123505  3.75311  
1.64893  0.702237  
1.31974  1.36064  
0.578946  2.8422  
1.02335  1.95341  
1.51728  0.965536  
1.92206  0.155961  
0.403327  3.19347  
1.1441  1.71192  
0.156423  3.68726  
0.847815  2.3045  
0.304537  3.39104  
0.749045  2.50206  
1.76599  0.468124  
1.67822  0.643657  
1.34903  1.30206  
1.05264  1.89479  
0.60823  2.78367  
1.54655  0.907003  
1.94806  0.104005  
0.0247198  3.95064  
1.2319  1.53631  
1.42946  1.14118  
0.425297  3.14947  
0.869757  2.26059  
0.491111  3.01789  
1.16607  1.66794  
0.935607  2.12891  
0.326532  3.34703  
0.178396  3.6433  
0.770968  2.4582  
1.84404  0.312045  
0.627715  2.74466  
1.69773  0.604658  
1.78552  0.42908  
1.07214  1.85581  
1.56604  0.867998  
1.36861  1.26292  
1.9654  0.0693013  
0.0905731  3.81894  
0.0411939  3.9177  
0.683186  2.63375  
0.238699  3.52272  
1.48801  1.02409  
1.61967  0.760754  
1.29048  1.41915  
0.549687  2.90074  
0.884383  2.23133  
1.44409  1.11195  
0.50583  2.98847  
1.2466  1.50694  
1.18071  1.63866  
0.994141  2.01182  
0.950198  2.0997  
0.439961  3.12017  
0.341221  3.31767  
0.192987  3.61413  
0.785701  2.4287  
0.640709  2.71865  
1.85704  0.286042  
1.79851  0.403093  
1.71074  0.578619  
1.08516  1.82979  
1.89608  0.207935  
1.57905  0.841995  
1.3815  1.23712  
1.97695  0.046206  
0.825847  2.34844  
0.381379  3.23738  
1.12216  1.75577  
0.101572  3.79695  
0.13449  3.73112  
0.052185  3.89574  
0.694177  2.61175  
0.249735  3.50064  
0.727149  2.54585  
0.282644  3.43479  
0.588716  2.82269  
