2.00023  0.000232016  0.000232016  
0.00016328  4.00012  0.000122003  
0.000462726  0.000462485  6.00015  
0.48232  2.48213  4.48268  
0.853972  2.85449  3.33294  
0.913979  1.39169  4.9126  
1.03817  3.03766  2.3575  
1.05557  0.438577  5.05467  
1.13937  3.13838  1.47101  
0.000278025  3.12175  3.7521  
1.17432  2.03011  3.785  
1.18932  3.18745  0.651407  
0.00106489  1.92117  5.26326  
1.27681  1.28654  4.19621  
1.31069  2.33748  2.87294  
1.31451  0.00219077  4.52249  
1.32247  3.00199  0.000458919  
0.272641  3.38226  3.09883  
1.40648  2.40573  2.27912  
1.41845  1.47205  3.60929  
1.44855  0.777334  3.97116  
1.46433  1.79749  3.07392  
1.46531  2.46761  1.72913  
0.508808  3.47079  2.56701  
1.48353  0.259133  4.00655  
0.399722  1.4084  5.48696  
0.804189  0.000568761  5.49491  
1.50482  2.50589  1.22935  
0.00105152  2.4214  4.7761  
0.65928  3.51908  2.05775  
1.52558  1.9274  2.59128  
1.53091  2.52496  0.755583  
1.54041  1.01711  3.51126  
1.54139  2.5422  0.293913  
0.000872134  3.55694  2.74798  
0.894063  3.57152  0.335114  
1.57419  1.37096  3.08091  
1.57693  1.99402  2.16466  
1.58114  0.000481656  3.67656  
0.000803464  1.4395  5.59841  
1.60676  2.07426  1.76056  
0.784037  2.08901  4.54487  
0.784733  2.47116  4.09067  
0.0935893  2.7327  4.37344  
1.61354  1.5378  2.69352  
1.62879  2.13424  1.37873  
1.62944  1.00157  3.14037  
1.63387  2.30797  0.00440476  
0.442003  1.04357  5.63928  
1.63777  0.625512  3.31588  
1.64862  1.64305  2.34188  
0.225944  3.6511  2.35631  
0.812636  3.65578  0.000450558  
1.6597  0.258135  3.32947  
1.66608  1.20224  2.79032  
0.452177  2.09103  4.93263  
0.948483  1.75168  4.58326  
1.67951  1.7324  1.97411  
0.471653  2.80825  4.03459  
0.9996  2.54478  3.5283  
1.0051  0.1326  5.18433  
0.604036  1.62348  5.17763  
0.480713  3.69302  1.80352  
1.69413  1.9964  1.09961  
1.69773  1.32514  2.47829  
1.69637  0.678225  3.01414  
0.503805  0.740589  5.70014  
1.70631  0.0277343  3.13215  
1.70794  2.01263  0.805945  
0.743697  3.17239  2.89678  
0.000728994  3.2656  3.46709  
0.889577  2.18578  4.26052  
1.71699  2.02396  0.513757  
1.71807  1.71226  1.69133  
1.0309  2.75665  3.05727  
1.72226  2.02946  0.23468  
1.72244  0.915414  2.72853  
1.72421  1.41313  2.18671  
0.166704  1.16315  5.71943  
0.523846  3.72962  1.50702  
1.14028  2.76684  2.662  
0.539442  0.471849  5.73479  
0.00506651  3.71825  2.21619  
1.05905  3.39427  0.141138  
1.73935  1.73347  1.42376  
1.05557  1.1517  4.79548  
1.74349  0.471041  2.86112  
0.197797  2.16689  5.00926  
1.74135  1.07219  2.47751  
0.599953  2.87269  3.77877  
0.232103  3.75095  1.96552  
0.564628  3.74916  1.25365  
1.753  0.171458  2.87959  
0.79136  3.22348  2.64999  
1.75348  1.42991  1.94  
0.557515  0.221846  5.75368  
1.75444  1.9345  0.00651779  
0.761004  1.20051  5.24893  
0.669943  1.8436  4.93166  
0.17784  2.87303  4.14105  
