2.00019  0.000194681  0.000194681  
0.000535318  4.00018  0.000183519  
0.0031618  0.00315552  6.00038  
0.481493  2.47831  4.48311  
0.853308  2.85402  3.33658  
0.913281  1.38985  4.91473  
1.03585  3.03541  2.37108  
1.05471  0.443374  5.05474  
1.1369  3.13605  1.50145  
0.000312342  3.1129  3.76862  
1.1744  1.75108  4.08692  
1.18772  3.18676  0.68257  
0.00155807  1.91863  5.26511  
1.27201  2.12597  3.35803  
1.29464  1.04293  4.29824  
1.3011  3.03847  0.000228719  
1.31319  0.0006919  4.52796  
1.33757  2.37338  2.69149  
0.257085  3.37286  3.13343  
1.41529  2.45364  2.10579  
1.41881  1.53985  3.54375  
1.46316  0.603077  3.98973  
1.46881  2.50533  1.57326  
0.505545  3.46812  2.57797  
1.48299  1.84693  2.92301  
1.48693  0.0175474  4.01552  
0.401743  1.40465  5.48769  
0.805196  0.000295269  5.49295  
1.50314  2.54059  1.07328  
0.000346241  2.41907  4.77915  
0.658021  3.52004  2.05893  
1.52444  2.56018  0.585684  
1.53161  1.06774  3.51186  
1.53201  2.5707  0.116012  
1.53573  1.98094  2.43988  
0.0235787  3.55417  2.75316  
1.56659  1.41146  3.07336  
1.57873  0.623524  3.56901  
0.881598  3.5814  0.393018  
1.58343  2.04728  2.00254  
1.59575  0.206316  3.60921  
0.000344768  1.45385  5.59017  
0.865637  3.60655  0.000321443  
0.783722  2.08782  4.54678  
0.784992  2.46799  4.09394  
0.101446  2.72362  4.38494  
1.61454  1.55968  2.6601  
1.61651  2.10705  1.58887  
1.6258  1.0348  3.13672  
1.63523  2.17603  1.13623  
0.442843  1.03987  5.63995  
0.223031  3.64964  2.36603  
1.65255  1.68371  2.25568  
1.653  2.21309  0.6306  
1.65552  0.685901  3.22039  
1.65782  2.23816  0.00133348  
0.929916  2.50852  3.75046  
1.66406  1.2116  2.79683  
1.6668  0.352892  3.27612  
1.66304  0.00250876  3.34673  
0.452913  2.08882  4.93424  
0.530249  3.68086  1.74257  
0.471572  2.79624  4.05173  
1.68424  1.78927  1.81897  
0.604331  1.62121  5.17792  
1.00619  0.125602  5.18345  
1.69857  1.34976  2.44015  
1.69952  0.89786  2.86436  
0.505464  0.735441  5.70022  
0.554452  3.07289  3.46394  
0.738586  3.16952  2.91808  
1.04201  2.73802  3.06217  
1.70405  1.88131  1.3893  
0.575003  3.70809  1.4503  
0.890545  2.18062  4.26232  
0.149182  1.17264  5.7202  
0.000356258  3.26074  3.47609  
1.72184  1.93134  0.966069  
1.71969  0.15744  3.06849  
1.01636  1.52228  4.63669  
1.72454  1.4259  2.15946  
0.257514  3.71681  2.08353  
1.7295  1.0686  2.55292  
1.73274  1.96895  0.51589  
0.541174  0.469114  5.734  
1.73946  1.972  0.186289  
1.73902  0.645541  2.80649  
0.000349889  3.71345  2.23121  
0.588876  3.74397  1.16317  
0.199197  2.1642  5.01141  
1.75015  1.59798  1.65331  
1.08874  2.78401  2.81067  
1.0237  2.25787  3.88637  
1.16773  2.78565  2.506  
1.04744  1.16354  4.8057  
0.222222  2.86689  4.13242  
0.559355  0.213029  5.75259  
1.75831  0.00822951  2.87443  
1.75835  1.18143  2.25596  
0.794248  3.22646  2.62852  
