2.00021  0.000211694  0.000211694  
0.000404515  4.00026  0.000258473  
0.000115311  0.000114784  6.00009  
0.474011  2.48251  4.48555  
0.852953  2.85308  3.33826  
0.912841  1.39432  4.91228  
1.03558  3.03574  2.3733  
1.05521  0.446077  5.05374  
1.13767  3.13571  1.49563  
0.000445394  3.11334  3.76789  
1.17315  2.02405  3.79727  
1.18575  3.18925  0.684759  
0.000177132  1.91938  5.26431  
1.27624  1.29359  4.19362  
1.29919  3.04264  0.000561385  
1.31206  0.000418986  4.52972  
1.31211  2.21847  3.0728  
1.37384  2.40917  2.44294  
0.268002  3.37554  3.1182  
1.41959  1.47324  3.60402  
1.43976  2.48032  1.8761  
1.44918  0.789927  3.96436  
0.503404  3.46751  2.58365  
1.4828  0.230963  4.0124  
1.48401  2.52537  1.35681  
1.48793  1.70348  3.09091  
0.400981  1.40616  5.48714  
0.804008  0.000462759  5.49487  
1.5128  2.5526  0.867843  
0.650756  3.52027  2.07813  
0.000245776  2.41656  4.7816  
1.52107  1.92864  2.61258  
1.52777  2.56915  0.393481  
1.5419  1.02031  3.50519  
0.00853485  3.55405  2.75426  
1.56217  2.0417  2.16243  
0.710157  3.57421  1.65186  
1.57841  0.598508  3.57496  
0.879657  3.58371  0.400402  
1.58659  0.0145748  3.65386  
1.58723  2.43893  0.00145594  
1.58876  1.29196  3.08977  
0.000159478  1.45186  5.59098  
0.89871  3.57384  0.000213366  
0.0910028  2.72103  4.39018  
0.78303  2.09179  4.54399  
0.784104  2.46911  4.09305  
1.61371  1.53674  2.69502  
1.61794  2.04071  1.77551  
0.441636  1.04389  5.63888  
1.63929  0.887993  3.16937  
1.64493  1.6742  2.33184  
1.64573  2.07586  1.41266  
0.197325  3.64623  2.39865  
1.66079  0.315444  3.31245  
1.66831  2.10434  1.02667  
0.945848  1.75774  4.58277  
0.453873  2.08724  4.93455  
1.67317  1.17047  2.78308  
0.46631  2.79164  4.06474  
1.68456  0.00441039  3.24595  
1.68632  1.70941  1.99595  
0.999046  2.5398  3.53796  
0.603241  1.62224  5.17798  
1.68951  2.12988  0.600161  
1.00448  0.118188  5.18617  
0.34541  3.6933  2.08365  
1.6968  2.13018  0.14474  
0.503702  0.742968  5.6995  
0.74073  3.17238  2.90351  
1.70641  1.34968  2.44822  
1.70721  0.88013  2.86036  
0.00307951  3.26036  3.47894  
1.71497  1.76993  1.65964  
0.594497  3.70732  1.38039  
1.08098  2.75122  2.90912  
0.888538  2.18562  4.26109  
0.151635  1.17083  5.72067  
0.00228977  3.72267  2.19832  
1.72563  0.419555  2.97046  
1.72727  1.42073  2.16378  
1.7298  1.83801  1.28318  
0.614663  3.73513  1.11075  
0.538409  0.477576  5.7354  
1.73785  1.06318  2.51043  
1.05497  1.15449  4.79544  
0.597413  2.85844  3.79926  
1.7486  1.85806  0.919238  
0.195885  2.16299  5.01326  
1.75271  0.0126841  2.95549  
0.558214  0.201213  5.75435  
1.12831  2.78908  2.65876  
0.790913  3.22006  2.65612  
1.75569  1.47828  1.88029  
0.760056  1.20115  5.24994  
0.668608  1.84379  4.93277  
0.35261  3.7529  1.82946  
0.638333  3.75465  0.811074  
1.76299  1.87329  0.553314  
1.03922  1.82381  4.34618  
