2.00035  0.000349472  0.000349472  
0.000738892  4.00042  0.000661095  
0.00040851  0.000408509  6.00026  
0.482505  2.48091  4.48029  
0.856729  2.85395  3.33235  
0.912135  1.39434  4.91504  
1.03763  3.03763  2.35925  
1.05539  0.449174  5.05314  
1.13875  3.13454  1.49632  
0.000473712  3.11409  3.76674  
1.17476  2.0241  3.79273  
1.18854  3.18719  0.672399  
0.000468916  1.92523  5.26014  
1.27612  1.2987  4.19257  
1.30915  3.02515  0.000428878  
1.31225  2.21001  3.08947  
1.31329  0.000747017  4.52791  
0.268779  3.37538  3.11972  
1.37614  2.40123  2.46174  
1.41889  1.46986  3.6129  
1.44498  2.46909  1.87614  
1.44759  0.790556  3.96882  
0.503316  3.46725  2.58798  
1.4834  0.270462  4.00968  
1.48892  1.69583  3.1001  
1.48892  2.51379  1.35857  
0.806535  0.00433215  5.49237  
0.00046044  2.42445  4.77308  
1.52002  2.53576  0.865603  
0.311168  1.44091  5.52055  
0.653421  3.52117  2.0706  
1.52416  1.9188  2.61478  
1.53457  2.55985  0.288349  
1.54156  1.01321  3.5109  
0.0104319  3.5536  2.75515  
1.56447  2.03257  2.16767  
0.88635  3.57929  0.370254  
1.58176  0.000417091  3.67386  
1.58987  1.27716  3.10019  
1.60293  2.08742  1.76159  
0.784644  2.47135  4.09023  
1.61295  1.53138  2.71185  
0.0827866  2.7288  4.38452  
0.782592  2.09264  4.54587  
0.936272  3.53546  0.000407157  
1.62828  2.13594  1.38443  
0.440123  1.06913  5.63082  
1.63642  2.32337  0.00618584  
1.6419  1.67362  2.33822  
1.64265  0.863672  3.17902  
0.206351  3.6463  2.38948  
1.64801  0.499682  3.32115  
1.66475  0.0833585  3.3306  
0.0020778  1.31814  5.66568  
1.66881  1.20019  2.77581  
0.452528  2.09492  4.93022  
0.944935  1.76388  4.58037  
1.6709  1.74917  2.00212  
0.52975  3.67577  1.76633  
0.592043  1.60938  5.19883  
0.465943  2.79699  4.05635  
0.9988  2.54209  3.53491  
1.00665  0.132957  5.18152  
1.69438  1.36204  2.45007  
0.501199  0.757481  5.69755  
1.69842  1.99314  1.11374  
1.7014  0.896299  2.86066  
1.70609  0.587817  3.02675  
0.744361  3.16606  2.91003  
1.08702  2.7501  2.89942  
1.71327  2.01058  0.790232  
0.599484  3.70322  1.40708  
0.890993  2.1883  4.25531  
0.00968823  3.26347  3.4704  
1.71929  1.45381  2.16059  
1.72369  0.0862633  3.04878  
0.0109  3.7238  2.19166  
1.72617  2.01341  0.288456  
1.72977  1.72289  1.61498  
1.73083  1.09275  2.52483  
0.616922  3.72992  1.13789  
1.73338  2.02095  0.012524  
0.540346  0.463344  5.73556  
1.05415  1.16491  4.79173  
0.198135  2.17025  5.00648  
0.660315  1.84184  4.9452  
0.559388  0.215338  5.75304  
1.12922  2.792  2.64972  
0.182742  1.07304  5.7554  
0.757679  1.20474  5.25169  
0.219629  2.86963  4.13071  
1.75654  0.608298  2.77985  
0.267177  3.75703  1.93455  
0.686895  3.75797  0.196624  
1.758  1.17328  2.26155  
0.789225  3.22502  2.64662  
0.892347  3.28001  2.15641  
1.75239  1.74543  1.38076  
1.77114  0.793289  2.52483  
1.20839  2.8208  2.26545  
