2.00028  0.000281779  0.000281779  
0.000248033  4.00018  0.000183855  
0.000218551  0.000218399  6.00013  
0.480705  2.48122  4.48021  
0.854268  2.85406  3.33428  
0.913432  1.39326  4.91262  
1.03644  3.03646  2.36691  
1.05506  0.448123  5.05398  
1.13642  3.13625  1.50204  
0.000240042  3.11527  3.76415  
1.17465  2.01841  3.79767  
1.18767  3.18768  0.680747  
0.000763789  1.92119  5.26279  
1.2766  1.28752  4.19695  
1.3035  3.03448  0.000273578  
1.31034  2.20177  3.10649  
1.31176  0.000390381  4.52979  
1.37004  2.40409  2.47221  
0.257277  3.37187  3.13643  
1.41934  1.46393  3.61375  
1.43914  2.47335  1.89997  
1.44771  0.781382  3.97258  
0.503024  3.46527  2.5934  
1.48305  0.219468  4.01261  
1.48454  2.5187  1.3829  
0.399851  1.40796  5.4869  
1.48869  1.69179  3.10486  
0.80489  0.000413707  5.49362  
1.51341  2.5477  0.895259  
0.000628525  2.42022  4.77794  
0.657774  3.5217  2.05336  
1.52197  1.91985  2.62619  
1.53081  2.56086  0.412475  
1.54196  1.0103  3.51135  
0.00399545  3.55042  2.76398  
1.56294  2.02945  2.18524  
1.57649  0.582657  3.58891  
1.57814  2.45882  0.00044655  
0.883485  3.5803  0.375412  
1.58648  0.000423014  3.6542  
1.59106  1.2721  3.10063  
0.000597764  1.47104  5.57965  
1.60584  2.06824  1.78466  
0.784784  2.09111  4.54211  
0.78471  2.46988  4.09142  
0.109231  2.72932  4.37486  
1.61529  1.51705  2.7124  
0.921319  3.55083  0.000255035  
0.442921  1.04422  5.63816  
1.63646  2.0978  1.41941  
1.64223  0.800439  3.21024  
1.64387  1.66331  2.33932  
0.212863  3.64524  2.38852  
1.65834  0.369141  3.31189  
1.65713  2.1243  1.07188  
1.66694  0.000162777  3.31629  
0.548484  3.66969  1.73785  
0.947284  1.75929  4.57944  
1.6712  1.18868  2.77434  
0.456505  2.09138  4.92859  
1.67452  1.73165  2.01464  
1.67761  2.13764  0.628236  
0.468954  2.79668  4.05407  
1.68763  2.14518  0.136807  
1.00018  2.53821  3.5397  
0.603782  1.62367  5.17677  
1.00396  0.142241  5.18552  
1.69587  1.35524  2.45167  
1.69606  0.879439  2.89776  
0.504654  0.739625  5.69956  
1.70268  1.79856  1.65514  
0.738178  3.16897  2.91885  
0.58651  3.70406  1.43414  
1.7072  0.547206  3.01864  
1.0815  2.74527  2.92082  
0.264913  3.71251  2.09017  
0.889211  2.18744  4.25826  
0.000458582  3.25912  3.47996  
1.72242  1.44587  2.14904  
1.72251  1.81959  1.36791  
1.72402  0.228776  3.02393  
0.112642  1.1774  5.72611  
0.614444  3.73145  1.14303  
1.73338  1.06824  2.53388  
0.538517  0.473379  5.73537  
0.000326211  3.72738  2.17865  
1.73601  1.85446  1.08293  
1.74409  1.50404  1.88774  
1.05545  1.15927  4.79151  
1.74583  1.88377  0.788222  
0.601336  2.85971  3.79228  
0.198134  2.16624  5.00986  
1.7489  0.708973  2.71237  
1.75236  0.000162594  2.89293  
0.78966  3.21725  2.66632  
0.556848  0.224991  5.75362  
1.12455  2.78889  2.67072  
0.754938  1.20738  5.25419  
0.669167  1.8425  4.93335  
1.75738  1.89623  0.388287  
