2.00022  0.000216332  
0.00072764  4.00005  
1.20005  3.19994  
1.48333  2.6831  
1.63131  2.31418  
0.834803  3.6349  
1.72166  2.03558  
1.78173  1.8171  
0.630688  3.79592  
1.01352  3.44836  
1.82402  1.6407  
1.3085  3.02512  
1.85507  1.49501  
0.502285  3.8718  
1.87838  1.37363  
1.37085  2.91257  
1.89659  1.26964  
1.09668  3.34503  
1.52835  2.58006  
1.91094  1.18041  
0.925077  3.54641  
0.415019  3.91294  
0.748374  3.70942  
1.92252  1.10262  
1.40919  2.83846  
1.55837  2.50719  
1.93199  1.03424  
1.65458  2.24713  
1.2427  3.13415  
0.352406  3.93742  
1.93983  0.973782  
1.14067  3.28566  
1.94641  0.919838  
1.57907  2.45484  
1.67138  2.19683  
1.43375  2.78883  
0.699761  3.74718  
1.95201  0.871021  
0.305198  3.95316  
1.73522  1.989  
0.584207  3.82556  
0.967704  3.50061  
1.05122  3.40291  
0.881086  3.59094  
1.95678  0.827075  
1.2679  3.09352  
1.33112  2.98539  
0.795431  3.67004  
1.9609  0.787118  
1.6837  2.15887  
1.5936  2.41698  
0.268805  3.96371  
1.74552  1.95262  
1.96443  0.751102  
1.1653  3.25091  
1.79026  1.78324  
1.44984  2.75535  
1.96752  0.718001  
1.49727  2.65195  
1.97026  0.687267  
0.555192  3.8428  
0.239792  3.97115  
1.69286  2.13002  
1.75338  1.92425  
0.671385  3.76789  
1.97265  0.659278  
1.60391  2.38954  
0.474837  3.88563  
1.79694  1.75614  
1.21699  3.17424  
1.34531  2.95983  
1.97484  0.632871  
1.8297  1.6152  
1.28321  3.06816  
1.0714  3.37765  
1.11559  3.31993  
1.38411  2.8874  
0.989302  3.47638  
1.97666  0.609353  
0.21627  3.97655  
1.46057  2.73257  
0.858733  3.61253  
1.75947  1.90188  
1.69971  2.10806  
0.903056  3.56903  
0.945749  3.52453  
1.80224  1.7343  
1.9786  0.58365  
1.50676  2.63036  
0.77417  3.68819  
1.53722  2.5589  
0.727124  3.72629  
1.83426  1.59437  
1.17948  3.23039  
1.03078  3.42783  
1.98012  0.562608  
1.61132  2.36954  
0.196493  3.98065  
1.85889  1.47587  
1.98153  0.542464  
