2.00039  0.000385707  0.000385707  
0.000864595  4.00053  0.000805984  
0.000869543  0.000873491  6.00066  
0.481916  2.48152  4.48156  
0.854665  2.85488  3.33553  
0.91037  1.39719  4.91661  
1.03731  3.03748  2.37096  
1.05457  0.450013  5.05464  
1.13629  3.13737  1.50713  
0.000538499  3.1095  3.77536  
1.17855  1.9872  3.82658  
1.18784  3.18828  0.681541  
0.000605433  1.92274  5.2621  
1.27984  1.25616  4.21016  
1.3023  3.03803  0.000821233  
1.3087  2.1907  3.1337  
1.31766  0.0290367  4.51602  
1.36788  2.40748  2.48436  
0.261365  3.37381  3.13212  
1.42283  1.43023  3.63328  
1.43864  2.47387  1.91588  
1.45294  0.768431  3.96274  
0.504085  3.4655  2.59201  
1.48367  2.52052  1.39895  
1.48651  0.25063  3.99838  
1.4908  1.67627  3.11501  
0.808958  0.00130976  5.49033  
1.51246  2.55275  0.911672  
0.000570431  2.42142  4.77675  
1.52008  1.92021  2.6351  
0.658595  3.51951  2.06311  
0.319765  1.43296  5.5244  
1.53075  2.56463  0.432637  
1.54653  0.996203  3.50029  
0.000786162  3.55113  2.7635  
1.55978  2.50545  0.00051246  
1.56441  2.02975  2.1813  
0.884197  3.5826  0.370801  
1.58631  0.49877  3.58513  
1.58941  0.0178458  3.64703  
1.59516  1.26473  3.09123  
1.5988  2.10847  1.74919  
0.786207  2.46971  4.09085  
0.0860495  2.72258  4.39071  
0.780178  2.08628  4.55618  
1.62039  1.53651  2.66351  
0.864537  3.61022  0.001655  
0.433711  1.06962  5.63559  
1.62908  2.14538  1.35093  
1.64348  0.869091  3.16529  
0.210413  3.6461  2.39454  
1.65123  2.16572  0.989198  
1.6635  0.51247  3.24654  
1.66788  0.169229  3.3077  
1.67011  1.76203  1.98412  
0.947206  1.75257  4.58773  
0.448774  2.09523  4.93261  
1.66862  2.17957  0.592799  
1.67487  1.17702  2.77767  
0.0024014  1.36381  5.6441  
0.526107  3.67808  1.77427  
0.991608  2.53206  3.56958  
0.58768  1.61203  5.20251  
1.68267  2.19607  0.0896885  
0.482811  2.80047  4.03669  
1.01082  0.144163  5.17694  
1.69354  1.44691  2.37155  
1.69628  1.82013  1.65133  
0.506867  0.739676  5.6986  
1.70364  0.870424  2.8643  
1.07403  2.74204  2.95495  
0.744319  3.16499  2.92324  
0.890535  2.18051  4.26753  
0.000769815  3.2565  3.48568  
1.71699  0.573955  2.96381  
1.7218  0.037732  3.05621  
0.000814184  3.71897  2.2117  
1.72709  1.47557  2.09953  
1.73131  1.82785  1.38263  
0.542743  0.45569  5.73592  
0.534449  3.73665  1.4459  
1.73725  0.98984  2.58507  
1.74792  1.82312  1.05214  
1.04727  1.16532  4.8053  
0.196466  2.17206  5.01192  
0.228694  2.8604  4.14183  
1.11931  2.78426  2.70563  
0.659983  1.83313  4.95394  
1.74236  1.57313  1.7984  
1.74898  1.20874  2.30934  
0.789975  3.21984  2.66972  
0.609419  2.85649  3.78779  
0.762922  1.20194  5.24681  
0.601616  3.75718  1.14504  
0.161387  1.08438  5.75764  
0.564716  0.120816  5.75935  
0.897113  3.28005  2.15218  
1.75851  0.586664  2.72545  
0.22019  3.76331  1.95498  
1.78878  0.189657  2.74149  
