2.00034  0.000341547  
0.00100918  4.00023  
1.20008  3.19988  
1.4834  2.68292  
1.63139  2.31392  
0.834769  3.63492  
1.72173  2.03535  
1.78182  1.81674  
0.630579  3.79598  
1.01353  3.44834  
1.8241  1.64034  
1.30856  3.02502  
1.85505  1.49505  
0.502113  3.87189  
1.87849  1.37299  
1.37088  2.91252  
1.89664  1.26928  
1.09673  3.34495  
1.52841  2.57991  
1.91104  1.17974  
0.925053  3.54642  
0.414939  3.91297  
0.74818  3.70957  
1.92264  1.10177  
1.4093  2.83821  
1.55845  2.50698  
1.93209  1.03352  
1.65468  2.2468  
1.24271  3.13411  
0.352044  3.93762  
1.93993  0.973008  
1.14071  3.28559  
1.94651  0.918891  
1.57913  2.45467  
1.67148  2.19651  
1.43389  2.78853  
0.699464  3.7474  
1.95211  0.870094  
0.304934  3.95324  
1.73527  1.9888  
0.584155  3.82558  
0.967721  3.50058  
1.05116  3.40298  
0.881037  3.59097  
1.95684  0.826562  
1.268  3.09334  
1.33118  2.98528  
0.795334  3.67012  
1.96091  0.786934  
1.68379  2.15856  
1.59364  2.41688  
0.268387  3.96382  
1.74558  1.9524  
1.96444  0.750978  
1.16536  3.2508  
1.79036  1.78282  
1.44998  2.75504  
1.96752  0.718002  
1.49734  2.65178  
1.97022  0.687651  
0.555058  3.84287  
0.23914  3.9713  
1.69294  2.12975  
1.75359  1.92345  
0.67126  3.76798  
1.97261  0.659699  
1.60395  2.38943  
0.474752  3.88567  
1.79705  1.75568  
1.97472  0.633946  
1.21711  3.17405  
1.34537  2.95971  
1.82976  1.61491  
1.07135  3.37769  
1.28321  3.06814  
1.38415  2.88731  
1.11566  3.31982  
0.989313  3.47636  
1.97662  0.609775  
0.215411  3.97673  
1.46063  2.73243  
0.858612  3.61264  
1.75963  1.90128  
1.97832  0.58739  
1.69983  2.10769  
0.903002  3.56908  
0.945653  3.52462  
1.80239  1.73367  
1.50678  2.63029  
0.774027  3.6883  
1.53728  2.55872  
0.72704  3.72635  
1.83431  1.59412  
1.97984  0.566585  
1.1795  3.23035  
1.0307  3.42792  
1.6114  2.36929  
1.85902  1.47519  
0.19535  3.98087  
1.98119  0.547342  
