2.00022  0.000224653  0.000224653  
0.000252038  4.00025  0.000248104  
0.000646781  0.000646798  6.00056  
0.480965  2.4813  4.48307  
0.855061  2.85075  3.34014  
0.914375  1.3916  4.9126  
1.03624  3.03535  2.37573  
1.05525  0.43679  5.05563  
1.1452  3.121  1.52023  
0.000388174  3.11156  3.77136  
1.17833  1.9851  3.82849  
1.18831  3.18463  0.704069  
0.000592455  1.92178  5.26292  
1.28132  1.25485  4.20661  
1.28423  3.06731  0.000330459  
1.30979  2.33579  2.88014  
1.31385  0.000729114  4.52636  
0.256944  3.36944  3.14235  
1.39523  2.43585  2.27306  
1.42321  1.75093  3.30037  
1.44859  2.51794  1.70728  
1.452  0.759418  3.97176  
0.49882  3.46442  2.60585  
1.4875  0.230842  3.998  
0.399506  1.41012  5.48737  
1.48921  2.55399  1.18335  
0.80225  0.000409567  5.49709  
1.50542  1.25627  3.47562  
1.50727  1.85136  2.81114  
1.51583  2.57654  0.671823  
0.0014419  2.42448  4.77311  
0.658652  3.51986  2.05894  
1.52501  2.59237  0.0443162  
0.000317331  3.54839  2.77067  
1.55061  1.98505  2.35584  
1.56598  0.822336  3.52728  
0.717586  3.57672  1.62494  
1.57457  1.42935  3.02104  
1.58282  2.10002  1.88508  
0.874259  3.58942  0.432406  
1.59028  0.0269128  3.64059  
0.880976  3.59407  0.00156397  
0.000463657  1.44087  5.59774  
0.785714  2.08858  4.54371  
0.787245  2.4665  4.09307  
1.60989  2.16143  1.49508  
0.10256  2.7252  4.38195  
1.62073  1.04573  3.14997  
1.63009  1.6081  2.51494  
1.63401  2.19157  1.10128  
0.44267  1.0468  5.63751  
0.216483  3.64457  2.38978  
1.64857  2.23908  0.536918  
1.65258  0.55171  3.28162  
1.65434  2.24696  0.17916  
1.6597  1.74938  2.09286  
1.66644  0.207669  3.30579  
0.454346  2.09285  4.92989  
1.6699  1.155  2.81562  
0.950247  1.74854  4.58448  
0.991674  2.53229  3.56943  
0.471457  2.79392  4.063  
1.68522  1.80802  1.76964  
1.00512  0.131269  5.18513  
0.606451  1.61897  5.17871  
1.69311  0.798518  2.96365  
0.353076  3.68681  2.07611  
1.69919  1.29755  2.5136  
0.501977  0.741406  5.70104  
1.70587  1.88902  1.37083  
0.741682  3.17015  2.91422  
1.71148  1.45326  2.222  
1.71207  0.000413063  3.10396  
0.894179  2.17918  4.25907  
0.582601  3.7175  1.37208  
1.71835  1.95375  0.936011  
0.000356639  3.25493  3.4885  
1.02777  2.7553  3.07288  
0.0224103  3.7238  2.19117  
0.167941  1.15811  5.72653  
1.7277  2.01999  0.0174295  
1.73144  0.916613  2.68965  
1.73349  1.53165  1.93693  
0.539217  0.47755  5.73399  
1.12877  2.77472  2.69158  
1.74041  0.573213  2.83328  
0.198167  2.16907  5.00759  
0.603712  3.74498  1.11353  
1.05859  1.13211  4.80148  
0.598027  2.8583  3.80121  
1.75337  1.59987  1.63497  
0.896669  3.2696  2.1725  
1.75387  1.19776  2.26911  
1.75397  0.326434  2.84601  
0.556219  0.219634  5.75482  
0.336047  3.75515  1.83139  
0.757559  1.20328  5.25257  
0.217421  2.86529  4.13736  
0.664784  1.84685  4.93586  
1.76784  0.00425145  2.83407  
