2.00028  0.000281166  0.000281166  
0.00179771  4.00028  0.000284584  
0.000192914  0.000192904  6.00019  
0.480631  2.48112  4.48039  
0.855314  2.85464  3.33009  
0.913025  1.39426  4.91245  
1.03758  3.03616  2.36271  
1.05466  0.448047  5.05381  
1.13697  3.13684  1.49731  
0.0001305  3.11333  3.76746  
1.17373  1.75595  4.08398  
1.18747  3.18733  0.680042  
0.000288189  1.92146  5.26282  
1.2727  2.12664  3.35469  
1.29178  0.97674  4.34051  
1.30296  3.03564  0.000362337  
1.31213  0.00126057  4.52896  
1.33904  2.36895  2.69223  
0.252678  3.37193  3.14001  
1.41685  2.45119  2.10391  
1.41837  1.54336  3.54136  
1.46553  0.565729  3.99459  
0.504472  3.46726  2.58218  
1.47036  2.50515  1.56018  
1.484  1.84324  2.92287  
1.48663  0.051916  4.01367  
0.401087  1.40898  5.48573  
0.806053  0.00605671  5.49169  
1.50384  2.54195  1.05644  
0.000423308  2.42103  4.77667  
0.654642  3.51881  2.07182  
1.52534  2.56023  0.568687  
1.52891  1.0716  3.52004  
1.53382  2.5685  0.0597923  
1.53649  1.97549  2.44591  
0.0138793  3.55504  2.75098  
1.5674  1.39304  3.0872  
1.57553  0.641991  3.56919  
0.712339  3.57558  1.63939  
0.884079  3.57987  0.380437  
1.58368  2.04767  2.00332  
1.59444  0.224693  3.60727  
0.000182387  1.46401  5.58397  
1.61212  2.11293  1.60622  
0.785489  2.47298  4.08619  
0.103088  2.72654  4.37981  
1.61443  1.58229  2.63048  
0.854843  3.61675  0.000277721  
0.778195  2.0868  4.5559  
1.6256  1.01709  3.14765  
1.63005  2.17216  1.22658  
0.444381  1.03871  5.63944  
1.64467  2.20442  0.864946  
0.229833  3.64882  2.36082  
1.65089  1.69689  2.2372  
1.65444  0.667566  3.2211  
1.65556  2.21903  0.519263  
0.930309  2.51278  3.74475  
1.65943  0.000363494  3.35112  
1.66053  1.23429  2.78707  
1.66105  2.22988  0.0374229  
0.44999  2.09271  4.93438  
1.68455  1.74285  1.91558  
0.468448  2.79783  4.05282  
1.00453  0.141093  5.1843  
0.603813  1.61912  5.17921  
1.69646  0.92879  2.85732  
1.6987  1.32679  2.46728  
0.506018  0.736717  5.69967  
0.362456  3.70234  2.00256  
0.558121  3.06846  3.46691  
1.04268  2.73888  3.05606  
1.70455  1.86682  1.43015  
0.743841  3.1661  2.91054  
1.71317  0.460713  3.02106  
0.888243  2.18584  4.26229  
1.71783  0.159331  3.06843  
0.134207  1.18111  5.71956  
0.570968  3.72031  1.39714  
1.72084  1.89496  1.1485  
0.000440043  3.7214  2.20076  
1.72385  1.42459  2.17251  
0.893033  1.81044  4.63218  
1.01552  1.52694  4.63459  
0.000371472  3.26416  3.46882  
1.72789  1.05326  2.5796  
1.7284  1.94794  0.774686  
0.541372  0.466976  5.73434  
1.73672  1.96468  0.435898  
1.74219  0.688676  2.76169  
1.74254  1.60682  1.6954  
1.74267  1.96788  0.0863989  
0.599255  3.74339  1.12426  
0.195079  2.16701  5.0101  
1.16716  2.78693  2.5092  
1.02373  2.25971  3.88481  
0.790275  3.22007  2.65792  
1.04567  1.17168  4.80503  
0.224173  2.86814  4.12907  
1.75671  1.16312  2.27812  
