2  2.23603e-06  
0.0014446  4.00067  
1.19977  3.20035  
1.48317  2.68344  
1.63126  2.31432  
0.834354  3.63531  
1.72167  2.03555  
1.78194  1.81625  
0.629989  3.79638  
1.01313  3.44882  
1.82419  1.63993  
1.3083  3.02547  
1.85497  1.49545  
0.501497  3.87221  
1.87825  1.37432  
1.37066  2.91294  
1.89645  1.27046  
1.09634  3.34549  
1.52814  2.58056  
1.91095  1.18029  
0.924605  3.54689  
0.414036  3.91336  
0.74778  3.7099  
1.92278  1.10079  
1.409  2.83881  
1.55845  2.50699  
1.93251  1.03039  
1.65464  2.24693  
1.24251  3.13444  
0.351169  3.93786  
1.94061  0.967983  
1.14035  3.2861  
1.57923  2.45443  
1.94804  0.906035  
1.67127  2.19716  
1.43355  2.78924  
0.69915  3.74764  
0.303996  3.95353  
1.95332  0.85923  
1.7353  1.98871  
0.583609  3.82592  
0.967289  3.50107  
1.05088  3.40333  
0.880692  3.59132  
1.95787  0.816731  
1.26764  3.09394  
1.33101  2.9856  
0.794919  3.67049  
1.6836  2.15916  
1.96242  0.77181  
1.59336  2.41762  
0.26749  3.96407  
1.7456  1.95233  
1.16503  3.25129  
1.96635  0.731258  
1.44961  2.75583  
1.79097  1.78041  
1.49717  2.65216  
1.96916  0.69979  
0.237834  3.97162  
0.554647  3.84311  
1.69274  2.13041  
0.670952  3.76821  
1.97194  0.667695  
1.75332  1.92446  
1.60366  2.39023  
0.474234  3.88593  
1.79828  1.75066  
1.2168  3.17453  
1.34523  2.95997  
1.28298  3.06853  
1.97471  0.634147  
1.07105  3.37809  
1.82985  1.6145  
1.11524  3.32039  
1.38383  2.88792  
0.988895  3.47684  
0.214052  3.97703  
1.97659  0.61022  
1.46034  2.73306  
1.75953  1.90166  
0.858241  3.613  
1.69961  2.1084  
0.94535  3.52496  
0.902671  3.56943  
1.97828  0.587973  
1.5067  2.63049  
1.53711  2.55914  
0.773665  3.68861  
0.726785  3.72656  
1.80363  1.72851  
1.17923  3.23075  
1.03038  3.42831  
1.97976  0.567719  
1.61113  2.37003  
0.19396  3.98115  
1.85888  1.47592  
1.98128  0.546009  
0.815909  3.65202  
0.534592  3.85447  
