2.00005  4.66483e-05  
8.95846e-05  4.00005  
1.19999  3.20001  
1.48326  2.68323  
1.63124  2.31435  
0.834816  3.63488  
1.72159  2.0358  
1.78164  1.81741  
0.630677  3.79592  
1.01344  3.44844  
1.82389  1.64124  
1.30845  3.02519  
1.85486  1.49599  
0.502337  3.87177  
1.87828  1.37415  
1.37078  2.9127  
1.89648  1.2702  
1.09662  3.3451  
1.52827  2.58023  
1.91089  1.1807  
0.925028  3.54645  
0.415122  3.91289  
0.748291  3.70948  
1.92245  1.10309  
1.40914  2.83855  
1.55833  2.50728  
1.93191  1.03481  
1.65452  2.24728  
1.24264  3.13423  
0.352299  3.93745  
1.93976  0.974301  
1.14064  3.28569  
1.94631  0.920576  
1.57903  2.45493  
1.67132  2.19698  
1.43369  2.78894  
0.699604  3.74729  
1.95186  0.872367  
0.305356  3.9531  
1.73514  1.98927  
0.584244  3.82552  
0.967654  3.50065  
1.05116  3.40298  
0.881083  3.59093  
1.9566  0.828814  
1.26783  3.09361  
1.33106  2.98548  
0.795378  3.67008  
1.96067  0.7894  
1.68365  2.15899  
1.59351  2.4172  
0.268966  3.96366  
1.74541  1.95299  
1.96419  0.753557  
1.16525  3.25096  
1.79015  1.78364  
1.44976  2.75551  
1.96735  0.719831  
1.4972  2.65209  
1.97005  0.689607  
0.555166  3.84281  
0.240011  3.97109  
1.6928  2.13018  
1.75328  1.9246  
0.671465  3.76783  
1.97247  0.661411  
1.60383  2.38975  
0.474786  3.88565  
1.79688  1.75639  
1.21698  3.17425  
1.34525  2.95994  
1.97456  0.635949  
1.82954  1.61591  
1.28312  3.06829  
1.07135  3.3777  
1.38401  2.88757  
1.11554  3.31998  
0.989241  3.47644  
1.97643  0.612272  
0.216279  3.97654  
1.46062  2.73246  
0.858747  3.61251  
1.75939  1.90216  
1.97811  0.590257  
0.903092  3.56899  
1.69965  2.10826  
0.945744  3.52452  
1.80217  1.73456  
1.5067  2.63047  
0.77413  3.68821  
1.53716  2.55901  
0.72723  3.7262  
1.83413  1.59496  
1.17948  3.23038  
1.03067  3.42795  
1.97967  0.568852  
1.61124  2.36973  
1.8588  1.47628  
0.196655  3.98062  
1.98104  0.549456  
