2.00023  0.000234861  0.000234861  
0.00048916  4.00044  0.000443084  
0.000592486  0.000582267  6.00023  
0.481232  2.48009  4.48188  
0.854469  2.8536  3.33358  
0.9133  1.39289  4.91289  
1.03636  3.03609  2.36695  
1.0561  0.423412  5.05611  
1.13677  3.13696  1.49752  
0.000264966  3.11498  3.76465  
1.17394  1.7545  4.08399  
1.18883  3.18608  0.670845  
0.000515413  1.92194  5.26295  
1.27386  2.12759  3.35122  
1.29336  1.0093  4.31987  
1.31095  3.02193  0.000390714  
1.31842  0.00549269  4.51288  
1.34209  2.36254  2.69092  
0.27672  3.38267  3.10958  
1.4181  1.54576  3.5409  
1.42081  2.44419  2.10256  
1.46754  1.00877  3.78807  
0.509481  3.4704  2.5646  
1.47441  2.49079  1.57676  
1.47704  0.447752  3.99051  
1.48632  1.83409  2.92724  
0.400046  1.40662  5.48795  
0.797053  0.000247908  5.50351  
1.50854  2.52996  1.06943  
0.000478015  2.42371  4.77414  
0.664259  3.5239  2.06411  
1.5302  2.55045  0.549519  
1.53067  0.00041222  3.86367  
1.53879  1.97801  2.43197  
1.53931  2.55623  0.0488598  
0.00629106  3.55717  2.74718  
1.55881  1.3922  3.12821  
0.888645  3.57645  0.349364  
1.58468  0.97537  3.35771  
1.58542  2.0375  2.0143  
0.000293042  1.46945  5.58093  
0.78582  2.47009  4.08985  
0.784079  2.08413  4.55023  
0.112536  2.73091  4.3735  
1.61715  2.10877  1.57068  
1.62  0.339822  3.48292  
1.62563  1.59721  2.55324  
1.63425  2.16584  1.20246  
0.436634  1.04791  5.64106  
0.824876  3.64493  0.000520495  
0.192144  3.64934  2.393  
1.64874  0.000528058  3.3982  
1.65006  2.20207  0.811252  
0.930188  2.51117  3.74699  
1.65632  1.69373  2.21159  
1.66043  2.21605  0.439052  
1.66163  0.991004  2.99535  
1.6648  2.2219  0.0120913  
0.452418  2.09426  4.93062  
1.68097  1.27246  2.6359  
0.462773  2.79994  4.0589  
1.68653  1.75118  1.87385  
1.00301  0.0699268  5.19087  
0.60348  1.62208  5.17765  
0.351098  3.68964  2.08476  
0.500479  3.69298  1.7785  
1.69523  0.641186  3.04341  
0.497031  0.749241  5.70266  
1.04602  2.73751  3.05091  
0.553946  3.07209  3.47178  
0.00735202  3.26448  3.47153  
1.70766  1.39242  2.33437  
0.7458  3.17336  2.89627  
1.71148  1.8291  1.49843  
1.71329  0.115132  3.09589  
0.151086  1.18313  5.71562  
0.890043  2.18488  4.25974  
1.71762  0.974832  2.70946  
1.01589  1.52681  4.63466  
1.72621  1.91916  0.966279  
0.542048  3.72646  1.48197  
0.00994578  3.7308  2.16788  
1.7311  1.47293  2.04049  
1.73559  1.94811  0.683259  
0.533635  0.486223  5.73691  
1.74307  1.95659  0.361611  
1.74394  1.11979  2.41903  
0.19641  2.16903  5.00772  
1.74593  1.95981  0.0746294  
1.74784  0.677901  2.78523  
1.1709  2.78059  2.50534  
1.06262  3.39291  0.00186846  
1.01959  2.2636  3.88896  
0.745974  1.21074  5.26279  
1.0476  1.16241  4.8059  
0.668248  1.84532  4.93227  
1.75584  1.51276  1.78444  
1.76304  0.42812  2.82643  
1.7642  0.118844  2.82885  
0.177907  2.89268  4.1308  
