2  1.46185e-07  
0.000258682  4.00006  
1.19996  3.20006  
1.48324  2.68328  
1.63121  2.31442  
0.83479  3.6349  
1.72154  2.03596  
1.78164  1.81744  
0.630662  3.79593  
1.01349  3.44839  
1.82387  1.64133  
1.30842  3.02526  
1.85484  1.49609  
0.502275  3.87181  
1.87824  1.37434  
1.37079  2.91269  
1.89647  1.2703  
1.09665  3.34506  
1.52826  2.58026  
1.91084  1.18103  
0.92505  3.54643  
0.41506  3.91292  
0.748284  3.70949  
1.92246  1.10304  
1.40912  2.83857  
1.55835  2.50722  
1.93204  1.03386  
1.65448  2.2474  
1.24264  3.13424  
0.352492  3.93739  
1.94001  0.972351  
1.14062  3.28572  
1.94669  0.917392  
1.579  2.45501  
1.67137  2.19685  
1.43367  2.78897  
0.699628  3.74728  
1.95216  0.869666  
0.30493  3.95324  
1.73511  1.98937  
0.584359  3.82545  
0.967698  3.50061  
1.05118  3.40295  
0.881083  3.59093  
1.95705  0.826423  
1.26788  3.09352  
1.33106  2.98548  
0.795373  3.67009  
1.9609  0.787118  
1.68368  2.15892  
1.5935  2.41723  
0.268515  3.96379  
1.74541  1.953  
1.96455  0.749812  
1.16531  3.25087  
1.79014  1.78369  
1.44978  2.75547  
1.96813  0.711261  
1.49719  2.65212  
1.97095  0.679342  
0.555064  3.84287  
0.239518  3.97121  
1.69284  2.13007  
1.75328  1.92459  
0.671457  3.76784  
1.60385  2.3897  
0.474824  3.88564  
1.79683  1.75657  
1.97337  0.650588  
1.21691  3.17436  
1.34526  2.95992  
1.82952  1.616  
1.07141  3.37763  
1.2832  3.06816  
1.38403  2.88753  
1.11555  3.31997  
0.989271  3.4764  
1.97596  0.618302  
0.216045  3.97659  
1.46054  2.73264  
0.858744  3.61251  
1.97767  0.596016  
1.75943  1.90202  
0.903093  3.56899  
0.945765  3.5245  
1.69966  2.10824  
1.80213  1.73475  
1.50667  2.63054  
0.774133  3.68821  
1.53721  2.55889  
0.727119  3.72628  
1.8341  1.59509  
1.17947  3.23039  
1.97953  0.57086  
1.03074  3.42787  
1.61128  2.36963  
1.85875  1.47654  
0.196417  3.98066  
1.98136  0.544918  
0.816307  3.65165  
