2.05  0.0502065  
0.206918  4.03767  
1.25242  3.2401  
1.53383  2.72393  
1.68114  2.35506  
0.890025  3.67526  
1.77117  2.07624  
1.83108  1.85729  
0.688708  3.83635  
1.06653  3.48935  
1.87324  1.68051  
1.35978  3.06606  
1.90416  1.53452  
0.563256  3.91221  
1.92753  1.41201  
1.42164  2.95386  
1.94566  1.30764  
1.14912  3.38602  
1.57849  2.62128  
1.96002  1.2176  
0.978727  3.58745  
0.803999  3.75031  
0.478868  3.95335  
1.97159  1.13908  
1.45977  2.87981  
1.60837  2.54845  
1.98106  1.06991  
1.70427  2.28814  
1.29449  3.17481  
1.9889  1.00872  
0.419056  3.97787  
1.19292  3.32653  
1.99546  0.954043  
1.62895  2.49618  
1.72097  2.23793  
1.48423  2.83016  
2.001  0.905015  
0.755855  3.78821  
1.78463  2.0298  
0.642752  3.86623  
1.02088  3.5418  
1.10383  3.44406  
2.00573  0.860692  
0.374912  3.99354  
0.935285  3.63182  
1.31939  3.13443  
2.00981  0.82038  
1.38214  3.02658  
0.85058  3.71087  
1.73323  2.19999  
1.64339  2.45842  
2.0134  0.783032  
1.79485  1.99352  
1.21751  3.29162  
1.83955  1.82352  
0.34128  4.00411  
1.50029  2.79661  
2.01647  0.749378  
1.54761  2.69299  
2.01921  0.717866  
1.74236  2.17114  
0.614162  3.88359  
2.02158  0.689343  
1.8027  1.96507  
0.728204  3.80869  
1.65368  2.43092  
0.536156  3.92627  
1.8462  1.79641  
2.02368  0.663027  
0.315146  4.01152  
1.39619  3.00116  
1.26907  3.21468  
1.87885  1.65516  
1.12387  3.41881  
1.33455  3.1092  
1.16787  3.36097  
1.43475  2.92884  
2.02559  0.637968  
1.04231  3.51757  
1.511  2.77379  
2.02727  0.615019  
1.80876  1.94271  
0.913294  3.65327  
1.74919  2.14916  
0.956941  3.61004  
1.85146  1.7746  
0.999121  3.56569  
1.55701  2.67153  
2.02881  0.593038  
0.829423  3.72913  
1.58731  2.60014  
0.782989  3.76721  
1.88339  1.63435  
0.294342  4.01692  
1.23172  3.27093  
1.0835  3.46902  
1.66109  2.41082  
2.03018  0.572758  
1.90804  1.51499  
2.0314  0.554094  
