2.05  0.0501598  
0.206918  4.03767  
1.25492  3.2426  
1.53555  2.72815  
1.68254  2.36067  
0.893809  3.67656  
1.77241  2.08304  
1.83223  1.86512  
0.693463  3.83732  
1.06957  3.49121  
1.8743  1.68942  
1.36204  3.06897  
1.90515  1.54453  
0.568783  3.91309  
1.92851  1.4229  
1.42374  2.95712  
1.94661  1.31946  
1.15188  3.38818  
1.58015  2.62576  
1.96096  1.23022  
0.982049  3.58909  
0.808013  3.75158  
0.485227  3.95414  
1.97254  1.15245  
1.46176  2.88332  
1.60998  2.55317  
1.98199  1.08422  
1.70567  2.29387  
1.29688  3.17749  
1.98982  1.02389  
1.19556  3.32883  
0.426106  3.97864  
1.99637  0.970102  
1.63052  2.50108  
1.72237  2.24379  
1.48614  2.83388  
2.0019  0.921958  
0.760063  3.78942  
1.78592  2.03653  
0.647572  3.86728  
1.02402  3.54359  
1.10673  3.44606  
0.382638  3.99429  
2.00666  0.878252  
0.938789  3.63332  
1.32173  3.1372  
0.854427  3.71218  
1.38436  3.02958  
2.01071  0.838919  
1.73461  2.20599  
1.64496  2.46339  
1.79613  2.00043  
2.01424  0.802975  
1.22009  3.294  
1.84069  1.83148  
1.50217  2.80042  
0.349778  4.00481  
2.01731  0.770215  
1.54932  2.69729  
2.02002  0.740006  
1.74376  2.17714  
0.619108  3.88464  
1.80395  1.97214  
2.02239  0.712316  
0.73249  3.8099  
1.65523  2.436  
1.84736  1.80441  
0.541722  3.92722  
2.0245  0.686704  
0.324302  4.0122  
1.27153  3.21725  
1.3984  3.0042  
1.87993  1.66414  
1.33687  3.112  
1.12673  3.42085  
1.1706  3.36316  
1.43682  2.93217  
1.04542  3.51937  
2.02637  0.663012  
1.51287  2.77765  
1.81003  1.94979  
2.02805  0.640956  
0.916899  3.65471  
1.7506  2.15519  
0.960355  3.6116  
1.00235  3.5674  
1.85265  1.78258  
1.55874  2.6758  
0.833305  3.73045  
1.58896  2.60469  
0.78706  3.76846  
1.88449  1.6433  
1.23429  3.27333  
2.02956  0.620432  
1.08647  3.47095  
0.30419  4.01756  
1.66261  2.41599  
1.90907  1.52494  
2.03092  0.601191  
0.875244  3.69361  
