2.05  0.0501238  0.0501498  
0.130002  4.04649  0.125179  
0.190352  0.19035  6.0315  
0.537911  2.53307  4.52043  
0.9066  2.90417  3.3767  
0.967965  1.45086  4.94905  
1.08907  3.08286  2.41394  
1.10994  0.50829  5.09145  
1.18958  3.18198  1.54707  
1.22628  2.07253  3.83726  
1.23804  3.23531  0.734171  
0.111579  3.15049  3.83642  
1.32815  1.34708  4.23469  
0.0876882  1.96274  5.31835  
1.34982  3.0918  0.0510196  
1.36239  0.0500488  4.57755  
1.36276  2.25994  3.13243  
1.42298  2.45566  2.50217  
0.361703  3.43632  3.10359  
1.4708  1.52336  3.64827  
1.48906  2.52718  1.93808  
1.49689  0.837063  4.02047  
0.56884  3.52658  2.57637  
1.53187  0.3188  4.05924  
1.53436  2.57263  1.41158  
1.53984  1.75012  3.13546  
0.855076  0.0554886  5.54241  
1.56232  2.60396  0.910697  
1.574  1.97402  2.65146  
0.709352  3.57071  2.10157  
0.381858  1.48892  5.5591  
1.57936  2.61493  0.433513  
1.59027  1.07238  3.55663  
0.0972971  2.43503  4.86467  
1.61367  2.08449  2.21366  
0.129021  3.62111  2.74258  
1.6259  0.644664  3.63515  
1.62888  0.05202  3.73296  
0.934426  3.62802  0.443825  
1.63606  1.34217  3.14888  
1.6484  2.16359  1.76892  
1.65259  2.4659  0.0566008  
0.113438  2.75625  4.46531  
0.913443  3.65805  0.0503858  
0.837935  2.1443  4.58251  
1.66186  1.58478  2.75501  
0.835876  2.52339  4.13373  
1.68914  0.84843  3.27252  
1.69075  1.72272  2.39007  
0.494626  1.12622  5.6727  
1.7031  0.404046  3.38517  
0.316641  3.70691  2.34592  
1.6974  2.12678  1.41779  
1.71042  0.0527707  3.39468  
0.0759973  1.35937  5.7189  
0.99991  1.81407  4.61916  
1.72182  1.79061  2.0615  
1.72225  1.20466  2.84867  
0.517383  2.11226  4.99621  
1.72618  2.14383  1.01981  
0.592543  3.7211  1.79033  
0.506806  2.82986  4.14081  
0.652316  1.65422  5.24081  
1.05287  2.59115  3.57407  
1.05408  0.203993  5.23392  
1.73797  2.15911  0.640117  
1.74572  1.40417  2.49846  
1.74581  0.895226  2.96728  
0.57704  3.13229  3.53196  
1.74523  2.16815  0.263354  
1.75287  1.80939  1.76426  
0.558035  0.827887  5.73468  
1.75374  0.595045  3.0843  
0.801111  3.14675  3.10706  
0.619006  3.76217  1.49247  
1.76606  0.309896  3.10709  
0.944123  2.23578  4.29914  
1.08223  2.80051  3.11407  
1.77243  1.84411  1.48408  
1.77294  1.48816  2.20176  
0.114906  3.31742  3.50559  
0.816857  3.25053  2.81826  
1.77967  1.13393  2.58588  
1.15595  2.81519  2.84067  
0.322316  3.78539  2.03959  
0.594334  0.562578  5.77208  
1.79123  0.062058  3.01403  
1.06985  1.55484  4.69155  
1.10649  1.21839  4.83362  
0.60013  0.0500223  5.81855  
1.79467  1.88928  1.04684  
0.643333  3.79209  1.20141  
1.79776  0.825858  2.72465  
0.654642  2.88108  3.88337  
0.72444  1.39176  5.32783  
1.80329  1.51349  1.92473  
1.80492  1.22356  2.32701  
0.259281  2.90659  4.20479  
0.939968  3.32672  2.22131  
1.80704  1.90227  0.781116  
