2.05  0.0504675  
0.206918  4.03767  
1.25243  3.24009  
1.53384  2.72392  
1.68114  2.35506  
0.89002  3.67526  
1.77118  2.07623  
1.83108  1.85728  
0.688706  3.83635  
1.06652  3.48936  
1.87324  1.6805  
1.35978  3.06605  
1.90414  1.53463  
0.563242  3.91222  
1.92751  1.41212  
1.42166  2.95383  
1.94568  1.30749  
1.14911  3.38604  
1.57849  2.62126  
1.96005  1.21735  
0.978722  3.58746  
0.803978  3.75033  
0.478896  3.95334  
1.97167  1.13849  
1.45979  2.87978  
1.60837  2.54845  
1.98111  1.06957  
1.70427  2.28815  
1.2945  3.17479  
1.98893  1.00847  
0.419044  3.97787  
1.19292  3.32654  
1.99548  0.953828  
1.62893  2.49623  
1.72096  2.23795  
1.48423  2.83017  
2.00103  0.904775  
0.755847  3.78822  
1.78464  2.02975  
0.642736  3.86624  
1.02087  3.54181  
1.10383  3.44407  
2.00579  0.860113  
0.374905  3.99354  
0.935277  3.63183  
1.31941  3.13441  
2.00988  0.819702  
1.38217  3.02653  
0.850564  3.71088  
1.73326  2.19991  
1.64338  2.45844  
2.01341  0.782887  
1.79487  1.99345  
1.21752  3.2916  
1.83954  1.82357  
0.341273  4.00411  
1.50031  2.79657  
2.01647  0.749329  
1.5476  2.69303  
2.01916  0.718433  
1.74238  2.17108  
0.614076  3.88364  
2.02154  0.68986  
1.8027  1.96507  
0.728234  3.80867  
1.65368  2.43094  
0.536166  3.92627  
1.84618  1.79649  
2.02365  0.663407  
0.315139  4.01152  
1.39623  3.00109  
1.26908  3.21467  
1.87885  1.65519  
1.12386  3.41882  
1.33456  3.10918  
1.16787  3.36097  
1.43477  2.9288  
2.02554  0.638566  
1.04228  3.5176  
1.51102  2.77375  
2.02728  0.614881  
1.80875  1.94274  
0.913296  3.65327  
1.74921  2.1491  
1.85144  1.7747  
0.956934  3.61004  
0.999105  3.56571  
1.55701  2.67153  
2.02878  0.593572  
0.829391  3.72916  
1.58729  2.60018  
0.782988  3.76721  
1.88337  1.63441  
0.294199  4.01695  
1.23174  3.27089  
1.08349  3.46903  
1.66107  2.41087  
2.03015  0.573243  
1.90803  1.51503  
2.03139  0.55423  
