2.05  0.0503817  
0.206918  4.03767  
1.25492  3.24259  
1.53556  2.72814  
1.68255  2.36065  
0.893812  3.67656  
1.77241  2.08302  
1.8322  1.86521  
0.693466  3.83732  
1.06957  3.49121  
1.87428  1.68949  
1.362  3.06905  
1.90514  1.5446  
0.568809  3.91308  
1.92849  1.42301  
1.42371  2.95717  
1.94661  1.31943  
1.15186  3.3882  
1.58016  2.62575  
1.96094  1.23035  
0.98207  3.58907  
0.808021  3.75157  
0.485262  3.95412  
1.97253  1.15251  
1.46172  2.88341  
1.60997  2.5532  
1.98199  1.08426  
1.70567  2.29388  
1.29691  3.17744  
1.9898  1.024  
1.19558  3.32881  
0.426163  3.97861  
1.99634  0.970333  
1.6305  2.50114  
1.72236  2.24383  
1.4861  2.83396  
2.00189  0.922089  
0.760053  3.78942  
1.78587  2.0367  
0.647602  3.86726  
1.02405  3.54355  
1.10673  3.44607  
0.382747  3.99425  
2.00662  0.878569  
0.938802  3.63331  
1.32174  3.13719  
0.854414  3.71219  
1.3843  3.02969  
2.01072  0.838903  
1.73463  2.20595  
1.64491  2.46352  
1.79609  2.00055  
2.01424  0.803025  
1.22013  3.29395  
1.84067  1.83158  
1.50212  2.80053  
0.349835  4.00479  
2.01734  0.769974  
1.54932  2.6973  
2.02002  0.739993  
1.74375  2.17717  
0.619146  3.88462  
1.80392  1.97224  
2.02239  0.712384  
0.732568  3.80984  
1.65518  2.43613  
1.84731  1.80461  
0.541843  3.92716  
2.0245  0.686718  
0.324361  4.01218  
1.27155  3.21722  
1.39832  3.00433  
1.87991  1.66421  
1.1267  3.42088  
1.33687  3.11201  
1.17059  3.36317  
1.4368  2.93221  
1.04541  3.51939  
2.0264  0.662705  
1.51283  2.77773  
1.80997  1.94999  
2.02809  0.640422  
0.916928  3.65468  
1.75058  2.15525  
1.85258  1.78286  
0.960385  3.61157  
1.00238  3.56737  
1.55871  2.67586  
0.833298  3.73046  
1.58894  2.60472  
0.787071  3.76845  
1.88444  1.64352  
1.23429  3.27332  
2.0296  0.619902  
1.08648  3.47094  
0.304157  4.01757  
1.66256  2.41613  
1.90904  1.5251  
2.03096  0.600608  
0.875228  3.69362  
