2.05  0.0501397  0.0519075  
0.206865  4.03631  0.206731  
0.190367  0.190291  6.0315  
0.539751  2.52863  4.52417  
0.909569  2.8965  3.3846  
0.968706  1.4472  4.95015  
1.09035  3.07712  2.42516  
1.11012  0.506044  5.09156  
1.19052  3.17678  1.56499  
1.22581  1.80703  4.12567  
1.24185  3.22745  0.756327  
0.170705  3.11742  3.88386  
1.32545  2.17214  3.40054  
1.33489  3.11533  0.0504137  
0.124829  1.95158  5.32386  
1.34651  1.08808  4.34499  
1.36476  0.0587608  4.57132  
1.38983  2.41702  2.74028  
0.302746  3.40813  3.22046  
1.45845  2.52133  2.14872  
1.46995  1.59055  3.5875  
1.51102  2.57675  1.60685  
0.55385  3.4999  2.68366  
1.51444  0.650991  4.03572  
1.53534  1.89095  2.96863  
1.53766  0.137389  4.05807  
0.855655  0.0501467  5.54166  
1.54628  2.6098  1.10209  
1.56626  2.63145  0.611268  
1.57483  2.63781  0.1299  
0.690083  3.56469  2.17563  
1.58008  1.12106  3.56406  
0.385676  1.48189  5.56115  
1.58509  2.05271  2.45149  
1.61589  1.45631  3.12928  
1.62666  0.697665  3.6114  
1.63005  2.14521  1.96148  
0.142237  2.39397  4.90401  
0.919551  3.65216  0.0503468  
1.64485  0.291522  3.65232  
1.66188  2.18929  1.5729  
0.838972  2.5164  4.13786  
0.155535  2.7319  4.49032  
1.66534  1.60382  2.71154  
0.842405  2.13241  4.58783  
1.67489  1.08106  3.18776  
0.192501  3.66309  2.58867  
1.67961  2.23948  1.19595  
0.496877  1.12263  5.67263  
1.6922  2.27192  0.837827  
1.69936  1.79068  2.21772  
1.70129  2.28889  0.475231  
1.7039  0.735302  3.26325  
1.70555  2.29393  0.107255  
0.983966  2.55478  3.79608  
1.71157  1.26536  2.84927  
1.71306  0.0887888  3.38238  
0.59063  3.707  1.86072  
1.73193  1.83666  1.88239  
0.520674  2.79962  4.17253  
0.100828  1.34166  5.72652  
0.653071  1.64602  5.24571  
0.598076  3.09689  3.57259  
1.05516  0.190795  5.23288  
1.74111  1.48028  2.42875  
0.286579  3.73194  2.28466  
1.7484  0.952886  2.9144  
0.790967  3.19999  3.00519  
1.75148  1.89087  1.58048  
0.559294  0.824665  5.73466  
1.09508  2.78169  3.11277  
0.627341  3.7436  1.56792  
1.76031  0.505838  3.08414  
0.550565  2.10455  4.97415  
1.76225  1.94551  1.28677  
0.942606  2.23305  4.30517  
1.77015  0.223842  3.09987  
1.77379  1.51883  2.14826  
1.07035  1.57752  4.67385  
1.77418  1.16807  2.58614  
1.77669  2.01516  0.741103  
1.78426  2.02377  0.457021  
0.654422  3.77082  1.29979  
1.78605  2.03608  0.0507278  
0.595288  0.560923  5.77159  
1.79245  0.707884  2.82506  
0.936263  3.39577  1.98492  
0.33693  3.78229  2.02904  
0.602589  0.0557073  5.81643  
1.79914  1.63201  1.73731  
0.724059  1.39579  5.32596  
0.664857  2.84674  3.92281  
1.80153  1.2482  2.32934  
1.07712  2.30738  3.92811  
1.09992  1.22518  4.84288  
0.674707  3.79067  1.05218  
0.27649  2.87315  4.24588  
0.675664  3.84923  0.0501486  
1.21503  2.83333  2.57066  
1.80786  0.421721  2.85685  
