2.05  0.050462  0.0502262  
0.206865  4.03631  0.206829  
0.190359  0.190325  6.0315  
0.541795  2.52788  4.52308  
0.909869  2.89626  3.38435  
0.96874  1.44663  4.95045  
1.09074  3.07677  2.42461  
1.1101  0.506238  5.09155  
1.19064  3.17668  1.56466  
1.22645  1.80791  4.12317  
1.24145  3.22806  0.756311  
0.170736  3.11819  3.88247  
1.32601  2.1719  3.39896  
1.33531  3.11463  0.0510611  
0.124845  1.952  5.32351  
1.3442  1.0229  4.38541  
1.36917  0.0810669  4.55954  
1.39053  2.41699  2.73717  
0.294166  3.40339  3.23773  
1.45918  2.52182  2.14301  
1.47032  1.59161  3.58509  
0.551091  3.49654  2.69824  
1.51256  2.57399  1.60384  
1.51407  1.05521  3.84933  
1.52573  0.530471  4.03505  
1.53559  1.89198  2.96603  
0.858078  0.0508051  5.53845  
1.54723  2.61006  1.08852  
1.56582  0.0513752  3.96415  
1.56763  2.62953  0.597556  
0.712945  3.55907  2.13301  
1.5745  2.63878  0.114931  
0.386129  1.48087  5.56149  
1.58515  2.05686  2.44334  
1.60889  1.19332  3.3948  
0.142267  2.39472  4.9032  
1.63062  2.1197  2.01888  
0.920125  3.6516  0.0510365  
1.63552  0.778773  3.54001  
1.64156  1.4797  2.98316  
1.65841  2.18237  1.62679  
1.66026  0.382106  3.57356  
0.155496  2.73091  4.49167  
0.839727  2.51623  4.13679  
0.842163  2.13259  4.58802  
1.66794  1.67535  2.59884  
0.192146  3.66227  2.59146  
1.67704  2.23619  1.24206  
0.498507  1.12128  5.67204  
1.69349  2.27606  0.785526  
1.69674  0.052106  3.45504  
1.70084  1.7703  2.24406  
1.70121  1.07381  3.06714  
1.70326  2.29311  0.332715  
0.984575  2.55446  3.79518  
0.595785  3.71063  1.83007  
1.72926  1.29528  2.72054  
1.7311  0.744245  3.12906  
0.520932  2.79937  4.17264  
1.73244  1.84868  1.85143  
0.100782  1.3405  5.72712  
0.652857  1.64615  5.24584  
1.058  0.197242  5.22751  
0.289725  3.73094  2.28537  
1.75086  1.93647  1.44931  
1.75129  0.444322  3.1497  
0.792166  3.18809  3.03087  
1.75149  1.44953  2.40319  
0.561226  0.820254  5.73445  
1.09574  2.78064  3.11283  
1.75934  0.153205  3.16116  
0.54874  2.10475  4.97563  
0.629021  3.74756  1.54021  
1.76434  1.98779  1.10042  
0.943156  2.23271  4.30452  
1.76783  0.933741  2.82204  
0.949464  1.85603  4.67382  
1.77515  1.57207  2.05053  
1.06945  1.57995  4.67382  
0.524259  3.12906  3.60589  
1.77842  2.06394  0.113494  
0.656907  3.77343  1.27111  
1.78813  0.637873  2.88535  
0.596336  0.55748  5.77138  
1.79082  1.13987  2.51038  
0.654905  2.86096  3.91373  
0.339694  3.78112  2.03037  
0.838435  3.24446  2.77857  
1.79886  1.60196  1.79764  
0.724406  1.39341  5.32692  
1.14145  2.8278  2.86375  
1.80144  0.352789  2.91107  
0.942972  3.39916  1.94354  
1.07735  2.30806  3.92668  
1.09855  1.22416  4.84614  
0.272375  2.87357  4.24722  
0.675877  3.84909  0.0503218  
1.82586  0.717856  2.64695  
1.84707  0.452385  2.64828  
0.766378  1.91823  4.99411  
