2.05  0.0509879  0.0515648  
0.206865  4.03631  0.206726  
0.190352  0.190351  6.0315  
0.541677  2.52801  4.52304  
0.910371  2.89626  3.38319  
0.968926  1.44691  4.94996  
1.09072  3.07695  2.42416  
1.11002  0.506941  5.09156  
1.19048  3.17692  1.56463  
1.23309  1.85751  4.05645  
1.24169  3.22797  0.75358  
0.170835  3.12072  3.87788  
1.33714  2.18424  3.34254  
1.33722  3.11142  0.0503506  
0.124847  1.95205  5.32347  
1.34634  1.0752  4.35241  
1.36388  0.0566656  4.57366  
1.3978  2.42405  2.68999  
0.290928  3.40185  3.24359  
1.46472  2.52498  2.10057  
1.47758  1.61009  3.54026  
0.550639  3.49596  2.70071  
1.5147  0.640269  4.03847  
1.51592  2.57724  1.56297  
1.53723  0.0982699  4.06099  
1.54138  1.90954  2.91388  
0.85615  0.0592836  5.54098  
1.54915  2.61029  1.06196  
1.56846  2.62932  0.578541  
0.713719  3.55875  2.13203  
1.5754  2.63677  0.101394  
1.57766  1.13184  3.56609  
0.385806  1.48177  5.56114  
1.58989  2.06448  2.40112  
1.61318  1.47243  3.125  
1.62516  0.706705  3.61364  
0.142283  2.39513  4.90275  
1.63422  2.13509  1.95531  
0.922133  3.64966  0.0555851  
1.64396  0.298741  3.65476  
0.843737  2.51288  4.13434  
0.155581  2.73308  4.48871  
1.66243  2.18965  1.5665  
1.66875  1.63998  2.64397  
0.838415  2.13297  4.5935  
1.6722  1.09463  3.19018  
0.192141  3.66215  2.59185  
1.68008  2.23903  1.19191  
0.496933  1.12287  5.67249  
1.69246  2.27193  0.832884  
1.70171  2.28711  0.481367  
1.70243  0.744683  3.2655  
1.70344  1.73943  2.28012  
0.991534  2.54814  3.78899  
1.70582  2.29268  0.137017  
1.70731  0.0593391  3.40853  
1.70876  1.29862  2.83006  
0.597381  3.71019  1.82768  
1.72869  1.81338  1.9583  
0.523538  2.80068  4.16799  
0.100827  1.34163  5.72653  
0.653289  1.6451  5.24612  
1.05502  0.202554  5.23238  
0.60285  3.09393  3.57163  
0.291296  3.73044  2.28569  
1.74538  0.988511  2.90469  
1.74587  1.88414  1.64594  
0.789894  3.19133  3.02827  
1.75139  1.38948  2.48118  
0.558105  0.826256  5.73513  
1.10141  2.77091  3.11486  
1.75572  0.493286  3.11147  
1.75824  1.94539  1.3361  
0.632647  3.7468  1.53169  
1.05733  1.62828  4.66117  
0.945834  2.22646  4.30666  
0.53233  2.10891  4.98642  
1.76584  0.205233  3.12389  
1.76876  1.98976  1.02298  
1.77616  1.10982  2.62996  
1.77714  2.01286  0.745682  
1.77681  1.53456  2.10044  
1.78432  2.02629  0.425792  
1.78629  0.730001  2.84774  
0.658432  3.77285  1.26825  
1.78738  2.03008  0.158988  
0.595819  0.561546  5.77101  
0.60095  0.0502958  5.81785  
0.339679  3.78109  2.03053  
1.1446  2.82464  2.85976  
0.839462  3.24468  2.77531  
0.942252  3.40091  1.9396  
0.667188  2.84643  3.91998  
1.80316  0.478737  2.86499  
0.803219  1.26521  5.30084  
1.10027  1.22633  4.84154  
0.723814  1.86305  5.00154  
0.677633  3.84793  0.0507382  
1.80547  0.0598923  2.92486  
0.279105  2.87662  4.23934  
