2.05  0.0500445  0.0502745  
0.206866  4.03634  0.205095  
0.190353  0.190346  6.0315  
0.541585  2.52796  4.5232  
0.909884  2.89666  3.38356  
0.968349  1.44703  4.95086  
1.09099  3.07713  2.42259  
1.11003  0.507231  5.0915  
1.19067  3.17698  1.56305  
1.22659  2.07247  3.83647  
1.24163  3.22802  0.753975  
0.170711  3.11756  3.8836  
1.32755  1.34879  4.23514  
1.3336  3.11749  0.0502745  
0.12484  1.95186  5.32363  
1.36197  2.38165  2.92686  
1.36585  0.0645168  4.56844  
0.296533  3.40414  3.23433  
1.44919  2.49778  2.26344  
1.47009  1.52273  3.65137  
1.49761  0.841842  4.01598  
1.50314  2.56423  1.71508  
0.552453  3.49789  2.69197  
1.51564  1.84657  3.11672  
1.53376  0.323608  4.0522  
0.856226  0.0501358  5.5409  
1.54103  2.60212  1.20605  
1.56215  2.63044  0.712373  
1.56855  2.00615  2.6261  
0.71356  3.55927  2.1305  
1.57397  2.63779  0.224076  
0.386158  1.48188  5.56088  
1.59161  1.07384  3.55033  
1.62063  2.07324  2.1919  
1.62498  1.4209  3.12349  
1.62793  0.646369  3.62645  
0.142285  2.39519  4.90268  
1.63359  0.0745439  3.71453  
0.919447  3.65226  0.0502745  
1.64816  2.15815  1.78589  
1.65955  1.61513  2.72815  
0.839089  2.14021  4.58496  
0.155443  2.72956  4.49352  
0.839941  2.51636  4.13623  
1.66858  2.21969  1.40266  
0.192146  3.66227  2.59147  
1.68133  1.05011  3.18022  
1.68518  2.25801  1.03299  
0.494589  1.12385  5.67374  
1.69527  1.71834  2.36848  
1.69663  2.32282  0.0619557  
1.70601  0.416903  3.36901  
1.71415  0.0738759  3.3778  
1.71592  1.26082  2.82915  
0.384852  3.70739  2.26218  
0.999798  1.8123  4.6209  
1.72501  1.80434  2.00557  
0.596552  3.71087  1.82684  
0.520463  2.79844  4.17451  
0.100863  1.34256  5.72606  
0.653155  1.64593  5.24568  
1.05675  0.159607  5.23181  
0.599544  3.09511  3.57399  
1.05122  2.58827  3.58293  
1.74333  1.91273  1.59493  
1.74508  1.38962  2.52034  
1.74569  0.778562  3.03787  
0.790252  3.19698  3.01402  
0.559382  0.826103  5.73415  
1.75892  1.96848  1.248  
0.632364  3.74639  1.53502  
1.76395  0.450058  3.08335  
0.943965  2.23338  4.30221  
1.76806  2.02638  0.853668  
0.503994  2.11328  5.00646  
1.77089  1.52131  2.16573  
1.77168  0.145946  3.09988  
1.77225  0.991505  2.75372  
1.08648  2.78541  3.13152  
1.77527  2.04722  0.554949  
1.78165  2.05323  0.20332  
1.18622  2.8139  2.73197  
0.657928  3.7724  1.27363  
1.79211  1.62476  1.81369  
1.10833  1.2136  4.83258  
0.602551  0.0553008  5.81647  
0.34232  3.78431  2.01329  
1.79746  0.710228  2.79534  
0.723894  1.39482  5.3267  
1.8007  1.27187  2.29864  
0.666173  2.84461  3.92438  
0.942429  3.40088  1.93898  
0.721894  1.86808  4.99973  
0.270225  2.87414  4.24739  
1.80721  1.72229  1.43482  
0.677642  3.84793  0.0502745  
1.80917  0.441656  2.84336  
1.81076  0.997988  2.51485  
1.08892  1.87798  4.38213  
1.81559  0.109566  2.86713  
