2.05  0.0504586  
0.206918  4.03767  
1.25269  3.24097  
1.5341  2.72513  
1.68181  2.35509  
0.893828  3.67654  
1.77182  2.07645  
1.83253  1.85425  
0.693497  3.8373  
1.06693  3.48998  
1.87472  1.67663  
1.35967  3.06763  
1.90567  1.533  
0.568856  3.91305  
1.92848  1.41012  
1.42192  2.95482  
1.14963  3.38663  
1.57942  2.62078  
1.94791  1.31038  
0.808061  3.75154  
0.981451  3.58972  
1.96499  1.19271  
0.48522  3.95414  
1.45984  2.88124  
1.60947  2.54749  
1.9783  1.09508  
1.70502  2.28791  
1.2945  3.1761  
1.98694  1.02884  
1.19334  3.32718  
0.426126  3.97863  
1.99756  0.940728  
1.63067  2.49357  
1.72282  2.23493  
1.48594  2.82997  
0.760034  3.78944  
1.78659  2.02523  
0.647751  3.86717  
2.00427  0.879934  
1.01941  3.54451  
1.10481  3.44398  
0.382699  3.99427  
0.938812  3.6333  
2.00996  0.824852  
0.854453  3.71216  
1.32103  3.13307  
1.38351  3.0257  
1.73503  2.19683  
1.64525  2.45566  
2.01343  0.788497  
1.79689  1.98857  
1.2181  3.292  
1.84147  1.81865  
1.50097  2.79674  
0.349789  4.00481  
2.01739  0.745137  
1.54887  2.6918  
2.02001  0.714899  
0.619259  3.88455  
1.80471  1.9601  
2.02242  0.686604  
0.732588  3.80983  
0.541754  3.9272  
1.84814  1.79104  
1.65546  2.42799  
1.74551  2.16322  
2.0244  0.660763  
0.324295  4.0122  
1.26962  3.21512  
1.16794  3.36232  
1.043  3.51788  
1.88176  1.64586  
1.12362  3.42028  
1.33521  3.10943  
2.02659  0.63169  
0.958298  3.60968  
1.43756  2.9251  
1.51141  2.77449  
0.916629  3.65106  
1.39992  2.99831  
2.02817  0.609852  
1.85339  1.76921  
0.833337  3.73043  
0.787066  3.76846  
1.55858  2.66958  
1.81185  1.93401  
1.58816  2.60013  
2.02966  0.588634  
0.999177  3.56669  
1.08464  3.4688  
1.23255  3.27094  
0.304141  4.01757  
1.8859  1.62559  
2.03105  0.568036  
0.875252  3.6936  
1.66228  2.40946  
1.75344  2.13753  
2.0322  0.549874  
1.91085  1.50682  
1.68882  2.33789  
