2.05  0.0500194  0.050215  
0.05011  4.05  0.0524096  
0.190355  0.190339  6.0315  
0.536565  2.53657  4.51738  
0.906915  2.90653  3.37142  
0.967469  1.45356  4.94815  
1.08622  3.08855  2.40849  
1.10961  0.513264  5.09105  
1.18633  3.18702  1.54561  
0.0500678  3.18409  3.77819  
1.22587  2.07807  3.83174  
1.23753  3.23616  0.733155  
0.0500709  1.97923  5.30601  
1.32774  1.35087  4.23317  
1.35277  3.08499  0.0511911  
1.36147  2.38753  2.91815  
1.36229  0.0555225  4.5778  
0.325185  3.43028  3.15048  
1.44675  2.48202  2.31577  
1.46975  1.52217  3.65312  
1.49591  0.838437  4.0231  
1.50629  2.53968  1.7723  
1.51414  1.85144  3.11675  
0.567119  3.51048  2.62873  
1.53177  0.320058  4.05939  
0.854468  0.0500989  5.54322  
1.54453  2.58089  1.26872  
0.0500525  2.4799  4.81603  
1.56989  1.99684  2.63645  
1.56907  2.60567  0.782178  
0.376768  1.50179  5.55425  
0.718823  3.57228  2.06846  
1.58187  2.61559  0.315012  
1.58955  1.0689  3.56172  
0.0500783  3.60436  2.80222  
1.62227  2.06013  2.20879  
1.62286  1.42316  3.13101  
1.62593  0.646855  3.63421  
0.932491  3.63002  0.44206  
1.63117  0.0672717  3.72404  
1.65189  2.13853  1.8082  
0.0500592  2.78908  4.42255  
0.963019  3.60887  0.0527477  
1.6609  1.60742  2.73092  
0.835309  2.14798  4.58279  
0.83787  2.52395  4.12951  
1.67316  2.19875  1.42829  
1.6792  1.04913  3.19114  
1.68202  2.36215  0.050215  
0.491804  1.13888  5.66921  
0.0500333  1.37616  5.71065  
0.291454  3.70274  2.38878  
1.70284  0.693172  3.28764  
1.69586  1.70467  2.38662  
1.70719  0.337744  3.38127  
1.71459  1.26229  2.83489  
0.503408  2.14791  4.97413  
0.99857  1.81886  4.61749  
0.510946  2.85694  4.09478  
1.72469  1.80639  2.00392  
0.596099  3.73122  1.73132  
0.648322  1.66704  5.23601  
1.73923  0.0501106  3.26225  
1.04841  2.59638  3.57696  
1.05374  0.200036  5.23477  
1.74383  2.04289  1.16458  
1.74519  1.40093  2.50575  
1.74966  0.959868  2.90267  
0.554428  0.840594  5.73363  
0.609824  3.13205  3.48607  
1.75813  2.05804  0.867406  
0.800953  3.20679  2.97686  
0.940716  2.24074  4.29983  
1.76769  2.06866  0.576427  
1.76795  0.673655  2.97623  
1.08112  2.80484  3.10869  
1.76988  1.75806  1.72741  
0.0500822  3.3262  3.49234  
0.655266  3.76459  1.33821  
1.77394  2.07338  0.25198  
1.77407  1.46659  2.22558  
1.77887  1.12171  2.60244  
1.78344  0.403898  2.99533  
0.296753  3.78508  2.06846  
1.18318  2.82355  2.72113  
0.593353  0.574089  5.77057  
1.79119  0.116001  3.00032  
1.7916  1.77582  1.46418  
1.10513  1.22297  4.8338  
0.599737  0.0500229  5.81889  
0.248694  2.22551  5.04958  
0.715725  1.89586  4.98408  
0.722521  1.40069  5.3249  
0.665408  3.79982  1.02667  
1.80225  0.861308  2.67405  
1.80316  1.4905  1.96552  
0.0500223  1.12672  5.82854  
1.80518  1.19444  2.35809  
0.259567  2.92071  4.18069  
1.81113  1.82012  1.06786  
