2.05  0.0502249  0.0510168  
0.206865  4.03633  0.205684  
0.151078  0.150971  6.04042  
0.537849  2.52541  4.53005  
0.909619  2.89527  3.38683  
0.967175  1.44163  4.95629  
1.09082  3.07724  2.42292  
1.10907  0.472107  5.10018  
1.19081  3.17714  1.56138  
1.22587  2.0706  3.84073  
1.24185  3.22817  0.749153  
0.123297  3.13952  3.85555  
1.32656  1.3471  4.23904  
0.124586  1.94541  5.32889  
1.34096  3.1051  0.0511959  
1.36196  2.38032  2.92932  
1.37546  0.0908473  4.54273  
0.299898  3.40688  3.22551  
1.44595  2.48112  2.32234  
1.46949  1.52076  3.65535  
1.49998  2.55488  1.77061  
1.50258  0.856108  3.99311  
0.553381  3.49881  2.68793  
1.51766  1.84597  3.10881  
1.53937  0.331988  4.03212  
1.5401  2.59324  1.25965  
0.847177  0.0506681  5.55278  
1.564  2.61936  0.768684  
1.57035  2.00178  2.62403  
0.713912  3.55928  2.12947  
1.5765  2.62972  0.283476  
0.376845  1.47423  5.57038  
1.59532  1.08297  3.52953  
1.62101  2.11691  2.09327  
1.6285  1.42121  3.10689  
0.142021  2.38848  4.91001  
1.63161  0.646494  3.61262  
0.92222  3.64957  0.0502161  
0.139172  3.59995  2.82465  
1.64078  0.114801  3.68529  
0.130424  2.7347  4.49594  
1.65638  2.16435  1.69845  
0.838129  2.13719  4.58959  
0.8382  2.51314  4.14363  
1.66534  1.59529  2.72268  
1.67618  2.21924  1.31972  
1.68607  1.05426  3.1549  
1.68805  1.75456  2.35511  
1.68945  2.34102  0.067069  
0.48645  1.11559  5.68306  
0.358498  3.68041  2.39296  
1.71033  0.676314  3.26284  
1.71925  1.2586  2.81331  
0.510064  2.81067  4.16719  
0.998374  1.80583  4.62916  
1.72349  0.113935  3.34976  
1.72561  1.80622  1.99712  
0.59774  3.71018  1.82675  
1.05681  0.151607  5.23205  
0.651185  1.6378  5.25334  
0.100366  1.32992  5.73254  
1.0532  2.5853  3.58267  
1.74419  1.44506  2.45592  
1.74682  1.86106  1.69539  
0.608236  3.10015  3.5559  
1.75113  2.03778  1.08206  
0.551693  0.816333  5.74328  
0.633363  3.74561  1.53586  
0.803216  3.14886  3.09753  
1.76428  2.05207  0.779835  
0.523238  2.10323  4.99964  
0.944473  2.22998  4.30739  
1.7692  1.5245  2.17305  
1.08289  2.79578  3.12161  
1.77218  2.06233  0.492323  
1.77657  2.06617  0.208063  
0.297073  3.76894  2.13134  
0.657969  3.77301  1.26924  
1.11225  1.19036  4.83735  
1.77195  0.617121  3.00851  
1.18524  2.81456  2.73419  
0.822117  3.23937  2.83346  
0.587289  0.543452  5.78184  
1.79194  1.77928  1.45085  
1.79449  1.18368  2.45782  
1.79593  0.0940965  2.97596  
0.72267  1.38567  5.33334  
0.22647  2.8887  4.24454  
1.80065  1.52815  1.92298  
0.66429  2.85262  3.91921  
0.942359  3.40212  1.9343  
0.722134  1.85803  5.00772  
0.679956  3.84639  0.0545144  
1.80784  1.79507  1.20675  
0.607885  0.0802436  5.81167  
1.08904  1.87454  4.38514  
1.81617  1.27641  2.18243  
1.81811  1.81787  0.962195  
0.258472  1.09934  5.80598  
1.83954  0.472055  2.65454  
