2.05  0.0500874  
0.148686  4.04513  
1.25195  3.24708  
1.53416  2.73124  
1.68177  2.36285  
0.888406  3.68157  
1.77193  2.08467  
1.83187  1.86652  
0.685771  3.84252  
1.06591  3.49553  
1.87405  1.69056  
1.35985  3.07277  
1.90496  1.54548  
0.558955  3.91831  
1.92836  1.42371  
1.42193  2.96053  
1.9465  1.32011  
1.14874  3.39232  
1.57902  2.62846  
1.96085  1.23095  
0.977845  3.5935  
0.802187  3.75633  
0.473163  3.95944  
1.97244  1.1531  
1.46017  2.8865  
1.609  2.55561  
1.98189  1.08497  
1.705  2.29587  
1.29432  3.18155  
0.411953  3.98395  
1.98972  1.02466  
1.1926  3.33296  
1.99628  0.970826  
1.62961  2.50342  
1.72174  2.24571  
1.48462  2.83702  
0.753777  3.79417  
2.00182  0.922656  
1.78544  2.03821  
0.63963  3.87222  
1.02022  3.54781  
0.366246  3.99968  
1.10341  3.45019  
0.934171  3.63789  
2.00656  0.879198  
1.31937  3.14108  
1.38235  3.03318  
2.01062  0.83983  
0.848967  3.71696  
1.73404  2.20778  
1.6441  2.46566  
1.79568  2.00201  
2.01416  0.803856  
0.33132  4.01023  
1.21721  3.29814  
1.84036  1.83281  
1.50068  2.80355  
2.01724  0.771007  
1.54803  2.70022  
2.01994  0.740885  
0.610822  3.88952  
1.74318  2.179  
1.80353  1.97368  
0.725952  3.81462  
2.02232  0.713187  
0.303842  4.01765  
1.65439  2.43825  
0.531703  3.93225  
1.84703  1.80575  
2.02443  0.687527  
1.26876  3.22151  
1.3965  3.00767  
1.87969  1.66523  
1.33457  3.11586  
1.12355  3.4249  
1.16755  3.36727  
1.43509  2.93551  
1.0417  3.52363  
2.02631  0.663835  
1.51141  2.78077  
1.80961  1.95133  
0.911996  3.65941  
0.281683  4.02307  
2.028  0.641688  
1.75003  2.15705  
0.956002  3.61604  
0.998385  3.57168  
1.85231  1.78399  
1.55749  2.67866  
0.827783  3.73513  
1.58788  2.60729  
0.781143  3.77313  
1.88425  1.64438  
1.23138  3.27759  
2.02951  0.621157  
1.083  3.47515  
1.66181  2.41817  
1.90886  1.526  
2.03087  0.601967  
0.869877  3.69845  
