2.05  0.0506283  
0.206918  4.03767  
1.25492  3.24259  
1.53556  2.72815  
1.68253  2.3607  
0.893854  3.67652  
1.77239  2.08311  
1.83219  1.86529  
0.693551  3.83726  
1.06958  3.49119  
1.87427  1.68954  
1.36203  3.06899  
1.90517  1.54446  
0.568917  3.91302  
1.92854  1.42274  
1.42373  2.95715  
1.94661  1.31942  
1.15185  3.38822  
1.58017  2.62573  
1.96101  1.22993  
0.982102  3.58903  
0.808091  3.75151  
0.485255  3.95413  
1.97254  1.15244  
1.46176  2.88332  
1.60998  2.55317  
1.98198  1.0843  
1.70571  2.29376  
1.2969  3.17745  
1.98979  1.02407  
1.19555  3.32885  
0.426188  3.9786  
1.99634  0.970368  
1.63049  2.50117  
1.7224  2.2437  
1.48616  2.83385  
2.00188  0.922194  
0.760112  3.78938  
1.78586  2.03674  
0.647675  3.86722  
1.02411  3.54349  
1.10669  3.44612  
0.382728  3.99426  
2.0066  0.878754  
0.93885  3.63326  
1.32175  3.13717  
0.854465  3.71215  
1.38439  3.02954  
2.01067  0.839353  
1.73463  2.20593  
1.64487  2.46361  
1.79611  2.00048  
2.0142  0.803435  
1.22009  3.29401  
1.8407  1.83146  
1.50216  2.80043  
0.349768  4.00481  
2.01728  0.770629  
1.54932  2.6973  
2.01997  0.740569  
1.74373  2.17725  
0.619196  3.88459  
1.80401  1.97194  
2.02238  0.712474  
0.732666  3.80977  
1.65522  2.43601  
1.84737  1.8044  
0.541691  3.92724  
2.02448  0.686931  
0.324278  4.01221  
1.27154  3.21723  
1.3984  3.0042  
1.87989  1.66431  
1.12667  3.42092  
1.33686  3.11203  
1.17056  3.36322  
1.43681  2.93218  
1.04545  3.51934  
2.02636  0.663252  
1.51286  2.77766  
1.81003  1.94977  
2.02805  0.641005  
0.916965  3.65465  
1.75058  2.15527  
1.00241  3.56734  
0.960361  3.6116  
1.85266  1.78255  
1.55872  2.67584  
0.833337  3.73043  
1.58898  2.60462  
0.78707  3.76846  
1.88447  1.64337  
1.23428  3.27334  
2.02956  0.62043  
1.08647  3.47096  
0.30415  4.01757  
1.66262  2.41597  
1.90908  1.52488  
2.03092  0.601135  
0.875284  3.69357  
