2.05  0.0503578  
0.206918  4.03767  
1.25492  3.24259  
1.53556  2.72814  
1.68254  2.36068  
0.893812  3.67656  
1.7724  2.08307  
1.83219  1.86526  
0.693462  3.83732  
1.06957  3.4912  
1.87428  1.68953  
1.362  3.06904  
1.90513  1.54464  
0.568849  3.91305  
1.92848  1.42307  
1.42371  2.95718  
1.94659  1.31959  
1.15189  3.38817  
1.58016  2.62574  
1.96092  1.23047  
0.982079  3.58906  
0.80804  3.75155  
0.485288  3.95411  
1.97247  1.15289  
1.46174  2.88336  
1.60997  2.55319  
1.98191  1.08481  
1.70565  2.29393  
1.29689  3.17747  
1.98973  1.02454  
1.19557  3.32882  
0.426213  3.97859  
1.99628  0.970825  
1.63051  2.50111  
1.72234  2.24388  
1.48613  2.8339  
2.00183  0.92258  
0.760101  3.78939  
1.78586  2.03674  
0.647639  3.86724  
1.02406  3.54354  
1.10674  3.44606  
2.00656  0.879126  
0.382783  3.99424  
0.938819  3.63329  
1.32173  3.1372  
1.38432  3.02965  
0.854436  3.71218  
2.01063  0.839715  
1.7346  2.20604  
1.64492  2.46349  
1.79607  2.00062  
2.01416  0.803862  
1.2201  3.29399  
1.84066  1.83163  
1.50214  2.80048  
0.349867  4.00478  
2.01723  0.771091  
1.54932  2.69729  
2.01993  0.741022  
1.7437  2.17734  
0.619175  3.8846  
1.8039  1.97232  
2.02232  0.713244  
0.73261  3.80981  
1.65518  2.43611  
1.8473  1.80465  
0.541879  3.92714  
2.02443  0.687571  
0.324374  4.01218  
1.39836  3.00428  
1.27155  3.21721  
1.8799  1.66429  
1.12671  3.42087  
1.33684  3.11205  
1.17061  3.36315  
1.43679  2.93223  
1.04542  3.51938  
2.02631  0.663839  
1.51282  2.77775  
1.80995  1.95007  
2.02799  0.641824  
0.916933  3.65468  
1.75052  2.15546  
1.85256  1.78293  
0.960371  3.61159  
1.00238  3.56737  
1.55872  2.67585  
0.833325  3.73044  
1.58895  2.6047  
0.787091  3.76844  
1.88443  1.64356  
1.23428  3.27334  
2.0295  0.621266  
1.08648  3.47094  
0.304249  4.01755  
1.66256  2.41614  
1.90903  1.52515  
2.03086  0.602059  
0.875254  3.6936  
