2.05  0.0501534  0.050172  
0.0537533  4.05042  0.0568672  
0.190352  0.19035  6.0315  
0.537537  2.5343  4.51927  
0.906758  2.904  3.37666  
0.967668  1.45134  4.94924  
1.08735  3.08537  2.41322  
1.10983  0.509973  5.09131  
1.18694  3.18594  1.54651  
0.0516162  3.16738  3.80958  
1.22542  2.07896  3.83192  
1.23787  3.23744  0.717101  
0.0546007  1.97793  5.30707  
1.32695  1.35501  4.23243  
1.36088  2.3883  2.91915  
1.36181  0.0500312  4.57905  
1.36343  3.06815  0.0507367  
0.312513  3.42246  3.17887  
1.45858  2.46456  2.31858  
1.46944  1.52636  3.65037  
1.49542  0.842008  4.0231  
1.51603  2.52457  1.75448  
0.550182  3.51634  2.64502  
1.51635  1.85527  3.10214  
1.53138  0.32276  4.06027  
0.854598  0.0531128  5.54305  
1.55446  2.57225  1.19802  
0.0557934  2.47846  4.81765  
0.705852  3.56879  2.11629  
0.377758  1.50033  5.55458  
1.58346  1.9674  2.61316  
1.58283  2.60185  0.505325  
1.58917  1.07387  3.55999  
1.59627  2.59057  0.0512177  
0.0523801  3.60171  2.80994  
1.62195  1.42828  3.13004  
1.62565  0.646326  3.63548  
1.6275  2.07446  2.14517  
1.62819  0.0531335  3.73562  
0.935913  3.62917  0.392328  
0.155317  2.77771  4.42714  
0.837789  2.52255  4.13155  
0.840519  2.13755  4.58547  
1.66524  1.57696  2.74709  
1.66847  2.18748  1.51507  
0.492285  1.13802  5.66925  
1.69207  0.982486  3.18722  
0.263852  3.69487  2.4369  
1.69753  1.72538  2.35305  
0.0534845  1.37469  5.71141  
1.70341  0.408374  3.38274  
0.991472  3.5859  0.0534666  
1.71138  0.0686396  3.39047  
0.603405  3.71523  1.78742  
1.71864  1.22518  2.84898  
0.507102  2.14224  4.97648  
1.71997  2.23918  0.415271  
0.99992  1.81039  4.62234  
0.649279  1.66727  5.23486  
1.73445  1.76827  2.00462  
1.73483  2.22749  0.0555669  
0.512624  2.84418  4.11288  
1.05048  2.59387  3.57575  
1.05374  0.20701  5.23431  
1.74679  1.40053  2.49631  
0.607684  3.12205  3.5093  
0.555808  0.838  5.73334  
0.639964  3.75491  1.46546  
0.793862  3.22337  2.95813  
1.76483  0.374652  3.09914  
0.941813  2.2381  4.30082  
0.0521757  3.3118  3.52295  
1.08021  2.8035  3.11415  
1.77013  0.0837783  3.11067  
0.2598  3.77069  2.16095  
1.77406  0.928807  2.79359  
1.78148  1.49013  2.16798  
1.78397  1.96256  0.938979  
0.593465  0.575109  5.77026  
1.79137  1.68912  1.70081  
1.18448  2.82274  2.73114  
1.10566  1.22268  4.83288  
0.599837  0.0500361  5.81881  
0.25215  2.21933  5.05438  
0.724073  1.39159  5.32835  
0.717563  1.89188  4.98519  
1.79983  0.573157  2.84959  
1.80248  1.11391  2.46129  
0.0528115  1.11905  5.83174  
0.255892  2.91887  4.18522  
0.843137  3.26621  2.71791  
1.81085  0.300607  2.87141  
1.08928  1.88023  4.37926  
1.79466  1.98989  0.650837  
0.335372  3.81394  1.89668  
1.81495  0.0626286  2.87738  
0.670044  2.88806  3.84699  
1.23032  2.84175  2.48422  
1.80329  1.99949  0.0555669  
0.76546  3.78961  0.0526129  
