2.06987  0.0698697  
0.0756583  4.07566  
1.26756  3.27333  
1.55203  2.75556  
1.70051  2.3859  
0.900417  3.70866  
1.7912  2.10655  
1.85123  1.88838  
0.699544  3.87498  
1.08048  3.52166  
1.89359  1.71187  
1.37671  3.09785  
1.92482  1.56544  
0.57307  3.94919  
1.94821  1.44375  
1.43936  2.98502  
1.16405  3.41817  
1.96644  1.33952  
1.59722  2.6523  
1.9809  1.24969  
0.991572  3.61978  
0.486788  3.98936  
0.816006  3.79054  
1.99251  1.17168  
1.4778  2.91079  
1.62737  2.57921  
2.00221  1.10156  
1.72383  2.31879  
1.31073  3.20691  
0.425458  4.01408  
2.00999  1.04139  
1.20815  3.35884  
2.01651  0.987708  
1.64808  2.52693  
1.74076  2.26817  
1.50235  2.86128  
2.02207  0.939279  
0.768117  3.82722  
1.80475  2.06002  
0.379147  4.02933  
1.03456  3.57379  
1.11843  3.47605  
0.654095  3.90368  
0.947262  3.66442  
0.856975  3.74709  
2.02694  0.894313  
1.3362  3.16594  
1.39938  3.05812  
2.03092  0.855419  
1.75315  2.23006  
1.66269  2.48891  
1.81523  2.02305  
0.342548  4.03983  
2.03449  0.81897  
1.23279  3.32417  
1.8598  1.85441  
1.51856  2.82761  
2.03822  0.778743  
1.56599  2.72437  
2.04094  0.747736  
1.76244  2.20078  
0.625435  3.92047  
0.313198  4.04734  
1.82305  1.99484  
0.740406  3.84726  
1.67296  2.4616  
1.8665  1.82727  
0.546179  3.96245  
2.0436  0.716056  
1.2847  3.24742  
1.41362  3.03255  
1.89943  1.6857  
1.13874  3.4507  
1.45259  2.9599  
1.18309  3.39297  
1.35124  3.1411  
1.05623  3.54958  
2.04574  0.689368  
0.289729  4.05274  
1.5293  2.8049  
0.924683  3.68612  
1.82917  1.9724  
1.01252  3.59774  
0.969557  3.6423  
2.0479  0.661156  
1.76931  2.17883  
1.57555  2.70268  
1.87226  1.80351  
1.60613  2.63102  
1.9042  1.6639  
1.0978  3.50112  
1.24704  3.30363  
0.795501  3.80671  
2.04944  0.640065  
0.880138  3.72691  
1.6806  2.44099  
1.92879  1.54557  
2.05089  0.619674  
0.269283  4.05686  
0.606653  3.93105  
