2.03065  0.0306483  
0.0327919  4.03065  
1.23065  3.23065  
1.5139  2.7139  
1.66185  2.3451  
0.865503  3.66549  
1.75218  2.06664  
1.81225  1.84822  
0.661386  3.82652  
1.04416  3.47901  
1.8545  1.67205  
1.3391  3.05584  
1.88547  1.52683  
0.533104  3.90236  
1.9089  1.40495  
1.40142  2.94337  
1.92712  1.30091  
1.12731  3.37569  
1.55891  2.61089  
1.94147  1.21177  
0.95572  3.57705  
0.445928  3.94347  
0.779021  3.74006  
1.95322  1.13287  
1.43977  2.86921  
1.58896  2.53797  
1.96289  1.06304  
1.68513  2.27804  
1.27331  3.16485  
0.383257  3.96799  
1.97065  1.00304  
1.17129  3.31634  
1.97728  0.948518  
1.60961  2.48576  
1.70194  2.22773  
1.46432  2.81962  
0.730365  3.77786  
1.98282  0.900188  
0.336263  3.98367  
1.76572  2.02013  
0.615072  3.85606  
0.998351  3.53125  
1.08188  3.43354  
0.911771  3.62154  
1.98773  0.85483  
1.29849  3.12423  
1.36171  3.01612  
0.826106  3.70066  
1.99176  0.815604  
1.71425  2.1898  
1.62413  2.44793  
0.299843  3.99425  
1.77602  1.98376  
1.99532  0.779182  
1.19589  3.28162  
1.82078  1.81438  
1.48042  2.78613  
1.99945  0.734426  
1.52783  2.68278  
0.586033  3.87333  
0.27088  4.00169  
1.7234  2.16098  
2.00214  0.703627  
1.78389  1.95538  
0.702226  3.7984  
1.63445  2.42047  
0.505774  3.91614  
1.82746  1.78733  
2.00447  0.675751  
1.2476  3.20493  
1.37589  2.9906  
1.31378  3.09891  
1.86017  1.64665  
1.10205  3.40828  
1.41465  2.91824  
1.14621  3.35059  
1.01994  3.50703  
2.00694  0.644706  
0.247311  4.00711  
1.49116  2.76334  
0.889416  3.64314  
1.78996  1.93309  
2.00863  0.622617  
0.933782  3.5996  
1.73026  2.13903  
0.976434  3.55513  
1.83274  1.76555  
1.53732  2.6612  
0.804845  3.7188  
1.56779  2.5897  
0.757955  3.75679  
1.86472  1.62586  
1.21012  3.26103  
2.01015  0.601882  
1.06139  3.45852  
1.64187  2.40042  
1.88938  1.50729  
0.227822  4.01116  
2.01151  0.582724  
0.847048  3.68222  
