2.04859  0.0485894  0.0485889  
0.0486059  4.04861  0.0486059  
0.0485536  0.0485536  6.04855  
0.529397  2.52848  4.53014  
0.901829  2.90249  3.38352  
0.961939  1.44155  4.96065  
1.08464  3.08365  2.41792  
1.103  0.491919  5.10336  
1.1847  3.185  1.54971  
0.0485689  3.15699  3.8248  
1.22138  1.80276  4.13471  
1.23578  3.23481  0.736899  
0.0485508  1.96983  5.31111  
1.32071  2.1743  3.40553  
1.34134  1.03839  4.37951  
1.34501  3.09457  0.0486412  
1.36402  0.0608872  4.56817  
1.38656  2.42178  2.73523  
0.305784  3.42034  3.18342  
1.46249  2.50748  2.1476  
1.46647  1.58982  3.59298  
1.51562  0.633576  4.03144  
0.552872  3.50761  2.65483  
1.52023  2.54698  1.61916  
1.53435  1.87389  2.98736  
0.449199  1.4569  5.53436  
1.53739  0.119792  4.05367  
0.854979  0.0486163  5.53934  
1.5506  2.59189  1.11694  
0.0485935  2.4686  4.82594  
0.702026  3.56726  2.12565  
1.56998  2.61681  0.621933  
1.57918  1.12167  3.55924  
1.57942  2.6219  0.151418  
1.58465  2.02676  2.49144  
0.0820157  3.60354  2.79717  
1.61799  1.43869  3.12829  
1.62673  0.69741  3.60368  
0.927115  3.63204  0.45356  
1.63244  2.12184  1.98659  
0.927915  3.64133  0.0486339  
1.64466  0.29129  3.64616  
0.0485697  1.49437  5.64292  
0.831998  2.51913  4.14044  
0.151922  2.7687  4.43689  
1.66178  1.63653  2.67699  
0.834445  2.13136  4.59623  
1.66772  2.16801  1.56676  
1.67548  1.06238  3.19008  
0.491647  1.09262  5.68606  
1.68787  2.25104  0.998348  
0.25525  3.69313  2.44253  
1.69937  1.76055  2.26923  
1.70198  2.26519  0.634287  
0.977904  2.55872  3.79703  
1.70585  0.709592  3.25781  
1.70719  2.27923  0.272869  
1.70957  1.29493  2.81911  
1.71309  0.0894137  3.37445  
0.593018  3.71524  1.80795  
0.503278  2.13767  4.98044  
0.513776  2.83785  4.11715  
1.73376  1.84709  1.82819  
0.652251  1.67261  5.22421  
1.05504  0.17798  5.23017  
1.74622  1.41641  2.46844  
0.553741  0.786563  5.74751  
1.74862  0.951547  2.90419  
1.08995  2.78659  3.11032  
0.630951  3.74921  1.50977  
1.75348  1.95354  1.34905  
0.792747  3.20991  2.97508  
1.76072  0.462756  3.08693  
0.307541  3.76422  2.13062  
0.937154  2.23206  4.31084  
0.0485461  3.30151  3.5401  
1.77046  0.180703  3.09439  
1.06393  1.57444  4.68353  
1.77278  1.49116  2.19307  
0.186889  1.21606  5.77334  
1.77388  1.97969  0.958378  
1.77596  1.11505  2.61513  
0.658118  3.78282  1.19286  
0.588808  0.516214  5.78282  
1.78248  2.01602  0.537083  
1.78769  2.02194  0.200571  
1.78851  1.5834  1.92229  
0.0486776  3.76106  2.28235  
0.246266  2.21476  5.05758  
1.79656  0.622063  2.83456  
1.79466  1.70295  1.61603  
1.07074  2.30882  3.93529  
1.1377  2.83369  2.8579  
1.09464  1.21595  4.85344  
0.606296  0.258418  5.80205  
0.807742  1.24993  5.29907  
0.67941  3.80198  0.948544  
1.8051  1.24523  2.28661  
0.269954  2.90626  4.19412  
1.81677  0.183025  2.85946  
