2.03222  0.0322207  
0.0430477  4.03216  
1.23225  3.23218  
1.51549  2.71544  
1.66343  2.34665  
0.867116  3.66703  
1.75376  2.06819  
1.81383  1.84977  
0.663012  3.82806  
1.04576  3.48054  
1.85608  1.67362  
1.34069  3.05739  
1.88703  1.52844  
0.534745  3.9039  
1.91045  1.40665  
1.40301  2.9449  
1.9286  1.30303  
1.12892  3.37722  
1.56047  2.61248  
1.943  1.21363  
0.957315  3.5786  
0.44758  3.94501  
0.780644  3.74159  
1.95457  1.13595  
1.44135  2.87077  
1.59053  2.53955  
1.96404  1.06774  
1.68671  2.2796  
1.2749  3.16639  
0.384945  3.96952  
1.97189  1.00728  
1.1729  3.31786  
1.97846  0.95344  
1.61119  2.4873  
1.7035  2.22935  
1.4659  2.82117  
0.731973  3.7794  
1.98401  0.905225  
0.33797  3.9852  
1.76731  2.02167  
0.616712  3.85759  
0.999955  3.53279  
1.08347  3.43509  
0.913367  3.62309  
1.98874  0.861746  
1.30008  3.12578  
1.3633  3.01767  
1.99282  0.822276  
0.827716  3.7022  
1.71583  2.19135  
1.62569  2.44953  
0.301535  3.99579  
1.77757  1.98541  
1.99635  0.78635  
1.19751  3.28312  
1.82234  1.81602  
1.482  2.78768  
1.99943  0.753521  
1.5294  2.68435  
2.00214  0.723417  
0.587674  3.87486  
0.27259  4.00323  
1.72498  2.16253  
1.78544  1.95702  
0.703837  3.79994  
2.00452  0.695645  
1.636  2.4221  
0.50741  3.91768  
1.82901  1.78896  
1.2492  3.20647  
2.00663  0.670063  
1.37748  2.99214  
1.86173  1.64828  
1.31536  3.10047  
1.10365  3.40982  
1.41624  2.91978  
1.14781  3.35213  
1.02153  3.50857  
2.00852  0.646162  
0.249009  4.00865  
1.49273  2.76491  
0.891024  3.64468  
1.79152  1.9347  
2.0102  0.624102  
0.935374  3.60115  
1.73183  2.1406  
0.978026  3.55668  
1.83431  1.76714  
1.53889  2.66276  
0.806456  3.72034  
1.56935  2.59131  
0.759553  3.75834  
1.86627  1.62752  
1.21171  3.26258  
2.01172  0.603511  
1.06298  3.46006  
1.64342  2.40207  
1.89094  1.50891  
0.229525  4.01271  
2.01308  0.584236  
