2.04559  0.045586  
0.120723  4.07463  
1.26129  3.29042  
1.54216  2.78707  
0.904152  3.71756  
1.68881  2.43028  
1.77829  2.16302  
1.83777  1.9551  
0.703685  3.87437  
1.07666  3.53284  
1.36988  3.11804  
1.87963  1.78893  
1.91022  1.65362  
0.577626  3.94868  
1.93338  1.54128  
1.43193  3.00781  
1.1596  3.43115  
1.5874  2.68572  
1.95131  1.44701  
0.491885  3.98895  
0.991798  3.63261  
0.81955  3.78979  
1.96549  1.36684  
1.46997  2.9355  
1.61744  2.61443  
1.97689  1.29804  
1.71234  2.36436  
1.3044  3.22494  
0.430326  4.01314  
1.98636  1.23754  
1.20316  3.37314  
1.99409  1.1855  
1.63809  2.56338  
1.72922  2.31529  
1.49415  2.88747  
0.771856  3.82657  
0.384306  4.0286  
1.79206  2.11736  
0.65824  3.9032  
1.11453  3.48781  
2.00061  1.13958  
1.03303  3.58893  
0.949365  3.67505  
1.32968  3.18476  
2.00597  1.09988  
1.39263  3.0787  
0.865862  3.75142  
1.74152  2.27853  
1.6524  2.52697  
0.348528  4.03905  
1.80248  2.08191  
2.01058  1.06451  
1.2274  3.33939  
1.84654  1.92185  
1.50995  2.85523  
2.0145  1.03331  
1.55638  2.75596  
0.319579  4.04586  
0.629669  3.92011  
2.01789  1.00555  
1.75059  2.25079  
0.74409  3.8467  
1.8104  2.05432  
0.550823  3.9621  
1.66253  2.5007  
1.85338  1.89534  
1.27864  3.26454  
1.40682  3.05356  
1.34497  3.15984  
1.13471  3.46287  
1.4452  2.98305  
1.88549  1.76396  
2.02093  0.979723  
1.17851  3.40639  
0.29598  4.05137  
1.05395  3.56586  
2.02358  0.956757  
1.52042  2.83346  
0.927709  3.69574  
1.56598  2.73457  
1.81645  2.03293  
1.59645  2.6646  
0.970851  3.65384  
1.75736  2.22978  
1.8587  1.87442  
0.845047  3.769  
1.01226  3.61151  
0.798991  3.80601  
1.09404  3.51246  
1.89014  1.74389  
1.24139  3.31945  
2.02594  0.935724  
1.66977  2.48158  
1.91436  1.63432  
0.272909  4.05622  
0.61141  3.93045  
0.532632  3.97077  
0.886283  3.73353  
2.02787  0.917986  
0.686225  3.88576  
