2.07223  0.0722256  0.0722256  
0.0622829  4.06228  0.0622829  
0.0952381  0.0952381  6.09524  
0.556849  2.5468  4.57973  
0.945075  2.9339  3.45269  
0.983071  1.45582  5.00615  
1.1127  3.10181  2.49302  
1.12816  0.509085  5.15126  
0.0823149  3.1912  3.85767  
1.21621  3.2064  1.6371  
1.24652  1.83168  4.16731  
1.26449  3.2541  0.828261  
1.31864  3.21078  0.0762133  
0.076336  1.98086  5.35235  
1.34281  2.20567  3.43897  
1.36092  1.02346  4.4401  
1.39085  0.107684  4.59878  
1.41239  2.44154  2.77647  
0.362022  3.43842  3.23002  
1.46778  2.59835  2.15703  
1.49446  1.60004  3.63769  
1.51965  2.65347  1.60472  
0.575705  3.52511  2.69248  
1.53584  1.06262  3.90372  
1.54961  0.534201  4.0766  
1.55271  2.69094  1.08438  
0.467214  1.46447  5.58001  
1.55793  1.92382  3.0058  
1.57309  2.70938  0.576138  
0.870175  0.0818307  5.59605  
1.57878  2.71692  0.0768431  
0.0761971  2.48582  4.86498  
0.730846  3.57793  2.19656  
1.60352  2.12998  2.42686  
1.60445  0.0780733  3.95264  
0.0761566  3.61208  2.88131  
1.63311  1.46151  3.221  
1.64446  2.20477  1.99111  
0.79031  3.63663  1.77074  
1.65255  1.02478  3.48567  
0.855476  3.65208  1.3612  
1.67528  2.25658  1.59346  
0.850908  2.54879  4.18411  
0.105502  2.79775  4.47201  
1.68091  1.73651  2.65758  
0.0761166  1.46203  5.70432  
0.857074  2.15718  4.63709  
1.68363  0.631641  3.55014  
0.930225  3.67449  0.628615  
1.69198  2.31108  1.21137  
0.939603  3.68296  0.245001  
1.69884  0.255865  3.57647  
1.70518  2.34228  0.843206  
0.510243  1.09905  5.73533  
1.71451  2.3575  0.46307  
1.72061  2.36172  0.0883682  
1.72062  1.38603  2.87837  
1.72199  1.84944  2.21305  
0.270447  3.71412  2.52467  
0.998366  2.59028  3.84064  
1.7315  1.03518  3.12517  
0.530983  2.15973  5.02647  
1.74956  0.713482  3.22426  
1.7507  1.93488  1.8124  
0.531408  2.87173  4.14894  
1.07395  0.194725  5.27805  
0.424289  3.75547  2.21776  
1.76591  1.54305  2.41852  
1.76638  0.319707  3.27024  
0.680685  1.687  5.27435  
1.77209  1.991  1.4492  
0.571556  0.800157  5.79588  
1.11729  2.80639  3.18444  
0.817758  3.22738  3.02386  
1.7806  1.09497  2.82915  
1.78409  2.05111  1.08577  
0.958743  2.26101  4.34898  
1.08133  1.60634  4.72685  
0.103266  3.33339  3.5768  
0.0763491  3.78478  2.32346  
1.79491  2.07004  0.780416  
0.513233  3.78446  1.93957  
1.79769  1.6608  2.0138  
0.232749  1.1826  5.82325  
1.80025  0.809991  2.93938  
1.80323  2.08038  0.475495  
1.80714  2.08427  0.0774861  
0.606592  0.514869  5.83234  
1.80965  1.27301  2.48672  
1.81476  0.545852  2.97856  
0.276241  2.23108  5.09562  
1.15925  2.84863  2.93152  
0.562995  3.80969  1.65978  
1.81991  0.274818  3.00438  
1.8203  1.68595  1.76019  
0.619162  0.262821  5.84423  
0.271723  2.94284  4.21863  
1.09134  2.34103  3.97403  
1.11352  1.23114  4.9041  
0.740463  1.90866  5.03156  
