2.07062  0.0706175  0.0706178  
0.0671785  4.06718  0.0671785  
0.0544378  0.0544378  6.05444  
0.557768  2.55434  4.54105  
0.92755  2.92409  3.39786  
0.987756  1.47044  4.97165  
1.10839  3.10488  2.4354  
1.12975  0.529451  5.11349  
1.20835  3.20428  1.57249  
0.0705987  3.18523  3.83529  
1.24574  1.83063  4.14513  
1.25884  3.25509  0.760309  
0.0706058  2.00632  5.32125  
1.34457  2.19798  3.4187  
1.36506  1.06174  4.39611  
1.36691  3.11672  0.0706315  
1.38231  0.0706393  4.59997  
1.40915  2.44317  2.75565  
0.339497  3.44413  3.19204  
1.48422  2.53043  2.16853  
1.49017  1.6144  3.60639  
1.53624  0.643718  4.06172  
1.53698  2.58348  1.63303  
0.575904  3.53483  2.6593  
1.55373  1.92595  2.97895  
1.55647  0.125608  4.08596  
0.476827  1.49556  5.54295  
0.882201  0.0779539  5.55437  
1.57192  2.61719  1.13053  
0.0705958  2.50566  4.8307  
0.728392  3.58661  2.14197  
1.5921  2.63823  0.64751  
1.59919  1.14317  3.58965  
1.60033  2.64665  0.167282  
1.60615  2.06377  2.48747  
0.0708936  3.62096  2.83444  
1.63379  1.48903  3.14979  
1.64598  0.71819  3.63715  
0.783974  3.64304  1.71526  
1.65399  2.14454  2.00958  
0.951617  3.65126  0.479493  
0.955635  3.65764  0.0706025  
1.66413  0.311363  3.67831  
0.0705905  1.54786  5.64641  
0.855694  2.1658  4.60663  
0.858021  2.54279  4.15336  
1.68386  1.65506  2.70282  
1.68484  2.19444  1.62001  
0.18202  2.79896  4.44551  
1.69401  1.10168  3.21526  
1.70231  2.24861  1.23937  
0.521336  1.13458  5.69417  
1.71528  2.28335  0.871029  
0.269364  3.71242  2.47961  
1.72173  1.75229  2.32923  
1.72357  0.753864  3.28919  
1.7244  2.29995  0.520933  
1.72773  0.0726864  3.42995  
1.00252  2.58207  3.81123  
1.72945  1.31248  2.85715  
1.72997  2.30281  0.165041  
0.523955  2.17423  4.98929  
0.540598  2.86847  4.12025  
1.75537  1.86435  1.86393  
0.416082  3.75488  2.16456  
0.677067  1.7087  5.23324  
1.07785  0.228875  5.24876  
1.76724  0.988041  2.93411  
1.76803  1.44306  2.48529  
0.58311  0.834471  5.75598  
1.77474  1.9513  1.45137  
1.1138  2.80911  3.12549  
0.813062  3.23803  2.9802  
1.77661  0.502497  3.13437  
0.664631  3.77929  1.44096  
0.0705923  3.33459  3.5389  
1.78644  0.215491  3.14561  
0.961125  2.25921  4.32327  
1.78963  1.98924  1.13022  
0.0706157  3.78866  2.28337  
0.238235  1.26917  5.77644  
1.08915  1.60246  4.69477  
1.79565  1.16454  2.62519  
1.79638  1.51655  2.18985  
1.79989  2.01515  0.832008  
1.80656  2.03392  0.533266  
0.688212  3.80315  1.17543  
0.619173  0.571312  5.79145  
1.80868  0.734825  2.86713  
1.81089  2.03884  0.242984  
1.81163  1.60558  1.92528  
0.671943  2.92874  3.86089  
0.2668  2.25089  5.06643  
0.413155  3.81644  1.90751  
1.09579  2.33315  3.94655  
1.23669  2.85764  2.57769  
0.861043  3.28779  2.73309  
1.82418  0.48563  2.88808  
1.119  1.24708  4.86701  
1.82681  0.0714932  2.94165  
