2.03636  0.0363646  
0.0748763  4.03562  
1.23666  3.23592  
1.51976  2.71931  
1.66765  2.35059  
0.871754  3.67071  
1.75795  2.07218  
1.818  1.85381  
0.667864  3.83173  
1.05023  3.4843  
1.86024  1.67767  
1.34503  3.0612  
1.8912  1.53246  
0.539807  3.90756  
1.91461  1.41068  
1.40732  2.94874  
1.93277  1.30705  
1.13335  3.38099  
1.56472  2.61638  
1.94713  1.21782  
0.961854  3.58233  
0.452852  3.94867  
0.785324  3.74531  
1.95871  1.14016  
1.44565  2.87462  
1.59475  2.54349  
1.9682  1.07175  
1.69092  2.28352  
1.27927  3.17017  
0.390419  3.97319  
1.97604  1.0114  
1.17731  3.32163  
1.9826  0.957593  
1.61541  2.49124  
1.70771  2.23328  
1.47018  2.82504  
0.736702  3.78311  
1.98815  0.909383  
0.343646  3.98887  
1.7715  2.02565  
0.621592  3.86129  
1.00445  3.53655  
1.08791  3.43886  
0.917946  3.6268  
1.9929  0.865714  
1.30444  3.12958  
1.36762  3.0215  
0.832359  3.70591  
1.99698  0.826298  
1.72002  2.19534  
1.62991  2.45347  
1.78176  1.9894  
0.307469  3.99945  
2.00051  0.790401  
1.20191  3.2869  
1.8265  1.82008  
1.48627  2.79156  
2.00361  0.757374  
1.53367  2.68822  
2.00631  0.727178  
0.592586  3.87856  
1.72917  2.16655  
0.278705  4.00689  
1.78964  1.96099  
0.708611  3.80364  
2.00872  0.699174  
1.64022  2.42604  
0.512494  3.92136  
1.83318  1.79301  
1.25359  3.21023  
2.01083  0.673513  
1.3818  2.99596  
1.86589  1.65235  
1.31972  3.10426  
1.10808  3.41359  
1.42054  2.92363  
1.15223  3.35591  
1.02602  3.51233  
2.01271  0.649806  
0.255322  4.01232  
1.497  2.7688  
0.895622  3.64839  
1.79572  1.93864  
2.01439  0.627687  
1.73602  2.14461  
0.939929  3.60488  
0.982541  3.56042  
1.83847  1.77122  
1.54315  2.66665  
0.811108  3.72406  
1.5736  2.5952  
0.764257  3.76204  
1.87045  1.63151  
1.21612  3.26633  
2.01589  0.607188  
1.06744  3.46384  
1.64763  2.40602  
1.89511  1.51292  
0.236024  4.01638  
2.01728  0.587642  
