2.03149  0.0314883  
0.0879606  4.02989  
1.23212  3.23052  
1.51504  2.71406  
1.66286  2.34543  
0.867496  3.66525  
1.75313  2.06708  
1.81318  1.84869  
0.663868  3.82626  
1.04578  3.47891  
1.85542  1.67251  
1.3404  3.05586  
1.88636  1.52737  
0.536075  3.90208  
1.90977  1.40558  
1.40267  2.94342  
1.92793  1.30189  
1.12882  3.37564  
1.55998  2.61116  
1.9423  1.21264  
0.957423  3.57697  
0.449379  3.94319  
0.781124  3.73987  
1.95388  1.13488  
1.44098  2.86932  
1.59  2.53828  
1.96336  1.06653  
1.68614  2.27835  
1.27468  3.16482  
0.3872  3.9677  
1.97119  1.00623  
1.17277  3.31628  
1.97774  0.952479  
1.61064  2.48607  
1.70293  2.22808  
1.46548  2.81977  
0.732546  3.77768  
1.9833  0.904194  
0.340691  3.98339  
1.7667  2.02048  
0.617631  3.85584  
0.999988  3.53119  
1.08341  3.4335  
0.913585  3.62141  
1.98805  0.86058  
1.29981  3.12427  
1.36299  3.01617  
0.828103  3.70048  
1.99212  0.821176  
1.71527  2.19005  
1.62516  2.44825  
1.77699  1.98413  
0.304755  3.99397  
1.99568  0.78495  
1.19736  3.28154  
1.82169  1.81492  
1.48157  2.78629  
1.99875  0.752184  
1.52892  2.68302  
2.00146  0.721972  
0.588665  3.87312  
1.72441  2.16127  
0.276271  4.00141  
1.78486  1.95569  
0.704506  3.7982  
2.00383  0.694333  
1.63546  2.42082  
0.508784  3.9159  
1.82838  1.78777  
1.24903  3.20486  
2.00595  0.668592  
1.37715  2.99065  
1.3151  3.09893  
1.86109  1.64708  
1.10356  3.40826  
1.1477  3.35055  
1.41593  2.9182  
1.02156  3.50697  
2.00783  0.644803  
0.253186  4.00683  
1.49229  2.76353  
0.891278  3.64299  
1.79094  1.93337  
2.00951  0.622783  
0.935524  3.59951  
1.73124  2.13938  
0.978076  3.55509  
1.83366  1.76601  
1.5384  2.66145  
0.80687  3.71863  
1.56885  2.59  
0.760063  3.75662  
1.86567  1.62616  
1.21156  3.26098  
1.06296  3.45846  
2.01105  0.601787  
1.64286  2.40083  
1.89029  1.50774  
2.01241  0.582555  
0.234165  4.01089  
