2.05362  0.0536163  0.0536163  
0.052148  4.05215  0.052148  
0.05229  0.0522901  6.05215  
0.533549  2.53231  4.53237  
0.906742  2.90521  3.38564  
0.965655  1.4443  4.96427  
1.08962  3.08784  2.42169  
1.10793  0.497836  5.10663  
1.18906  3.18741  1.55687  
0.0521484  3.16464  3.82082  
1.22685  1.80637  4.13619  
1.2394  3.23818  0.741172  
0.0492346  1.9711  5.31131  
1.32514  2.1768  3.40756  
1.34429  1.02019  4.39553  
1.34975  3.09599  0.0521489  
1.36414  0.0521479  4.58073  
1.38992  2.42367  2.74268  
0.305366  3.43305  3.16745  
1.46684  2.50767  2.15557  
1.47085  1.59337  3.59348  
1.51511  1.05447  3.85707  
1.51944  2.56109  1.62065  
0.552772  3.52024  2.63712  
1.52441  0.52526  4.0507  
1.53537  1.90188  2.96802  
0.856685  0.0519192  5.54475  
1.5544  2.59553  1.11736  
0.0492262  2.47221  4.82317  
0.37414  1.48814  5.56922  
0.706518  3.56952  2.12803  
1.57123  0.0521492  3.95489  
1.57452  2.61676  0.637505  
1.58331  2.62439  0.165813  
1.58772  2.04171  2.47538  
1.60938  1.18905  3.4088  
0.0618957  3.61057  2.79353  
0.763273  3.62536  1.70173  
1.63501  2.10153  2.05244  
0.931709  3.63439  0.457552  
1.63943  0.773587  3.53839  
1.64024  1.48848  2.99491  
0.929643  3.64659  0.0521495  
1.66251  2.16826  1.66002  
0.835752  2.14188  4.59615  
1.66484  0.382521  3.56605  
0.838593  2.52081  4.14238  
0.155116  2.78067  4.42865  
1.67258  1.65984  2.61193  
1.68278  2.2215  1.27064  
0.488815  1.12026  5.68394  
1.69724  1.13093  3.05629  
1.70015  2.24427  0.91525  
1.70201  0.0521497  3.44355  
0.336677  3.69996  2.36128  
1.70585  1.7516  2.26334  
1.7074  2.29727  0.0521479  
0.982824  2.56288  3.79663  
0.0521499  1.37954  5.71215  
0.506822  2.14302  4.98196  
1.7277  1.33202  2.70682  
1.72941  0.806017  3.1185  
0.646448  1.65761  5.25042  
1.7365  1.82307  1.89883  
0.521315  2.84169  4.11547  
1.05619  0.194392  5.2369  
0.551425  0.815489  5.74824  
1.75192  0.503712  3.14054  
1.75528  1.44253  2.40683  
1.75641  1.89159  1.55103  
1.09347  2.79106  3.11191  
0.402424  3.75758  2.06086  
0.795249  3.21802  2.96406  
1.76302  0.213012  3.15026  
0.0534538  3.76334  2.2914  
1.76486  1.01932  2.78986  
0.638587  3.76366  1.43429  
0.944196  2.2373  4.3119  
0.0522485  3.3095  3.53479  
0.945852  1.8605  4.68399  
1.06713  1.57909  4.68706  
1.77792  1.91469  1.25782  
1.7803  1.51166  2.13274  
1.7806  2.02268  0.704472  
1.78551  0.750961  2.85582  
0.589042  0.543963  5.78466  
0.664918  3.78606  1.17061  
1.79032  2.02983  0.145181  
1.7905  1.17766  2.49204  
0.645369  2.90806  3.85759  
0.254201  2.21951  5.05848  
1.80198  1.56855  1.86259  
1.80222  0.448474  2.89512  
1.80244  0.0523555  2.95532  
0.718181  1.40598  5.33265  
1.14015  2.83776  2.86057  
0.239061  1.12975  5.80305  
1.21764  2.83868  2.56292  
0.608332  0.293957  5.80406  
0.84302  3.26636  2.72152  
