2.03693  0.0369341  0.0369341  
0.0369265  4.03693  0.0369265  
0.0369341  0.0369341  6.03693  
0.517491  2.51753  4.5176  
0.890878  2.89054  3.37147  
0.949769  1.43028  4.9494  
1.07288  3.07323  2.4077  
1.0922  0.4851  5.09226  
1.17315  3.17327  1.54402  
0.0369308  3.14993  3.80466  
1.21  1.79082  4.12276  
1.22358  3.22355  0.729045  
0.037077  1.95838  5.29962  
1.3089  2.16258  3.39438  
1.32853  1.01048  4.37896  
1.33128  3.08629  0.0369251  
1.34772  0.0368998  4.56853  
1.37346  2.40951  2.73089  
0.296299  3.40896  3.16915  
1.4489  2.49751  2.14271  
1.45459  1.58024  3.57997  
1.49948  1.04258  3.84127  
1.50197  2.55068  1.60711  
0.53573  3.50181  2.63478  
1.50789  0.513223  4.0391  
1.51998  1.88213  2.96003  
0.436428  1.44464  5.52372  
0.841092  0.0368232  5.53031  
1.53659  2.58623  1.103  
0.0369357  2.45633  4.81497  
1.55226  0.0369292  3.95278  
0.689027  3.55517  2.11595  
1.55748  2.60585  0.622301  
1.56577  2.6147  0.149443  
1.57162  2.02456  2.46868  
0.0400207  3.58786  2.79905  
1.59322  1.17672  3.39529  
0.746792  3.61069  1.68868  
1.61775  2.08723  2.04955  
0.914842  3.62048  0.448335  
1.6213  0.759198  3.53467  
1.62506  1.46997  2.9831  
0.92026  3.62564  0.036926  
0.0369284  1.48712  5.62872  
1.64432  2.15806  1.65664  
0.137341  2.75901  4.42301  
0.818706  2.12775  4.58263  
1.64765  0.365331  3.55938  
0.821846  2.50792  4.12557  
1.65644  1.64409  2.60264  
1.66338  2.21145  1.28308  
0.478772  1.08211  5.67476  
1.67783  2.24678  0.919831  
0.234245  3.68009  2.44237  
1.68159  1.11251  3.04573  
1.68543  0.0369324  3.43429  
1.68914  1.73883  2.25383  
1.6892  2.26492  0.54789  
1.69101  2.28551  0.0392042  
0.966503  2.54792  3.78349  
0.488717  2.12754  4.97112  
1.71163  1.31741  2.69573  
1.71389  0.789267  3.10568  
0.501871  2.82763  4.10282  
1.71823  1.82967  1.86109  
0.376101  3.72484  2.12575  
0.640176  1.65981  5.2137  
1.03996  0.179614  5.22299  
0.539903  0.780992  5.73583  
1.7356  0.479863  3.13366  
0.589903  3.10852  3.50392  
1.73667  1.91101  1.48548  
1.73889  1.43182  2.39322  
0.776587  3.20305  2.9561  
1.07811  2.77704  3.09873  
0.623429  3.74723  1.42615  
1.74827  1.02696  2.7698  
1.74875  0.166132  3.13365  
1.75139  1.95862  1.14889  
0.924904  2.22258  4.29781  
0.0369386  3.29413  3.51961  
0.193099  1.2055  5.75602  
0.929461  1.84712  4.66917  
0.0445983  3.75826  2.23713  
1.05157  1.56366  4.67264  
1.76238  1.54775  2.05426  
1.76311  1.98545  0.837094  
1.76933  0.758738  2.83295  
1.7697  2.0168  0.434286  
0.57522  0.513774  5.77112  
0.64977  3.7726  1.14172  
1.77456  1.16228  2.48158  
1.77586  2.01456  0.138499  
1.78264  0.503296  2.8801  
1.78368  1.64707  1.6821  
0.233072  2.20264  5.04697  
0.368496  3.78653  1.87448  
1.05858  2.29783  3.92341  
1.20056  2.82463  2.55253  
0.593929  0.257437  5.79005  
