2.05539  0.055394  
0.0644662  4.05535  
1.25542  3.25536  
1.53865  2.73864  
1.6866  2.36984  
0.890263  3.69022  
1.77694  2.09135  
1.837  1.87296  
0.686171  3.85125  
1.06893  3.50373  
1.87925  1.69681  
1.36386  3.08057  
1.91021  1.55158  
0.5579  3.92708  
1.93362  1.4298  
1.42617  2.9681  
1.9518  1.3261  
1.1521  3.40038  
1.58365  2.63567  
1.96617  1.2368  
0.98049  3.60177  
0.470685  3.96821  
0.803797  3.76479  
1.97776  1.15904  
1.46453  2.89396  
1.6137  2.56275  
1.98722  1.09087  
1.7099  2.30271  
1.29806  3.18958  
0.408055  3.99272  
1.99506  1.03052  
1.19607  3.34103  
2.00163  0.976612  
1.63435  2.51052  
1.72669  2.25246  
1.48906  2.84437  
0.755155  3.80257  
2.0072  0.92828  
0.361057  4.0084  
1.79049  2.04482  
0.639865  3.88078  
1.02311  3.55598  
1.10664  3.45827  
0.936545  3.64626  
2.01196  0.884567  
1.32325  3.14897  
1.38647  3.04085  
0.850886  3.72538  
2.01604  0.845044  
1.73902  2.21448  
1.64885  2.47276  
0.324656  4.01898  
1.80075  2.00859  
2.01957  0.809107  
1.22069  3.3063  
1.84551  1.83918  
1.50517  2.81085  
2.02265  0.776266  
1.55257  2.70754  
2.02534  0.74621  
0.610863  3.89803  
0.295706  4.02642  
1.74817  2.18568  
1.80862  1.9802  
0.726997  3.82312  
2.02772  0.718468  
1.65915  2.44534  
0.530572  3.94086  
1.85219  1.81215  
1.27236  3.22967  
2.02983  0.692858  
1.40066  3.01531  
1.33854  3.12365  
1.8849  1.67145  
1.12683  3.43298  
1.43942  2.94293  
1.171  3.37529  
1.04474  3.53172  
2.03171  0.669106  
0.272199  4.03182  
1.51591  2.78807  
0.914202  3.66784  
1.8147  1.95789  
2.03341  0.64679  
1.75501  2.16375  
0.958582  3.62429  
1.00125  3.5798  
1.85748  1.7903  
1.56206  2.68594  
0.829628  3.74352  
1.59252  2.61449  
0.782727  3.78151  
1.88945  1.65069  
1.23487  3.28578  
1.08616  3.48324  
2.03493  0.626146  
1.66657  2.42532  
1.91413  1.53202  
0.252731  4.03588  
2.0363  0.606848  
