2.02453  0.0245294  0.0245294  
0.0240489  4.02405  0.0240489  
0.0225035  0.0225035  6.0225  
0.50563  2.50498  4.50333  
0.878621  2.87793  3.35732  
0.937585  1.41769  4.9355  
1.06001  3.05948  2.3926  
1.07923  0.469775  5.07729  
1.16028  3.15941  1.52815  
0.0240478  3.15012  3.76735  
1.19799  2.05088  3.81266  
1.21091  3.21055  0.714193  
0.024051  1.9468  5.2854  
1.29979  1.31799  4.21752  
1.32065  3.06958  0.0240468  
1.33467  2.22933  3.12214  
1.33598  0.0240524  4.5528  
1.39425  2.42908  2.49166  
0.291784  3.39921  3.1423  
1.44195  1.49616  3.63376  
1.45971  2.50438  1.92349  
1.47013  0.808788  3.99821  
0.527824  3.49169  2.60489  
1.50528  2.54981  1.40243  
1.50586  0.289512  4.03397  
0.424736  1.43297  5.51015  
1.51287  1.71755  3.12206  
0.829525  0.0267764  5.51594  
1.53403  2.57938  0.911672  
0.0240478  2.44675  4.79832  
0.677366  3.54222  2.0999  
1.54459  1.949  2.64218  
1.55012  2.59475  0.437254  
1.56325  1.04548  3.53549  
0.0347987  3.5779  2.77755  
1.58411  2.06339  2.20085  
0.734349  3.59789  1.67377  
1.59999  0.617915  3.60934  
1.59441  2.50113  0.0240505  
1.60372  0.0262447  3.70468  
0.903278  3.60661  0.429552  
1.61252  1.3038  3.12341  
0.901714  3.61833  0.0240493  
0.0240468  1.50668  5.59666  
1.62671  2.10288  1.80232  
0.121172  2.75266  4.40161  
1.63505  1.5586  2.73398  
0.805873  2.11557  4.56897  
0.80984  2.4924  4.11479  
1.65924  2.13343  1.41118  
1.66139  0.92733  3.19204  
0.467341  1.07043  5.66035  
1.66269  1.70094  2.37069  
0.227834  3.66965  2.4163  
1.6781  0.386903  3.35282  
1.68311  2.15528  1.03286  
1.68569  0.0456254  3.36315  
1.69261  1.2222  2.8013  
0.969251  1.78496  4.60472  
0.473754  2.11713  4.95585  
1.69505  1.76394  2.03867  
1.69722  2.17394  0.660466  
0.490394  2.82619  4.07234  
1.70878  2.18005  0.0950258  
0.366203  3.71294  2.10456  
1.02305  2.56677  3.55545  
0.62796  1.64924  5.20055  
1.71652  1.39257  2.47475  
1.02842  0.168062  5.2081  
1.72215  1.81562  1.70521  
1.72296  0.920119  2.89053  
0.528444  0.76913  5.72153  
1.72485  0.619036  3.05207  
0.767922  3.18673  2.94195  
0.611815  3.73401  1.41049  
1.10449  2.76958  2.94526  
1.73976  0.319668  3.07535  
0.027283  3.29265  3.48258  
0.914155  2.20677  4.28431  
0.138954  1.21895  5.7397  
1.74204  1.47478  2.19228  
1.74156  1.85126  1.41662  
1.74506  0.0397983  3.08064  
0.0240608  3.74546  2.22403  
1.75514  1.09667  2.56202  
1.75601  1.87902  1.14694  
0.635918  3.75832  1.14421  
0.563742  0.501761  5.75686  
1.07705  1.18597  4.81811  
1.76562  1.52447  1.93119  
1.76706  1.89884  0.889491  
1.76736  0.681316  2.79455  
0.220324  2.19244  5.03145  
0.361248  3.77424  1.84965  
1.77164  1.9259  0.636462  
0.810163  3.24338  2.69222  
1.77637  1.20285  2.31264  
0.653296  3.77615  0.895987  
0.582109  0.253106  5.77549  
0.614302  2.89165  3.83285  
