2.0456  0.0456019  
0.090393  4.07737  
1.26151  3.29328  
1.54261  2.79017  
0.900837  3.7167  
1.68929  2.43373  
1.77876  2.16688  
1.83827  1.95933  
0.698155  3.87469  
1.07842  3.53359  
1.37026  3.12087  
1.88  1.79399  
1.91063  1.65899  
0.570129  3.94939  
1.93379  1.54701  
1.43238  3.01065  
1.58791  2.6888  
1.16067  3.4327  
1.95171  1.45306  
0.482742  3.98997  
0.991016  3.62932  
0.815538  3.7894  
1.96587  1.37334  
1.47038  2.93847  
1.61799  2.61746  
1.97728  1.30489  
1.71283  2.36787  
1.30466  3.22779  
0.419499  4.01424  
1.98657  1.24585  
1.20393  3.37512  
1.99428  1.19423  
1.63851  2.56681  
1.72972  2.31883  
0.767319  3.82645  
1.49454  2.89056  
0.371809  4.02978  
0.652273  3.9036  
1.7926  2.12109  
1.03347  3.58423  
2.00069  1.14929  
1.11596  3.48889  
0.947354  3.67302  
1.33  3.18758  
2.00613  1.10952  
1.39303  3.08155  
0.862168  3.75082  
0.334482  4.04028  
1.74208  2.28194  
1.65286  2.53037  
1.80299  2.08583  
2.01073  1.07458  
1.22801  3.34164  
1.84708  1.92596  
1.51035  2.8583  
1.55684  2.75905  
2.01468  1.04351  
0.30469  4.04765  
0.623525  3.92049  
0.739339  3.84665  
2.01806  1.01598  
1.75107  2.25454  
1.81106  2.05782  
0.543041  3.96286  
1.66299  2.5041  
1.85376  1.90012  
1.27885  3.2674  
1.40721  3.05643  
1.34534  3.16259  
1.88585  1.76921  
1.44563  2.98591  
1.13595  3.46417  
2.02101  0.991314  
1.17941  3.40816  
0.280028  4.05306  
1.0547  3.56069  
0.925  3.69437  
2.02359  0.969141  
1.52089  2.83639  
1.0117  3.60768  
0.969374  3.65132  
1.56652  2.73752  
1.59694  2.66774  
1.85909  1.87921  
0.841222  3.76849  
1.75786  2.2335  
0.79473  3.80574  
1.8169  2.03722  
0.259644  4.05706  
1.09569  3.51331  
1.89052  1.7491  
2.02584  0.949275  
1.24181  3.32196  
1.91472  1.63986  
1.67024  2.48499  
0.605087  3.93083  
0.524674  3.97153  
0.882876  3.73279  
2.02785  0.931133  
0.680582  3.88605  
