2.02643  0.0264328  0.0264328  
0.0257042  4.0257  0.0257042  
0.0264025  0.0264025  6.0264  
0.507268  2.50646  4.50707  
0.879687  2.87889  3.36038  
0.938564  1.41874  4.93809  
1.06173  3.06047  2.39594  
1.08084  0.471709  5.08068  
1.16211  3.16058  1.53097  
0.0257044  3.16847  3.73742  
1.19907  1.7808  4.10959  
1.21268  3.21192  0.716987  
0.0257069  1.94738  5.28795  
1.29893  2.14965  3.38131  
1.31842  1.01152  4.35855  
1.32125  3.07304  0.0257068  
1.33825  0.0265605  4.55594  
1.36331  2.39718  2.71712  
0.310608  3.40639  3.11762  
1.43853  2.48549  2.12852  
1.44429  1.56739  3.56704  
1.49136  0.597643  4.01916  
1.49151  2.53913  1.59057  
0.52722  3.49884  2.59387  
1.50837  1.87842  2.93985  
1.51171  0.0754683  4.04075  
0.425081  1.43411  5.51325  
0.830436  0.0258512  5.51892  
1.52645  2.57305  1.08874  
0.025709  2.44629  4.8024  
0.68003  3.54355  2.09995  
1.54694  2.59419  0.599611  
1.55413  1.09546  3.54713  
1.55521  2.60213  0.126334  
1.56117  2.01051  2.45825  
0.0257037  3.58048  2.7767  
1.58879  1.44076  3.10885  
0.736028  3.60008  1.67278  
1.60117  0.670631  3.59298  
1.6072  2.07511  2.03562  
0.903983  3.60906  0.434196  
0.908787  3.61467  0.025707  
1.61947  0.25313  3.63442  
0.113742  2.75965  4.39898  
0.0257032  1.54561  5.57568  
1.63366  2.14651  1.64139  
0.808673  2.11625  4.56987  
1.63799  1.62006  2.64973  
0.810691  2.49596  4.11526  
1.64862  1.05911  3.17098  
1.65265  2.19996  1.26705  
0.467473  1.07129  5.66342  
1.66736  2.23436  0.902752  
0.221633  3.67304  2.41791  
1.67699  1.70579  2.28583  
1.67832  0.710923  3.24493  
1.67843  2.25306  0.530028  
1.68368  1.27688  2.80744  
0.955967  2.53529  3.77284  
1.68402  2.25954  0.174959  
1.69058  0.0519481  3.35452  
0.477947  2.11612  4.95798  
0.487134  2.83917  4.0598  
1.70737  1.76249  1.96517  
0.628319  1.6491  5.20277  
1.02977  0.165571  5.21056  
0.369497  3.71789  2.10995  
1.72076  0.970134  2.87781  
1.72245  1.35916  2.49328  
1.72284  1.84219  1.65478  
0.528863  0.769478  5.72454  
1.0672  2.76334  3.08754  
0.770938  3.19996  2.91205  
1.73413  1.90928  1.34818  
0.614544  3.73578  1.40738  
0.0752473  1.24597  5.73777  
0.914711  2.21101  4.28506  
1.74274  0.535589  3.02121  
1.74672  0.242498  3.07394  
1.04037  1.55221  4.66029  
0.026136  3.74855  2.22025  
1.75117  1.45422  2.17361  
1.75165  1.92859  1.04695  
1.7525  1.08397  2.60325  
0.0290678  3.30312  3.46542  
1.75467  1.97747  0.755541  
0.563994  0.501995  5.75997  
0.638419  3.76053  1.1376  
1.76395  2.00659  0.0262557  
0.615934  2.90598  3.79382  
0.224784  2.90909  4.14118  
0.223635  2.19271  5.03387  
1.7735  0.762313  2.72608  
1.77446  1.54186  1.84365  
1.0489  2.28545  3.91006  
1.07034  1.19412  4.83268  
0.582064  0.253372  5.77876  
0.656717  3.77888  0.883952  
1.18886  2.81369  2.54263  
0.376806  3.78025  1.87129  
