2  2.34552e-06  
2.14778e-06  4  
1.20001  3.19998  
1.48327  2.68323  
1.63122  2.31443  
0.834854  3.63485  
1.72154  2.03598  
1.78161  1.81757  
0.630741  3.79589  
1.01352  3.44835  
1.82386  1.64138  
1.30847  3.02517  
1.85483  1.49613  
0.502456  3.87172  
1.87824  1.37439  
1.37078  2.91271  
1.8964  1.27069  
1.09668  3.34503  
1.52824  2.5803  
1.91077  1.18145  
0.925087  3.54641  
0.415311  3.91285  
0.748398  3.7094  
1.92235  1.10379  
1.40913  2.83857  
1.55831  2.50733  
1.93185  1.0353  
1.6545  2.24735  
1.24267  3.13419  
0.35264  3.93734  
1.93969  0.974929  
1.14065  3.28568  
1.94625  0.921143  
1.57899  2.45505  
1.6713  2.19707  
1.43368  2.78895  
0.699738  3.7472  
1.9518  0.872906  
0.305645  3.95302  
1.73509  1.98946  
0.584425  3.82542  
0.967713  3.50059  
1.05123  3.4029  
0.881137  3.59088  
1.95654  0.829409  
1.26786  3.09358  
1.33107  2.98549  
1.96062  0.789919  
0.795497  3.66998  
1.68362  2.1591  
1.59347  2.41731  
0.269228  3.96359  
1.74537  1.95316  
1.96415  0.75401  
1.16527  3.25094  
1.79012  1.7838  
1.44978  2.75547  
1.96724  0.721085  
1.49718  2.65216  
1.96994  0.690972  
0.55537  3.84269  
0.240221  3.97104  
1.69276  2.13032  
1.75326  1.92468  
0.67159  3.76774  
1.97232  0.66323  
1.6038  2.38985  
0.475114  3.88551  
1.7968  1.75674  
1.21697  3.17428  
1.97443  0.637654  
1.34526  2.95993  
1.28316  3.06824  
1.82953  1.61598  
1.07141  3.37762  
1.38401  2.88758  
1.11556  3.31996  
0.989285  3.47639  
1.97633  0.61366  
0.216631  3.97647  
1.46051  2.7327  
0.858761  3.6125  
1.75933  1.90238  
1.978  0.59167  
0.903154  3.56895  
1.69962  2.10836  
0.945794  3.52448  
1.80208  1.73496  
1.50667  2.63056  
0.7742  3.68816  
1.53712  2.55913  
0.727316  3.72614  
1.83407  1.59525  
1.17947  3.2304  
1.97952  0.571041  
1.03074  3.42787  
1.61122  2.36981  
1.85874  1.47661  
0.197045  3.98054  
1.9809  0.551596  
