2.00002  2.34208e-05  2.34208e-05  
2.19732e-05  4.00002  2.19732e-05  
1.71782e-05  1.71782e-05  6.00002  
0.480668  2.48076  4.48065  
0.854048  2.85374  3.33466  
0.91294  1.3936  4.91237  
1.03666  3.03665  2.37083  
1.05433  0.447877  5.05421  
1.13591  3.13603  1.50604  
2.56653e-05  3.10952  3.77426  
1.17356  2.02685  3.78989  
1.18696  3.18696  0.692696  
7.15869e-05  1.92143  5.26257  
1.27525  1.30105  4.19351  
1.2926  3.05242  2.93349e-05  
1.3088  2.34437  2.86713  
1.31128  6.68277e-05  4.53069  
0.252706  3.37401  3.14813  
1.39484  2.44164  2.26022  
1.41769  1.47226  3.61091  
1.44542  0.791771  3.97348  
1.45206  2.50286  1.71182  
1.46245  1.80576  3.07327  
0.498711  3.46276  2.60862  
1.48114  0.272508  4.01183  
0.401239  1.40932  5.48832  
1.49216  2.5437  1.20392  
0.804964  0.00047222  5.49366  
1.51496  2.56725  0.718386  
2.13416e-05  2.41999  4.77741  
0.654021  3.51817  2.07759  
1.51852  1.95477  2.58411  
1.52673  2.57914  0.241092  
1.53994  1.02386  3.50719  
0.00540847  3.54884  2.7683  
1.56899  2.02492  2.15021  
1.57218  1.37836  3.07923  
0.71026  3.57438  1.6516  
1.57513  0.598999  3.58691  
1.57764  5.43653e-05  3.68802  
0.877387  3.58471  0.415708  
0.883498  3.59084  0.00268932  
2.06997e-05  1.43869  5.59851  
1.59912  2.10128  1.74727  
1.6086  1.5627  2.68743  
0.783521  2.09044  4.54442  
0.784973  2.47073  4.09044  
0.080896  2.72198  4.3899  
1.61983  2.16261  1.36557  
1.6295  1.00774  3.13703  
1.63564  2.30206  0.002104  
0.444054  1.04722  5.63933  
1.64365  1.66828  2.32919  
0.217381  3.64401  2.38922  
1.65227  0.353809  3.3392  
1.65994  3.52673e-05  3.34705  
1.66325  1.226  2.77889  
0.945193  1.76037  4.58229  
0.454058  2.09051  4.9331  
1.67236  1.77249  1.94011  
0.458458  2.79538  4.07582  
1.68973  0.713613  3.02806  
0.997475  2.54348  3.53432  
0.603082  1.62278  5.17839  
0.346172  3.69195  2.07982  
1.00397  0.133131  5.1863  
1.6938  1.99584  1.10691  
1.69379  1.34831  2.46896  
0.5034  0.74592  5.69844  
0.736284  3.16272  2.93562  
1.70849  2.00845  0.811578  
1.71014  0.413752  3.04884  
0.586696  3.7103  1.3896  
0.888755  2.18592  4.25961  
1.71594  0.9401  2.74135  
1.7178  2.01958  0.516542  
1.71811  1.48662  2.11243  
1.02713  2.75517  3.07072  
0.000188416  3.71877  2.21068  
6.18219e-05  3.25262  3.49248  
1.72022  1.71507  1.66557  
0.161283  1.16053  5.72188  
1.72483  0.135984  3.06736  
1.72504  2.02706  0.235897  
0.538698  0.479446  5.73371  
0.612278  3.73486  1.12399  
1.13295  2.77408  2.67147  
1.7385  1.0859  2.4792  
1.7407  1.73391  1.40372  
1.05239  1.16269  4.79507  
1.74198  0.67888  2.77217  
0.599655  2.8533  3.82162  
0.201303  2.16716  5.00793  
1.74993  1.93772  0.00230071  
1.75106  1.23775  2.22749  
0.557312  0.229098  5.75228  
0.629993  3.75198  0.874216  
0.757386  1.203  5.25209  
0.66811  1.84556  4.93354  
1.75561  0.432777  2.80074  
