2  2.62241e-06  
2.90177e-06  4  
1.2  3.2  
1.48327  2.68324  
1.63121  2.31445  
0.834856  3.63485  
1.72156  2.03594  
1.78165  1.81742  
0.630766  3.79591  
1.01352  3.44836  
1.8239  1.64125  
1.30848  3.02517  
1.85485  1.49606  
0.502476  3.87171  
1.87826  1.37426  
1.3708  2.91268  
1.89641  1.27065  
1.09667  3.34504  
1.52828  2.58021  
1.91078  1.18143  
0.925077  3.54641  
0.41527  3.91283  
0.748349  3.70944  
1.92239  1.10353  
1.40914  2.83855  
1.55833  2.5073  
1.93187  1.03515  
1.65451  2.24732  
1.24268  3.13418  
0.352593  3.93735  
1.93971  0.974735  
1.14068  3.28564  
1.94627  0.920955  
1.579  2.45501  
1.67131  2.19704  
1.43371  2.78901  
0.699681  3.74724  
1.95183  0.87263  
0.305609  3.95303  
1.73514  1.98929  
0.584422  3.82543  
0.967716  3.5006  
1.05125  3.40292  
0.881121  3.5909  
1.95656  0.829177  
1.26787  3.09356  
1.33109  2.98544  
0.79542  3.67005  
1.96065  0.789637  
1.68363  2.15909  
1.5935  2.41727  
0.269195  3.96361  
1.74541  1.95303  
1.96418  0.7537  
1.16531  3.25095  
1.79015  1.78368  
1.44978  2.75546  
1.96728  0.720681  
1.49721  2.65209  
1.96998  0.690487  
0.555419  3.84267  
0.240038  3.97109  
1.6928  2.1302  
1.75327  1.92464  
0.671581  3.76778  
1.97238  0.662574  
1.60382  2.38979  
0.47513  3.88549  
1.79684  1.75658  
1.21698  3.17426  
1.34527  2.95991  
1.9745  0.636781  
1.28316  3.06824  
1.82954  1.61592  
1.07141  3.37766  
1.38405  2.88751  
1.11557  3.31996  
0.9893  3.47638  
1.97639  0.612867  
0.216534  3.9765  
1.46052  2.73269  
0.858761  3.6125  
1.75936  1.90228  
1.97807  0.590765  
0.903116  3.56898  
1.69965  2.10827  
0.94583  3.52451  
1.80214  1.7347  
1.50672  2.63046  
0.77417  3.68818  
1.53716  2.55904  
0.727273  3.72617  
1.8341  1.59513  
1.17947  3.2304  
1.03075  3.42787  
1.97957  0.57032  
1.61123  2.36976  
1.85878  1.47642  
0.197029  3.98055  
1.98094  0.551005  
