2.00004  4.07291e-05  4.07291e-05  
3.34886e-05  4.00003  3.34886e-05  
2.40049e-05  2.40049e-05  6.00002  
0.479852  2.48189  4.48155  
0.854829  2.85445  3.33666  
0.91284  1.39464  4.91185  
1.03557  3.03555  2.37171  
1.05481  0.449352  5.05479  
1.13632  3.13629  1.50748  
4.92422e-05  3.12709  3.74153  
1.17324  2.02694  3.79161  
1.18674  3.18643  0.694177  
0.00107126  1.92232  5.26366  
1.27468  1.3009  4.19259  
1.29295  3.05216  0.000151415  
1.30881  2.34396  2.8682  
1.31094  0.00010449  4.53171  
1.39433  2.43966  2.26197  
0.276031  3.38663  3.14018  
1.41791  1.47456  3.60779  
1.44545  0.791798  3.97343  
1.45235  2.50252  1.71114  
1.46304  1.80673  3.07079  
0.495344  3.46702  2.60832  
1.48092  0.272504  4.01229  
0.399586  1.40936  5.48707  
1.49161  2.54196  1.2001  
0.80451  0.000182559  5.49359  
1.51574  2.56607  0.713466  
0.000107253  2.4202  4.77735  
1.5179  1.9567  2.5809  
0.655385  3.5191  2.07682  
1.52761  2.5775  0.229655  
1.53951  1.02448  3.50917  
0.00142335  3.55018  2.76881  
1.57026  2.0721  2.0389  
1.57271  1.37664  3.07921  
0.710343  3.57399  1.65066  
1.57549  0.599923  3.58579  
1.57752  3.32967e-05  3.68837  
0.877906  3.58451  0.414199  
0.88303  3.58955  0.000471114  
2.77162e-05  1.43537  5.60043  
1.60821  1.56486  2.6863  
1.60824  2.12733  1.59652  
0.782363  2.09224  4.54356  
0.783966  2.47167  4.0915  
0.103548  2.7251  4.39274  
1.62981  1.00648  3.13502  
1.6327  2.19751  1.07179  
1.63654  1.70404  2.31765  
0.442222  1.0464  5.63725  
1.63819  2.29676  0.000552065  
0.203682  3.64586  2.39262  
1.65314  0.359952  3.3342  
1.6598  0.0182344  3.34811  
1.66389  1.22704  2.77823  
0.945342  1.76283  4.58216  
0.453104  2.09124  4.93298  
1.67372  1.75425  1.96647  
0.463026  2.79338  4.07644  
0.997912  2.54283  3.53479  
0.345639  3.68962  2.08287  
0.602175  1.62525  5.1776  
1.69096  0.716697  3.02082  
1.69146  1.39094  2.42964  
1.69409  1.82  1.65447  
1.0052  0.000264208  5.18783  
0.503548  0.745776  5.69833  
1.70129  1.89903  1.35707  
0.739474  3.17349  2.91735  
1.70937  1.99791  0.856611  
1.71104  0.427532  3.04058  
0.589885  3.71195  1.38728  
0.887823  2.1872  4.25982  
1.71637  0.945603  2.73712  
1.71727  1.47139  2.14479  
1.71811  2.01211  0.571499  
1.71847  0.105446  3.06635  
1.02683  2.75434  3.07304  
0.000135015  3.72141  2.20051  
1.7241  2.01914  0.277479  
0.154536  1.15942  5.72584  
1.72613  2.02305  0.0101265  
1.73539  1.12478  2.4629  
0.613327  3.7353  1.12156  
0.540023  0.481294  5.73547  
1.13207  2.7736  2.67603  
1.05195  1.16336  4.79554  
1.74159  0.687778  2.76439  
1.7435  1.55261  1.79682  
0.199381  2.1667  5.01038  
0.0147951  3.25779  3.4916  
0.338926  3.75028  1.83299  
0.631106  3.75317  0.866253  
0.207563  2.86345  4.14653  
0.558891  0.207485  5.75441  
0.759968  1.20213  5.2524  
1.75484  1.65436  1.47145  
0.760628  2.65548  3.87481  
