2.00005  4.60491e-05  4.60491e-05  
4.36277e-05  4.00004  4.36277e-05  
3.11232e-05  3.11232e-05  6.00003  
0.480495  2.48129  4.48121  
0.854752  2.85435  3.33591  
0.912907  1.39396  4.91283  
1.03559  3.03558  2.37129  
1.05453  0.44774  5.05402  
1.13609  3.13543  1.50734  
4.15019e-05  3.11058  3.77233  
1.17343  2.02627  3.79105  
1.18673  3.18663  0.693809  
0.00167461  1.92275  5.2644  
1.27538  1.2952  4.19457  
1.29384  3.05143  0.00044485  
1.31049  2.20554  3.10147  
1.31203  0.000816585  4.5293  
1.37024  2.40478  2.46998  
0.255165  3.37046  3.14193  
1.41771  1.47196  3.61156  
1.43387  2.48494  1.90315  
1.44737  0.787062  3.97647  
0.500667  3.46565  2.60322  
1.47916  2.53036  1.38207  
1.48138  0.268374  4.01279  
0.400256  1.40973  5.48702  
1.49028  1.6946  3.09657  
0.804573  0.0068584  5.4932  
1.50925  2.55967  0.891163  
7.40224e-05  2.41809  4.77969  
0.654752  3.51797  2.07697  
1.52116  1.92526  2.6177  
1.52482  2.57545  0.410024  
1.53908  1.01869  3.51487  
0.00043635  3.54906  2.76926  
1.56087  2.04391  2.17858  
0.711547  3.57568  1.6524  
1.57603  0.589702  3.58706  
1.57419  2.46817  0.00023697  
1.57914  0.000164349  3.68271  
0.877919  3.58413  0.408305  
1.58764  1.28273  3.10153  
0.87968  3.59325  0.000655924  
4.47733e-05  1.45069  5.59157  
1.6057  2.07025  1.7829  
0.781951  2.09083  4.5459  
0.78403  2.4703  4.09195  
1.61075  1.53599  2.71199  
0.0766153  2.72269  4.39191  
1.63667  0.91853  3.16257  
1.63737  2.09989  1.41331  
1.63818  1.68123  2.34556  
0.442857  1.04751  5.63831  
0.200585  3.64222  2.40907  
1.65505  0.364445  3.32481  
1.65718  2.12366  1.07098  
1.66159  0.000448439  3.34188  
1.66841  1.20056  2.77871  
0.944419  1.76143  4.5841  
0.449617  2.08945  4.93574  
1.67353  1.74376  2.01458  
1.67377  2.14197  0.722688  
0.466268  2.79225  4.07325  
1.68566  2.15388  0.357848  
0.99979  2.54308  3.53316  
0.603474  1.62537  5.17822  
1.69209  1.37265  2.44857  
1.00564  0.100321  5.18657  
0.348602  3.69369  2.08722  
1.69476  2.15907  0.0140339  
1.69809  0.650592  3.02303  
0.50363  0.74647  5.6982  
1.70003  1.77437  1.70877  
0.738166  3.16627  2.92488  
1.0804  2.74578  2.92398  
0.588218  3.71031  1.38939  
1.71534  0.364088  3.03874  
0.888927  2.18533  4.26151  
1.71788  1.45839  2.16277  
1.719  0.918586  2.74176  
0.00228687  3.71971  2.20821  
4.20025e-05  3.25452  3.48842  
1.72034  0.0003097  3.06155  
1.72123  1.82795  1.3521  
0.115818  1.17632  5.72626  
0.538807  0.480599  5.73419  
0.609513  3.73551  1.12463  
1.73725  1.84471  1.08872  
1.7399  1.11286  2.44857  
1.05304  1.16261  4.795  
0.596715  2.85262  3.80926  
1.74446  0.658318  2.76392  
1.74077  1.51993  1.88708  
1.7477  1.89951  0.650583  
0.19855  2.16763  5.01376  
0.787774  3.21771  2.67232  
0.556565  0.232587  5.75264  
0.628635  3.75298  0.874425  
0.20901  2.86236  4.14547  
0.760754  1.20048  5.25173  
