2.00007  6.76478e-05  6.76478e-05  
5.88831e-05  4.00006  5.88831e-05  
4.8379e-05  4.8379e-05  6.00005  
0.481396  2.48138  4.48135  
0.853746  2.85388  3.33447  
0.912885  1.39379  4.9124  
1.03585  3.03583  2.3689  
1.05405  0.44869  5.05488  
1.13635  3.1361  1.50544  
5.65303e-05  3.14229  3.71278  
1.17316  1.75602  4.08439  
1.18709  3.18651  0.690409  
0.000506973  1.92239  5.26258  
1.27433  2.12814  3.35585  
1.29137  0.967612  4.34608  
1.29537  3.04797  0.000123297  
1.31215  0.00113404  4.53228  
1.3377  2.37344  2.6905  
0.28913  3.39017  3.10358  
1.41341  2.46095  2.10433  
1.41788  1.54522  3.54175  
1.46574  0.565548  3.99399  
1.46714  2.51485  1.5529  
0.514213  3.48005  2.58366  
1.48241  1.85381  2.91469  
1.48569  0.00189863  4.01736  
0.401545  1.41113  5.48877  
0.804945  0.00488029  5.49286  
1.50213  2.55003  1.05448  
7.02551e-05  2.42028  4.77719  
0.65674  3.51991  2.07474  
1.52301  2.56868  0.574784  
1.52818  1.073  3.52141  
1.53364  2.58169  0.104547  
1.53543  1.97862  2.44593  
0.00166686  3.55269  2.76011  
1.56334  1.4142  3.08448  
1.57494  0.647743  3.5686  
0.71241  3.57552  1.64649  
1.5816  2.09109  1.91143  
0.880509  3.5851  0.406127  
1.59311  0.240695  3.61025  
0.884811  3.5875  0.000121236  
5.46506e-05  1.44403  5.59546  
0.0926933  2.73335  4.37587  
0.782695  2.09096  4.54447  
0.78476  2.47143  4.09005  
1.61318  1.57481  2.64722  
1.61432  2.13196  1.52533  
1.62312  1.0347  3.14643  
0.443052  1.04755  5.63813  
1.64118  2.21181  0.925927  
0.213652  3.6437  2.39214  
1.6477  1.73606  2.18991  
1.65238  0.685351  3.22095  
1.65329  2.22166  0.57895  
1.65647  0.000134863  3.36302  
1.65691  2.23817  0.228091  
0.931573  2.5115  3.74772  
1.65965  1.2297  2.79771  
0.452757  2.09055  4.93262  
0.46099  2.80807  4.04835  
1.68236  1.77332  1.86531  
0.601908  1.62403  5.17852  
1.00515  0.0923358  5.18589  
0.34914  3.69358  2.08144  
1.69428  1.41121  2.38732  
1.69594  0.924622  2.86257  
0.504742  0.746802  5.69985  
0.738408  3.17978  2.89077  
1.70374  1.91592  1.30205  
1.04125  2.74009  3.06146  
1.70588  0.434324  3.06562  
0.592011  3.711  1.38021  
0.888904  2.18693  4.2601  
1.71588  0.119706  3.07834  
1.71973  1.93106  1.01818  
0.892391  1.81011  4.63289  
9.27787e-05  3.71776  2.21428  
1.72231  1.13194  2.53622  
1.0142  1.52879  4.63535  
0.160535  1.16697  5.72374  
1.72612  1.49949  2.05142  
1.73081  2.00579  0.0248579  
0.539449  0.481031  5.73456  
0.0110142  3.27563  3.44936  
1.73709  0.669331  2.7998  
0.590538  2.87089  3.78713  
0.619477  3.73905  1.07854  
1.74065  1.65342  1.60948  
0.194898  2.16755  5.00964  
0.209007  2.88145  4.12316  
1.0228  2.26108  3.88414  
0.786715  3.23112  2.64029  
1.16608  2.78665  2.51075  
0.557692  0.233546  5.75198  
1.75358  1.18816  2.27246  
1.04491  1.16635  4.80845  
1.75364  0.420477  2.81728  
1.76497  0.184289  2.82716  
