2  3.15883e-07  
3.49833e-07  4  
1.2  3.2  
1.48326  2.68325  
1.63122  2.31442  
0.834858  3.63485  
1.72155  2.03593  
1.78161  1.81755  
0.630736  3.79588  
1.01351  3.44837  
1.82386  1.64139  
1.30845  3.0252  
1.85482  1.4962  
0.502463  3.87172  
1.87823  1.37442  
1.37079  2.91268  
1.89639  1.27078  
1.09668  3.34503  
1.52825  2.58028  
1.91078  1.1814  
0.925067  3.54641  
0.415294  3.91283  
0.748376  3.70941  
1.92236  1.10371  
1.40913  2.83856  
1.5583  2.50736  
1.93182  1.03551  
1.65449  2.24736  
1.24266  3.13419  
0.352642  3.93734  
1.93966  0.975144  
1.14066  3.28568  
1.94622  0.921358  
1.57897  2.45508  
1.67129  2.19709  
1.43368  2.78896  
0.699704  3.74722  
1.95178  0.873036  
0.305638  3.95302  
1.7351  1.98941  
0.584435  3.82541  
0.967695  3.50061  
1.05123  3.40291  
0.881114  3.5909  
1.95652  0.829557  
1.26785  3.09358  
1.33107  2.98547  
1.96059  0.790136  
0.795447  3.67002  
1.68361  2.15912  
1.59347  2.41732  
0.269234  3.9636  
1.74536  1.95316  
1.96412  0.75426  
1.16527  3.25094  
1.79012  1.7838  
1.44977  2.75549  
1.9672  0.721445  
1.49718  2.65214  
1.96992  0.691173  
0.555387  3.84268  
0.240265  3.97103  
1.69276  2.13033  
1.75323  1.92478  
0.671556  3.76777  
1.97231  0.66335  
1.60379  2.38987  
0.475134  3.8855  
1.79679  1.75674  
1.21695  3.17429  
1.97442  0.637666  
1.34525  2.95993  
1.28315  3.06825  
1.82951  1.61603  
1.07141  3.37763  
1.38401  2.88756  
1.11557  3.31994  
0.989277  3.4764  
1.9763  0.613937  
0.216706  3.97645  
1.46051  2.7327  
0.858759  3.61251  
1.75931  1.90245  
1.97799  0.591838  
1.69962  2.10837  
0.903112  3.56897  
0.945789  3.52448  
1.80208  1.73495  
1.50667  2.63055  
0.774202  3.68817  
1.53715  2.55904  
0.727293  3.72615  
1.83406  1.59526  
1.17947  3.2304  
1.9795  0.571234  
1.03073  3.42788  
1.6112  2.36985  
1.85872  1.47669  
0.197195  3.98051  
1.98086  0.552034  
