2  3.29355e-07  
3.31842e-07  4  
1.20001  3.20001  
1.48326  2.68324  
1.63121  2.31444  
0.83485  3.63485  
1.72154  2.03599  
1.78161  1.81756  
0.630726  3.79589  
1.01352  3.44835  
1.82386  1.64138  
1.30846  3.02519  
1.85483  1.49613  
0.502435  3.87172  
1.87824  1.37434  
1.37078  2.91271  
1.89639  1.27073  
1.09669  3.34502  
1.52826  2.58026  
1.91077  1.18146  
0.925068  3.54641  
0.415267  3.91283  
0.748356  3.70943  
1.92235  1.10378  
1.40913  2.83857  
1.5583  2.50735  
1.93181  1.03558  
1.65448  2.24739  
1.24265  3.13421  
0.352611  3.93734  
1.93965  0.975182  
1.14065  3.28568  
1.94622  0.921381  
1.57898  2.45505  
1.67128  2.1971  
1.43367  2.78897  
0.699718  3.74724  
1.95178  0.873031  
0.305639  3.95302  
1.7351  1.9894  
0.584431  3.82543  
0.967704  3.5006  
1.05122  3.40291  
0.881111  3.5909  
1.95652  0.829534  
1.26784  3.09359  
1.33107  2.98547  
1.9606  0.790106  
0.795446  3.67002  
1.68362  2.1591  
1.59348  2.41729  
0.26919  3.9636  
1.74537  1.95315  
1.96413  0.754152  
1.16527  3.25094  
1.79013  1.78376  
1.44977  2.75548  
1.96721  0.721332  
1.49717  2.65215  
1.96991  0.691237  
0.555382  3.84268  
0.240231  3.97104  
1.69277  2.13028  
1.75324  1.92475  
0.671593  3.76776  
1.9723  0.663484  
1.60379  2.38987  
0.475118  3.88549  
1.79681  1.75669  
1.21694  3.17432  
1.97441  0.637831  
1.34525  2.95994  
1.82951  1.61605  
1.28314  3.06827  
1.0714  3.37763  
1.38401  2.88757  
1.11557  3.31994  
0.989292  3.47638  
1.97629  0.614063  
0.216644  3.97646  
1.4605  2.73272  
0.858758  3.6125  
1.75931  1.90245  
1.97798  0.591985  
0.903128  3.56896  
0.945779  3.52449  
1.69964  2.1083  
1.80209  1.73492  
1.50668  2.63052  
0.774171  3.68818  
1.53714  2.55907  
0.727266  3.72617  
1.83406  1.59527  
1.17947  3.2304  
1.97948  0.571466  
1.03073  3.42789  
1.6112  2.36985  
1.85874  1.4766  
0.197121  3.98052  
1.98085  0.552161  
