2.00002  2.10593e-05  2.10593e-05  
1.45276e-05  4.00001  1.45276e-05  
7.76652e-06  7.76652e-06  6.00001  
0.480679  2.48072  4.48074  
0.854217  2.85398  3.33493  
0.914277  1.3947  4.91422  
1.03553  3.03547  2.37042  
1.05433  0.448607  5.05417  
1.13577  3.13581  1.50624  
1.26977e-05  3.10964  3.774  
1.17371  1.75694  4.08187  
1.18666  3.18662  0.692826  
0.000131382  1.92144  5.26266  
1.27354  2.12749  3.35541  
1.29115  0.976165  4.34202  
1.29389  3.05022  2.42348e-05  
1.31131  1.97862e-05  4.53043  
1.33792  2.37317  2.69335  
0.253825  3.37316  3.14715  
1.41207  2.46225  2.10508  
1.41844  1.54443  3.54051  
1.46253  1.00656  3.80409  
1.46476  2.51483  1.56966  
0.504471  3.46838  2.61575  
1.47113  0.477717  4.00115  
1.48239  1.8516  2.91739  
0.400702  1.40789  5.48645  
0.804552  0.00616027  5.49324  
1.49961  2.5499  1.06862  
1.51487  1.77213e-05  3.91755  
1.50136e-05  2.41911  4.7784  
0.655221  3.51938  2.07545  
1.51996  2.5701  0.588477  
1.5285  2.57856  0.116858  
1.53477  1.98311  2.4398  
0.000467921  3.54791  2.7727  
1.55756  1.40898  3.11924  
1.57706  0.985667  3.3813  
1.58009  2.05221  2.01418  
0.877593  3.58379  0.41406  
0.883029  3.58916  0.00275061  
1.59552  0.580008  3.51294  
1.39851e-05  1.44142  5.59692  
1.60781  2.12231  1.62198  
0.78267  2.08947  4.5458  
0.102093  2.72131  4.38771  
1.61226  1.59072  2.63049  
0.787314  2.46933  4.09449  
1.61434  0.19402  3.53025  
1.62606  2.17582  1.24656  
0.443188  1.04656  5.63863  
1.64062  2.21052  0.887086  
0.228606  3.64219  2.38458  
1.64347  1.06535  3.02292  
1.6501  1.70229  2.23109  
1.65203  2.22727  0.526302  
1.65336  2.25078  0.00222744  
0.931002  2.51062  3.75186  
1.65971  0.719141  3.16953  
0.45336  2.08986  4.93227  
0.548752  3.67107  1.76121  
1.67183  1.26244  2.69445  
1.67713  4.02731e-05  3.26902  
1.68038  1.80144  1.816  
0.473475  2.79419  4.06287  
0.603872  1.62347  5.17581  
1.00417  0.116139  5.1861  
1.69624  1.39714  2.39039  
0.553004  3.07052  3.4753  
0.504477  0.745514  5.69991  
0.735609  3.16629  2.92963  
1.70035  1.86491  1.468  
1.04118  2.73832  3.06156  
0.580952  3.70349  1.46514  
1.70844  0.807316  2.87626  
1.71399  1.92351  1.11185  
0.888662  2.18408  4.2615  
1.71709  0.504274  2.98268  
0.000117057  3.71735  2.21594  
0.892857  1.80796  4.63375  
0.000197446  3.25248  3.49318  
0.164849  1.1635  5.72208  
1.01337  1.52953  4.63628  
1.72258  1.524  2.01816  
1.72583  1.95278  0.793364  
1.73002  0.224772  2.99192  
1.73194  1.01837  2.58303  
1.73235  1.98315  0.414631  
0.538644  0.478937  5.73356  
1.73567  1.98645  0.147907  
0.613437  3.73413  1.20088  
0.296595  3.7454  1.96347  
1.74828  1.57799  1.70005  
0.200718  2.16785  5.01133  
0.623484  3.74901  0.948395  
1.02118  2.2622  3.886  
1.16391  2.78722  2.51581  
1.75191  1.27297  2.17555  
0.556513  0.231209  5.75264  
1.75338  0.000466399  2.88933  
