2.00001  6.83527e-06  
5.97662e-06  4.00001  
1.20001  3.2  
1.48326  2.68324  
1.63122  2.31445  
0.834863  3.63485  
1.72157  2.03591  
1.78162  1.81752  
0.630746  3.79589  
1.01352  3.44837  
1.82388  1.64132  
1.30847  3.02518  
1.85484  1.49612  
0.502481  3.87174  
1.87825  1.37432  
1.37079  2.91271  
1.89641  1.27069  
1.09668  3.34504  
1.52826  2.58027  
1.91078  1.18144  
0.925081  3.5464  
0.415253  3.91284  
0.748393  3.70941  
1.92236  1.10373  
1.40913  2.83857  
1.55832  2.50732  
1.93186  1.03524  
1.65449  2.24738  
1.24267  3.13419  
0.352579  3.93736  
1.93969  0.974925  
1.14066  3.28569  
1.94625  0.921118  
1.57898  2.45507  
1.67129  2.1971  
1.43369  2.78894  
0.699732  3.74723  
1.9518  0.872907  
0.305588  3.95306  
1.73512  1.98933  
0.584434  3.82541  
0.967732  3.50061  
1.05122  3.40292  
0.881148  3.59091  
1.95655  0.829356  
1.26786  3.09357  
1.33108  2.98546  
0.795471  3.67002  
1.96062  0.78995  
1.68363  2.15907  
1.59349  2.41727  
0.268634  3.96376  
1.74539  1.95307  
1.96415  0.754014  
1.16528  3.25093  
1.79014  1.78375  
1.44979  2.75546  
1.96723  0.721165  
1.49719  2.65213  
1.96993  0.691099  
0.555413  3.84272  
0.239646  3.97119  
1.69279  2.13025  
1.75326  1.92468  
0.671594  3.76775  
1.97236  0.662753  
1.60379  2.38987  
0.475141  3.8855  
1.79682  1.75665  
1.21697  3.17427  
1.97447  0.637183  
1.34528  2.9599  
1.82952  1.616  
1.28316  3.06824  
1.07144  3.3776  
1.38404  2.88753  
1.11559  3.31993  
0.989309  3.47638  
1.97635  0.613325  
0.216218  3.97656  
1.46051  2.73273  
0.858794  3.61249  
1.75933  1.90238  
1.97803  0.591304  
1.69964  2.10832  
0.903164  3.56897  
0.945787  3.52449  
1.80211  1.73485  
1.50669  2.63053  
0.774224  3.68814  
1.53714  2.55908  
0.727315  3.72615  
1.83408  1.59519  
1.17947  3.23041  
1.97954  0.570808  
1.03075  3.42789  
1.61121  2.36984  
1.85874  1.47661  
0.196108  3.98073  
1.98089  0.551677  
