2.00002  1.63595e-05  1.63595e-05  
1.4592e-05  4.00001  1.4592e-05  
1.50826e-05  1.50826e-05  6.00002  
0.480965  2.48101  4.48098  
0.853853  2.85367  3.33487  
0.913842  1.39467  4.91383  
1.03551  3.0356  2.37012  
1.05437  0.448879  5.05398  
1.13588  3.13574  1.50537  
1.36788e-05  3.11455  3.76488  
1.17369  2.0248  3.79197  
1.18672  3.18665  0.691468  
0.000338103  1.92188  5.26268  
1.27465  1.29824  4.19362  
1.29506  3.04821  1.72827e-05  
1.30895  2.34305  2.86871  
1.31125  3.65467e-05  4.53066  
0.265717  3.36847  3.13636  
1.39419  2.43943  2.26242  
1.41881  1.47155  3.61237  
1.44543  0.789387  3.97438  
1.45255  2.50139  1.71314  
1.46238  1.80469  3.0747  
0.48844  3.47616  2.6098  
1.48119  0.26981  4.01144  
0.402441  1.41051  5.48856  
0.804913  0.000424458  5.49362  
1.49372  2.54208  1.20377  
3.04164e-05  2.41973  4.77772  
1.51623  2.56459  0.717937  
1.51846  1.95374  2.58317  
0.658996  3.5244  2.05885  
1.52853  2.57663  0.236289  
1.54044  1.02085  3.51491  
0.00792933  3.56771  2.74435  
1.57003  2.02237  2.15328  
1.57142  1.3752  3.08614  
1.57867  3.17796e-05  3.68392  
0.878757  3.5837  0.411101  
0.883898  3.58824  4.18301e-05  
1.75089e-05  1.44347  5.59573  
1.59904  2.09987  1.7516  
1.60787  1.56034  2.69394  
0.101941  2.72347  4.38609  
0.780185  2.09128  4.54776  
0.786243  2.47217  4.08633  
1.61962  2.16167  1.37086  
1.62871  1.00254  3.14399  
1.63549  0.636698  3.31923  
1.63691  2.29981  0.00267502  
0.444556  1.0493  5.63951  
1.64337  1.66603  2.3353  
0.181201  3.65172  2.39592  
1.65619  0.290968  3.33997  
1.66329  1.2234  2.78116  
0.548212  3.66956  1.73706  
0.94454  1.76082  4.58322  
0.450969  2.08908  4.93467  
1.67273  1.76772  1.94675  
0.471633  2.79043  4.06923  
1.68799  0.000345568  3.21868  
0.998562  2.54331  3.53303  
0.603666  1.62303  5.17837  
1.00364  0.14579  5.18636  
1.693  1.35786  2.46115  
1.69339  1.85501  1.56565  
1.69483  1.99204  1.11305  
0.503287  0.74864  5.69934  
1.70031  0.883531  2.86893  
1.7109  2.00842  0.815239  
0.591618  3.71032  1.44641  
0.259502  3.709  2.11024  
0.887946  2.18647  4.26232  
0.751601  3.17628  2.87105  
1.71848  0.600672  2.93577  
1.02788  2.75401  3.07191  
1.71976  1.45919  2.14444  
0.163627  1.16307  5.71982  
1.71986  2.02079  0.523434  
1.72648  2.01471  0.244763  
1.72845  1.07033  2.55696  
0.610429  3.73184  1.16972  
0.540921  0.484563  5.73602  
1.73638  0.307156  2.95449  
0.0215288  3.27228  3.4687  
1.13182  2.77377  2.67612  
1.73928  1.59318  1.75053  
1.01516  1.50074  4.65429  
1.05229  1.16472  4.79526  
1.7422  0.000348283  2.94852  
1.74521  1.73795  1.33925  
1.74706  1.94766  0.000410588  
0.601647  2.85707  3.80816  
0.19828  2.16776  5.01076  
0.62896  3.75035  0.912491  
1.75074  0.818985  2.62817  
1.75139  1.20876  2.26012  
0.557688  0.232804  5.75272  
0.756617  1.205  5.25202  
0.293787  3.75728  1.86266  
