2  2.431e-06  
3.53082e-06  4  
1.20001  3.2  
1.48326  2.68325  
1.63122  2.31443  
0.834845  3.63486  
1.72155  2.03596  
1.78161  1.81756  
0.630793  3.79593  
1.01348  3.4484  
1.82386  1.64141  
1.30846  3.0252  
1.85483  1.49615  
0.502479  3.87171  
1.87826  1.37429  
1.37078  2.91273  
1.89641  1.27065  
1.09668  3.34506  
1.52827  2.58024  
1.91081  1.18121  
0.925042  3.54644  
0.415297  3.91282  
0.748417  3.70943  
1.92238  1.10356  
1.40918  2.83847  
1.55832  2.50732  
1.93185  1.03533  
1.6545  2.24737  
1.24268  3.1342  
0.352584  3.93736  
1.93968  0.974957  
1.14066  3.28569  
1.94626  0.921017  
1.57898  2.45508  
1.67128  2.19712  
1.4337  2.78892  
0.699755  3.74723  
1.95182  0.872769  
0.305602  3.95303  
1.7351  1.98943  
0.584488  3.82539  
0.967684  3.50064  
1.05122  3.40292  
0.88109  3.59093  
1.95656  0.829204  
1.26786  3.0936  
1.33108  2.98547  
0.795452  3.67003  
1.96063  0.789749  
1.68363  2.15908  
1.59348  2.41729  
0.269147  3.96362  
1.74537  1.95315  
1.96416  0.753925  
1.16528  3.25095  
1.79012  1.7838  
1.44979  2.75546  
1.96724  0.72109  
1.49719  2.65213  
1.96996  0.690685  
0.55542  3.84266  
0.240169  3.97106  
1.69278  2.13028  
1.75323  1.92477  
0.671588  3.76775  
1.97234  0.662976  
1.6038  2.38985  
0.475155  3.8855  
1.7968  1.75673  
1.21696  3.17429  
1.97445  0.637407  
1.34525  2.95995  
1.82951  1.61608  
1.28313  3.06828  
1.0714  3.37765  
1.38404  2.88753  
1.11558  3.31997  
0.989265  3.47642  
1.97632  0.613706  
0.216631  3.97647  
1.46051  2.73271  
0.858735  3.61252  
1.75932  1.90243  
1.97802  0.591507  
1.69963  2.10834  
0.903076  3.56901  
0.945774  3.52453  
1.80208  1.73496  
1.50671  2.63047  
0.774199  3.68816  
1.53714  2.55908  
0.727325  3.72614  
1.83407  1.59527  
1.17949  3.2304  
1.03073  3.42791  
1.97952  0.571025  
1.61121  2.36983  
1.85874  1.47664  
0.19714  3.98053  
1.98089  0.551727  
