2.00004  3.78125e-05  3.78125e-05  
4.02384e-05  4.00004  4.02384e-05  
3.91584e-05  3.91584e-05  6.00004  
0.480904  2.48074  4.48083  
0.854088  2.85335  3.33441  
0.91279  1.39332  4.91279  
1.0357  3.03581  2.36902  
1.05453  0.447207  5.05422  
1.13589  3.13591  1.50461  
4.98848e-05  3.12241  3.7503  
1.17368  2.02722  3.78981  
1.18678  3.18675  0.690798  
0.000535115  1.92186  5.26306  
1.27526  1.29421  4.19492  
1.29536  3.04781  5.68573e-05  
1.30975  2.33923  2.87375  
1.31143  7.79251e-05  4.53034  
0.25369  3.37962  3.12985  
1.39397  2.43839  2.26749  
1.41745  1.47234  3.61237  
1.4456  0.781162  3.97763  
1.45255  2.50003  1.71951  
1.46267  1.80042  3.07492  
0.503086  3.4673  2.5896  
1.48254  0.262459  4.013  
0.400162  1.40955  5.48774  
1.49143  2.54008  1.21248  
0.804518  0.000242719  5.49369  
5.24488e-05  2.42015  4.77729  
1.51666  2.56435  0.726045  
1.51849  1.95641  2.58084  
0.657051  3.52121  2.07602  
1.52804  2.57547  0.253049  
1.53835  1.02093  3.51562  
0.000455077  3.55325  2.75721  
1.56964  2.02436  2.14923  
1.57294  1.37323  3.08432  
1.57526  0.596136  3.58739  
0.713721  3.57788  1.65293  
1.5793  8.39144e-05  3.68174  
0.878409  3.58319  0.411513  
0.882322  3.58991  9.87497e-05  
5.63631e-05  1.45156  5.59108  
1.60087  2.10074  1.74391  
0.0934868  2.72936  4.37821  
1.60806  1.56403  2.68843  
0.78248  2.09054  4.54514  
0.787506  2.47011  4.09255  
1.62114  2.16089  1.36045  
1.62835  1.00166  3.1442  
1.63339  2.30862  0.00100852  
0.442754  1.0474  5.63751  
1.64383  1.66754  2.3306  
0.305697  3.64812  2.29844  
1.65179  0.653277  3.23852  
1.65528  0.308009  3.33624  
1.66329  1.21939  2.78567  
0.946743  1.76054  4.58411  
0.454763  2.09404  4.9368  
1.67426  1.75512  1.96554  
0.467455  2.80026  4.0572  
1.67979  0.000277902  3.25807  
0.998691  2.54269  3.53266  
0.604572  1.62517  5.17955  
1.6932  1.35903  2.46029  
1.00501  0.129812  5.18704  
1.69368  2.00074  1.08668  
0.000700338  3.65535  2.43955  
1.69846  0.917622  2.85406  
0.502174  0.747206  5.69986  
0.370577  3.70082  1.98786  
0.738129  3.1697  2.91747  
1.7076  2.01637  0.786038  
0.588088  3.70981  1.39107  
1.7129  0.629583  2.95071  
1.71679  2.02497  0.500823  
0.890164  2.18704  4.26177  
1.71781  1.71729  1.67923  
1.028  2.75427  3.06987  
1.72104  1.43112  2.17881  
1.72183  2.0302  0.221148  
0.000354828  3.26607  3.46504  
0.100887  1.17717  5.72673  
1.72819  1.07077  2.55812  
1.72853  0.35029  2.98407  
1.73457  8.83413e-05  2.98734  
0.614029  3.73557  1.12597  
0.54197  0.467864  5.73723  
1.13183  2.77207  2.68022  
1.73971  1.73958  1.40301  
1.05347  1.16214  4.79577  
0.0837885  3.74328  2.10609  
0.19774  2.16633  5.0094  
1.74795  1.46389  1.92671  
0.602104  2.86651  3.80501  
1.7497  0.719475  2.70041  
0.212339  2.87441  4.12994  
1.75229  1.16456  2.30656  
0.630754  3.75244  0.87821  
0.666722  1.84549  4.93337  
