2.00008  8.17456e-05  8.17456e-05  
5.27978e-05  4.00005  5.27978e-05  
3.88264e-05  3.88264e-05  6.00004  
0.474275  2.48339  4.48341  
0.854102  2.85392  3.3369  
0.912425  1.39642  4.91273  
1.03543  3.03608  2.3729  
1.05423  0.450812  5.05419  
1.13563  3.13558  1.50832  
4.37481e-05  3.12944  3.73708  
1.17284  2.0253  3.79452  
1.18694  3.1869  0.694255  
0.000249397  1.9202  5.2639  
1.27752  1.29025  4.19911  
1.29277  3.0523  9.6265e-05  
1.30893  2.34448  2.86781  
1.3108  0.000527202  4.5336  
0.272057  3.37677  3.11286  
1.3949  2.44319  2.25085  
1.41772  1.4708  3.61625  
1.44885  0.79045  3.96545  
1.45282  2.50452  1.70254  
1.46299  1.80596  3.07912  
0.504395  3.46955  2.5809  
1.48172  0.249102  4.01359  
1.49252  2.54473  1.19152  
0.805314  0.00140621  5.49409  
1.51568  2.5679  0.703605  
1.51795  1.95367  2.5858  
0.652587  3.51794  2.08032  
8.34657e-05  2.41481  4.78344  
0.330272  1.43173  5.52497  
1.52731  2.57856  0.223068  
1.54401  1.03027  3.49724  
0.00119469  3.55376  2.7554  
1.56894  2.02306  2.15467  
0.711152  3.57549  1.65522  
1.5764  1.38246  3.06535  
1.57906  0.609243  3.5836  
0.878703  3.586  0.417502  
1.58919  0.0171613  3.65541  
0.882739  3.59016  0.00401662  
1.59861  2.10285  1.74745  
0.0824492  2.73013  4.38404  
0.783131  2.47092  4.09334  
1.61317  1.55948  2.67755  
0.787201  2.08611  4.5493  
1.62109  2.15988  1.36511  
1.63331  1.0107  3.12943  
0.443434  1.06285  5.63809  
1.63888  2.29369  0.000274612  
0.203246  3.64405  2.39887  
1.65257  1.67644  2.28551  
0.00357998  1.33756  5.66009  
1.66082  0.643221  3.22738  
1.66773  0.244272  3.29317  
1.67256  1.77541  1.93944  
1.67284  1.18689  2.79908  
0.949267  1.75617  4.58592  
0.456803  2.09068  4.93968  
0.460977  2.80548  4.05995  
0.596494  1.60572  5.20869  
0.997423  2.54236  3.53689  
0.34158  3.68941  2.08131  
1.00226  0.147733  5.18771  
1.69496  1.83902  1.59344  
0.501468  0.754953  5.69738  
1.69747  1.98164  1.1215  
1.70288  0.781216  2.927  
1.70517  1.3679  2.43964  
0.58811  3.70954  1.39057  
1.70987  2.00188  0.830386  
0.744551  3.18036  2.88573  
0.887389  2.18607  4.26467  
0.000418345  3.27114  3.45446  
1.71856  0.476563  2.99898  
1.02774  2.75289  3.07471  
1.71978  2.01004  0.548682  
0.000148915  3.72204  2.19826  
1.72536  2.01766  0.270202  
1.72649  0.174947  3.0252  
1.72998  1.49179  2.07642  
1.72786  2.0157  0.000297385  
0.538766  0.485209  5.73251  
0.612591  3.73423  1.12209  
1.73695  0.955045  2.66432  
1.13388  2.77407  2.67401  
0.594539  2.86909  3.80041  
1.05312  1.15903  4.7961  
0.205329  2.87653  4.13067  
1.74886  1.73035  1.35897  
0.207045  2.16525  5.01422  
1.751  1.10844  2.40494  
0.557292  0.23455  5.75173  
0.630722  3.75204  0.874006  
0.182576  1.09187  5.75372  
0.755274  1.20772  5.25233  
0.656993  1.84601  4.9635  
0.341849  3.75676  1.83334  
1.03733  1.82431  4.34586  
