2  4.75983e-06  
6.68108e-06  4.00001  
1.20001  3.20001  
1.48326  2.68325  
1.63121  2.31446  
0.834849  3.63486  
1.72154  2.03598  
1.78164  1.81746  
0.630767  3.7959  
1.01353  3.44837  
1.82388  1.6413  
1.30846  3.02521  
1.85485  1.49604  
0.502521  3.87176  
1.87826  1.3743  
1.37078  2.91273  
1.89642  1.27063  
1.09668  3.34504  
1.52826  2.58028  
1.91079  1.18137  
0.925061  3.54642  
0.415325  3.91281  
0.748392  3.70941  
1.92236  1.10371  
1.40914  2.83856  
1.55831  2.50734  
1.93183  1.03546  
1.65449  2.2474  
1.24268  3.13422  
0.352624  3.93735  
1.93969  0.974943  
1.14066  3.28569  
1.94625  0.921124  
1.57897  2.4551  
1.67128  2.19714  
1.43369  2.78895  
0.699742  3.74725  
1.9518  0.872919  
0.305569  3.95304  
1.7351  1.98942  
0.58444  3.82543  
0.967715  3.5006  
1.05122  3.40292  
0.881101  3.59092  
1.95655  0.829345  
1.26786  3.09361  
1.33109  2.98551  
0.795469  3.67002  
1.96063  0.789796  
1.68362  2.15913  
1.59348  2.41731  
0.269013  3.96366  
1.74538  1.95313  
1.96419  0.753586  
1.16528  3.25094  
1.79015  1.7837  
1.44979  2.75547  
1.96727  0.720724  
1.49718  2.65217  
1.96997  0.690604  
0.555395  3.84271  
0.24009  3.97108  
1.69277  2.1303  
1.75325  1.92473  
0.671555  3.76778  
1.97236  0.662752  
1.6038  2.38986  
0.47516  3.88548  
1.79683  1.75661  
1.21697  3.1743  
1.97447  0.637166  
1.34525  2.95995  
1.82954  1.61593  
1.28315  3.06828  
1.07141  3.37763  
1.38401  2.88759  
1.11555  3.31999  
0.989308  3.47638  
1.97635  0.613388  
0.216548  3.97649  
1.46054  2.73266  
0.858739  3.61253  
1.75932  1.90242  
1.97803  0.591263  
0.903097  3.569  
1.69963  2.10836  
0.945819  3.52452  
1.80212  1.7348  
1.50669  2.63053  
0.774203  3.68816  
1.53713  2.5591  
0.727302  3.72615  
1.8341  1.59513  
1.17948  3.23039  
1.03074  3.42789  
1.97954  0.570716  
1.6112  2.36985  
1.85876  1.47651  
0.196552  3.98064  
1.9809  0.551559  
