2  3.69992e-07  
3.62748e-07  4  
1.2  3.2  
1.48326  2.68324  
1.63121  2.31444  
0.834858  3.63484  
1.72155  2.03596  
1.78161  1.81754  
0.630752  3.79589  
1.01353  3.44834  
1.82386  1.64138  
1.30848  3.02515  
1.85482  1.49619  
0.502421  3.87173  
1.87823  1.37442  
1.37079  2.91269  
1.89638  1.2708  
1.09669  3.34503  
1.52825  2.58028  
1.91076  1.18152  
0.925079  3.5464  
0.415272  3.91285  
0.748375  3.70941  
1.92235  1.10379  
1.40913  2.83855  
1.5583  2.50736  
1.93181  1.03558  
1.65449  2.24738  
1.24268  3.13417  
0.352601  3.93735  
1.93966  0.975173  
1.14066  3.28566  
1.94622  0.921378  
1.57896  2.4551  
1.67129  2.19707  
1.43367  2.78897  
0.699702  3.74722  
1.95178  0.873098  
0.305619  3.95302  
1.73509  1.98943  
0.584431  3.82541  
0.967716  3.50059  
1.05124  3.40288  
0.881122  3.59089  
1.95652  0.829571  
1.26786  3.09356  
1.33108  2.98545  
1.96059  0.790145  
0.795451  3.67002  
1.68361  2.15913  
1.59346  2.41734  
0.269192  3.9636  
1.74536  1.95318  
1.96413  0.754139  
1.16528  3.25092  
1.79013  1.78376  
1.44978  2.75545  
1.96722  0.721294  
1.49717  2.65215  
1.96992  0.691188  
0.555341  3.84271  
0.240227  3.97104  
1.69275  2.13034  
1.75323  1.92476  
0.671563  3.76776  
1.9723  0.66338  
1.60377  2.38991  
0.475026  3.88554  
1.7968  1.75671  
1.21697  3.17426  
1.97442  0.637757  
1.34527  2.9599  
1.28316  3.06822  
1.82951  1.61606  
1.07142  3.37761  
1.38401  2.88757  
1.11559  3.31995  
0.989306  3.47636  
1.9763  0.613986  
0.216529  3.97649  
1.46051  2.73269  
0.858765  3.61249  
1.75931  1.90244  
1.97798  0.59196  
0.903141  3.56894  
0.945792  3.52447  
1.69964  2.10831  
1.80209  1.73489  
1.50668  2.63054  
0.774213  3.68816  
1.53713  2.55908  
0.727305  3.72614  
1.83406  1.59528  
1.17948  3.23039  
1.9795  0.57131  
1.03075  3.42786  
1.61119  2.36987  
1.85872  1.47668  
0.197065  3.98054  
1.98086  0.552041  
