2.00005  4.66618e-05  4.66618e-05  
5.95416e-05  4.00006  5.95416e-05  
4.4733e-05  4.4733e-05  6.00004  
0.481159  2.48116  4.48088  
0.853919  2.85418  3.33313  
0.913989  1.39459  4.91355  
1.03577  3.0359  2.36898  
1.05446  0.448477  5.05398  
1.1363  3.13584  1.50285  
5.32667e-05  3.11084  3.77189  
1.17345  2.02723  3.79009  
1.18676  3.18685  0.689989  
0.000937114  1.92244  5.26332  
1.27433  1.3009  4.19387  
1.2961  3.04662  8.83625e-05  
1.30906  2.34416  2.86692  
1.3111  0.000101915  4.53128  
0.251939  3.37255  3.14424  
1.39452  2.43999  2.25973  
1.41757  1.47273  3.6115  
1.44547  0.791085  3.97575  
1.45349  2.49994  1.71106  
1.46182  1.80586  3.07244  
0.499192  3.46409  2.60261  
1.48202  0.273524  4.01373  
0.400341  1.40873  5.48634  
1.49263  2.53916  1.20237  
0.804599  0.000214321  5.49355  
5.55508e-05  2.41985  4.77764  
1.51675  2.56335  0.718737  
1.51809  1.95443  2.58335  
0.657041  3.52072  2.07478  
1.52869  2.57469  0.246401  
1.53882  1.02052  3.51445  
0.000281431  3.5491  2.76847  
1.56959  2.02441  2.1474  
1.57127  1.37702  3.08513  
1.57517  0.594422  3.58885  
0.712631  3.57588  1.6508  
1.57714  5.27245e-05  3.68992  
0.877052  3.5845  0.41225  
0.883911  3.58833  0.000107545  
6.39085e-05  1.43706  5.59952  
1.60009  2.09987  1.7455  
1.6079  1.56228  2.69282  
0.78252  2.09006  4.54566  
0.783884  2.47093  4.09139  
0.0994962  2.72305  4.38996  
1.62111  2.16011  1.36609  
1.62809  1.00501  3.14262  
1.63708  2.19893  1.00208  
0.442797  1.04699  5.63833  
1.6389  2.29319  0.015768  
1.64326  1.66708  2.33429  
0.205129  3.64504  2.39928  
1.65256  0.352794  3.33856  
1.65947  0.00346698  3.34946  
1.66447  1.19644  2.80144  
0.94444  1.75967  4.58392  
0.453185  2.09004  4.93388  
1.67287  1.77187  1.93903  
0.465088  2.79092  4.0697  
0.998464  2.54309  3.53283  
1.68975  0.71486  3.02827  
0.603845  1.62456  5.17604  
1.00351  0.141487  5.18592  
0.349649  3.6924  2.08951  
1.69288  1.35795  2.46227  
1.69496  1.84648  1.57378  
0.502826  0.745814  5.69886  
0.55318  3.07174  3.47027  
0.737558  3.16815  2.92129  
1.71012  0.424396  3.0479  
1.7115  1.90116  1.2291  
0.588717  3.71077  1.3902  
1.71299  2.0045  0.754438  
0.888919  2.18598  4.26117  
1.71873  0.921996  2.73959  
1.71886  0.0178022  3.06812  
1.02788  2.75459  3.06949  
1.72086  1.45644  2.15104  
1.72141  2.01513  0.446146  
9.67165e-05  3.25583  3.48585  
0.16056  1.1596  5.72243  
0.000963578  3.71931  2.21204  
0.53917  0.480121  5.7345  
0.611822  3.73473  1.12463  
1.13264  2.77405  2.67283  
1.74034  1.51551  1.891  
1.74042  1.09903  2.47804  
1.05258  1.16426  4.79546  
1.74319  0.642187  2.78161  
0.199378  2.16688  5.01031  
0.336818  3.74911  1.83668  
1.75103  1.59622  1.6383  
1.75112  1.93224  0.068635  
0.630138  3.75315  0.873213  
0.558119  0.216232  5.75357  
0.758514  1.20495  5.25287  
1.76721  0.377277  2.75286  
