2.00007  6.67746e-05  6.67746e-05  
5.05888e-05  4.00005  5.05861e-05  
5.63077e-05  5.63077e-05  6.00006  
0.482531  2.48238  4.48252  
0.854495  2.85447  3.33665  
0.914123  1.39614  4.9141  
1.03632  3.03602  2.37274  
1.05429  0.450397  5.05427  
1.13606  3.13598  1.50784  
5.96454e-05  3.11278  3.76831  
1.17293  1.75681  4.08434  
1.18667  3.18665  0.694238  
0.000346065  1.92318  5.26163  
1.27162  2.12815  3.35649  
1.29159  0.971561  4.34583  
1.29294  3.05198  8.04406e-05  
1.31077  0.000186967  4.53244  
1.33853  2.37351  2.69442  
0.259675  3.37403  3.14197  
1.4133  2.46477  2.10766  
1.4182  1.5412  3.54384  
1.4627  1.00322  3.80773  
0.501428  3.46507  2.60693  
1.46707  2.51799  1.57474  
1.47241  0.472342  4.0027  
1.48249  1.85485  2.91518  
0.397006  1.41068  5.48759  
0.807559  0.00330341  5.49678  
1.49878  2.55065  1.07319  
7.32669e-05  2.42189  4.77536  
0.654194  3.51829  2.07759  
1.51972  2.5715  0.590411  
1.52069  0.00117852  3.90243  
1.52838  2.57922  0.11708  
1.53432  1.99538  2.42244  
0.000201436  3.54749  2.77286  
1.55647  1.40974  3.11957  
0.711487  3.57542  1.65327  
1.57729  0.983085  3.3882  
1.58053  2.05998  1.99636  
0.877675  3.58473  0.415291  
0.883099  3.58926  0.00238439  
4.92943e-05  1.43257  5.60208  
1.60751  0.576724  3.479  
0.781492  2.09151  4.54639  
1.60929  2.12745  1.5991  
0.783265  2.47171  4.0916  
0.103853  2.72421  4.38716  
1.61304  1.51287  2.73015  
1.62343  0.199619  3.49218  
1.63091  2.18011  1.18335  
0.44409  1.0469  5.6365  
0.198776  3.64112  2.41289  
1.64703  1.06407  3.02377  
1.64972  2.20366  0.798764  
1.65027  1.70297  2.23041  
1.65475  2.24698  0.00810158  
0.930308  2.50983  3.74786  
1.66823  0.708468  3.14691  
0.452737  2.09258  4.93281  
1.68164  1.8038  1.79928  
0.465862  2.79506  4.06904  
1.68916  1.1977  2.67439  
0.604627  1.62446  5.17798  
1.69112  0.0096833  3.24751  
1.00266  0.123367  5.18869  
0.347784  3.69368  2.07992  
0.505616  0.743821  5.69748  
1.0414  2.73866  3.06196  
1.70442  1.84418  1.50156  
0.740972  3.16874  2.92636  
0.589314  3.71163  1.38859  
0.888462  2.18665  4.2619  
0.00010634  3.25926  3.47865  
1.71929  0.82098  2.83357  
0.00406889  3.71931  2.2083  
0.892564  1.81133  4.63171  
1.01451  1.52948  4.63645  
0.167351  1.15775  5.72532  
1.72583  1.52617  1.99324  
1.72998  1.97225  0.575862  
0.541837  0.478054  5.7343  
1.73619  0.530478  2.87891  
1.73711  1.98396  0.0713013  
1.73732  1.18577  2.41193  
0.617567  3.7392  1.1203  
0.598649  2.85841  3.81432  
0.198519  2.16821  5.00794  
1.08794  2.78522  2.81088  
1.75118  1.55515  1.73822  
1.02369  2.26077  3.88497  
0.560156  0.207113  5.75262  
0.755323  1.20656  5.25509  
1.04429  1.17231  4.8075  
1.16613  2.79128  2.52012  
0.633016  3.7552  0.871115  
1.76098  1.72212  1.24231  
1.76122  0.884165  2.59454  
0.897977  3.28441  2.15462  
0.0056575  2.87585  4.17757  
