2  2.27897e-07  
1.83228e-07  4  
1.2  3.19999  
1.48326  2.68325  
1.63121  2.31443  
0.834849  3.63485  
1.72154  2.03597  
1.7816  1.81757  
0.630739  3.79589  
1.01351  3.44836  
1.82385  1.64143  
1.30845  3.02519  
1.85482  1.49619  
0.502456  3.87172  
1.87824  1.37437  
1.37077  2.91273  
1.8964  1.27069  
1.09668  3.34502  
1.52825  2.58028  
1.91077  1.18143  
0.925078  3.5464  
0.415278  3.91282  
0.74838  3.70941  
1.92235  1.10375  
1.40913  2.83857  
1.5583  2.50735  
1.93182  1.03553  
1.65449  2.24737  
1.24267  3.13421  
0.352646  3.93736  
1.93965  0.97518  
1.14066  3.28567  
1.94622  0.921344  
1.57896  2.45509  
1.67129  2.19708  
1.43367  2.78897  
0.69971  3.74722  
1.95177  0.873119  
0.305595  3.95303  
1.73509  1.98944  
0.584435  3.82541  
0.967716  3.50059  
1.05122  3.40291  
0.881124  3.59089  
1.95652  0.829529  
1.26784  3.0936  
1.33106  2.98549  
1.9606  0.790024  
0.795456  3.67001  
1.68361  2.15912  
1.59346  2.41734  
0.269175  3.96361  
1.74535  1.9532  
1.96413  0.754129  
1.16527  3.25094  
1.79011  1.78381  
1.44977  2.75547  
1.96721  0.721312  
1.49717  2.65216  
1.96992  0.691182  
0.555392  3.84268  
0.24016  3.97106  
1.69276  2.13032  
1.75322  1.92479  
0.671579  3.76775  
1.9723  0.663478  
1.60378  2.3899  
0.475065  3.88552  
1.7968  1.75671  
1.21696  3.17428  
1.97441  0.637863  
1.34524  2.95995  
1.28313  3.06828  
1.82951  1.61602  
1.07141  3.37762  
1.38399  2.8876  
1.11558  3.31993  
0.989292  3.47638  
1.9763  0.613985  
0.216623  3.97647  
1.4605  2.73271  
0.858771  3.61249  
1.75932  1.90241  
1.97799  0.591794  
0.903145  3.56894  
1.69961  2.10838  
0.945792  3.52447  
1.80208  1.73493  
1.50666  2.63056  
0.774202  3.68815  
1.53714  2.55907  
0.727308  3.72614  
1.83407  1.59525  
1.17947  3.23038  
1.9795  0.571285  
1.03075  3.42786  
1.6112  2.36984  
1.85872  1.47668  
0.197095  3.98053  
1.98086  0.552119  
