2  3.65651e-06  
3.45934e-06  4  
1.2  3.20001  
1.48326  2.68325  
1.63122  2.31443  
0.834876  3.63486  
1.72155  2.03597  
1.78162  1.81751  
0.630746  3.79588  
1.01352  3.44836  
1.82387  1.64136  
1.30847  3.02517  
1.85484  1.49611  
0.502455  3.87172  
1.87825  1.37436  
1.37079  2.91269  
1.8964  1.27073  
1.09668  3.34503  
1.52826  2.58026  
1.91077  1.1815  
0.925074  3.54641  
0.41528  3.91283  
0.748407  3.70939  
1.92235  1.10381  
1.40915  2.83853  
1.55831  2.50734  
1.93182  1.0355  
1.6545  2.24737  
1.24264  3.13424  
0.352614  3.93735  
1.93967  0.97512  
1.14067  3.28567  
1.9463  0.920756  
1.57899  2.45505  
1.6713  2.19706  
1.43369  2.78895  
0.699739  3.7472  
1.95186  0.872442  
0.305622  3.95302  
1.73514  1.98928  
0.584423  3.82542  
0.967723  3.50059  
1.05124  3.40289  
0.881114  3.5909  
1.95658  0.829005  
1.26784  3.09361  
1.33107  2.98547  
0.795483  3.67  
1.96065  0.789622  
1.68361  2.15914  
1.59348  2.41731  
0.269265  3.96359  
1.7454  1.95303  
1.96418  0.753717  
1.16526  3.25095  
1.79014  1.78371  
1.44978  2.75547  
1.96726  0.720876  
1.49717  2.65217  
1.96998  0.690547  
0.555332  3.84271  
0.240279  3.97103  
1.69277  2.13029  
1.75327  1.92465  
0.671613  3.76774  
1.97235  0.662869  
1.60379  2.38988  
0.475128  3.8855  
1.79682  1.75665  
1.21698  3.17427  
1.97447  0.637177  
1.34528  2.95989  
1.28314  3.06826  
1.82952  1.61603  
1.07141  3.37763  
1.38406  2.88749  
1.11559  3.31994  
0.989315  3.47638  
1.97634  0.613517  
0.216709  3.97646  
1.46051  2.73271  
0.858778  3.61249  
1.75933  1.90238  
1.97802  0.591514  
0.903141  3.56895  
0.9458  3.52447  
1.69964  2.10831  
1.8021  1.73488  
1.50669  2.63053  
0.774227  3.68813  
1.53714  2.55908  
0.727314  3.72614  
1.83408  1.59524  
1.17948  3.23039  
1.03075  3.42786  
1.97953  0.570892  
1.61121  2.36983  
1.85875  1.4766  
0.197089  3.98054  
1.98089  0.551706  
