2  3.4696e-06  
2.01114e-06  4  
1.2  3.20001  
1.48327  2.68323  
1.63122  2.31443  
0.834849  3.63485  
1.72155  2.03595  
1.78162  1.81753  
0.630735  3.79589  
1.01353  3.44838  
1.82387  1.64137  
1.30845  3.02521  
1.85483  1.49618  
0.50247  3.87174  
1.87824  1.37437  
1.37078  2.91272  
1.89642  1.27061  
1.09667  3.34505  
1.52826  2.58026  
1.91078  1.1814  
0.92508  3.5464  
0.415313  3.91284  
0.748393  3.70943  
1.92236  1.1037  
1.40914  2.83855  
1.55831  2.50734  
1.93186  1.03522  
1.6545  2.24736  
1.24266  3.13421  
0.352635  3.93734  
1.93969  0.974906  
1.14066  3.28568  
1.94626  0.921079  
1.57897  2.45509  
1.6713  2.19705  
1.43369  2.78897  
0.699733  3.74722  
1.95182  0.87271  
0.305651  3.95302  
1.7351  1.9894  
0.584422  3.82543  
0.967717  3.5006  
1.05121  3.40293  
0.881125  3.5909  
1.95658  0.829008  
1.26784  3.0936  
1.33107  2.98547  
0.795452  3.67002  
1.96066  0.789452  
1.68362  2.15911  
1.59347  2.41733  
0.269239  3.96359  
1.74537  1.95314  
1.96419  0.753589  
1.16527  3.25095  
1.79012  1.78378  
1.44979  2.75545  
1.96728  0.72063  
1.49719  2.65213  
1.96999  0.690428  
0.555378  3.84269  
0.240264  3.97104  
1.69276  2.13033  
1.75324  1.92476  
0.671591  3.76775  
1.97236  0.662776  
1.60378  2.38989  
0.475104  3.88551  
1.79681  1.75669  
1.21696  3.17428  
1.34526  2.95993  
1.97457  0.635886  
1.28313  3.06828  
1.82951  1.61605  
1.0714  3.37765  
1.38402  2.88757  
1.11557  3.31995  
0.989318  3.47636  
0.216713  3.97645  
1.97647  0.611881  
1.46053  2.73272  
0.858766  3.6125  
1.75931  1.90246  
0.903144  3.56895  
1.69961  2.1084  
0.945803  3.52447  
1.97817  0.589401  
1.80212  1.73481  
1.50668  2.63055  
0.774169  3.68818  
1.53713  2.55909  
0.727331  3.72615  
1.83407  1.59525  
1.1795  3.23044  
1.03076  3.42786  
1.97969  0.568659  
1.61119  2.36988  
1.85874  1.4766  
0.197148  3.98052  
1.98105  0.549393  
