2  3.2369e-06  
1.43907e-05  4  
1.20003  3.20003  
1.48326  2.68325  
1.63122  2.31442  
0.834871  3.63484  
1.72155  2.03597  
1.78161  1.81755  
0.630759  3.79587  
1.01353  3.44835  
1.82386  1.6414  
1.30845  3.02521  
1.85483  1.49614  
0.502462  3.87171  
1.87825  1.37432  
1.37079  2.9127  
1.89641  1.27068  
1.09669  3.34502  
1.52826  2.58027  
1.91079  1.18132  
0.925084  3.5464  
0.41528  3.91283  
0.748383  3.70942  
1.92238  1.10357  
1.40914  2.83857  
1.55832  2.5073  
1.93185  1.0353  
1.65449  2.24737  
1.24265  3.13422  
0.352624  3.93735  
1.9397  0.974887  
1.14067  3.28567  
1.94626  0.921045  
1.57898  2.45506  
1.67129  2.19708  
1.43368  2.78896  
0.699697  3.74723  
1.95181  0.872841  
0.305639  3.95303  
1.7351  1.98941  
0.584403  3.82543  
0.967684  3.50063  
1.05124  3.40289  
0.881168  3.59085  
1.95656  0.829126  
1.26787  3.09363  
1.33107  2.98547  
0.795451  3.67003  
1.96064  0.789711  
1.68361  2.15917  
1.59347  2.41732  
0.269248  3.96359  
1.74538  1.95312  
1.96416  0.753849  
1.16529  3.25092  
1.79012  1.78382  
1.44978  2.75549  
1.96724  0.720996  
1.49717  2.65217  
1.96996  0.690729  
0.555387  3.84269  
0.240273  3.97103  
1.69276  2.13034  
1.75324  1.92474  
0.671559  3.76777  
1.97235  0.662809  
1.60379  2.38988  
0.4751  3.88551  
1.7968  1.75674  
1.21695  3.17431  
1.97446  0.637191  
1.34526  2.95993  
1.28312  3.0683  
1.82951  1.61604  
1.07144  3.37763  
1.38403  2.88755  
1.11558  3.31994  
0.989302  3.47638  
1.97635  0.613341  
0.216694  3.97646  
1.46052  2.73269  
0.858792  3.61247  
1.75933  1.9024  
1.97803  0.591304  
1.69963  2.10835  
0.903167  3.56893  
0.945775  3.5245  
1.8021  1.73488  
1.50668  2.63053  
0.774194  3.68816  
1.53714  2.55908  
0.727296  3.72615  
1.83406  1.59527  
1.17948  3.23038  
1.03075  3.42787  
1.97955  0.570574  
1.61121  2.36984  
1.85875  1.47659  
0.197159  3.98052  
1.98093  0.551146  
