2.00004  4.18276e-05  4.18276e-05  
4.99321e-05  4.00005  4.99319e-05  
4.46662e-05  4.46662e-05  6.00004  
0.480544  2.48052  4.48097  
0.855317  2.85389  3.33625  
0.914399  1.39466  4.9144  
1.03632  3.03637  2.37245  
1.05432  0.448384  5.0543  
1.13745  3.13762  1.49165  
4.26102e-05  3.11242  3.76893  
1.17367  2.02726  3.79  
1.19013  3.18993  0.622294  
5.17546e-05  1.92089  5.26297  
1.27418  1.30069  4.19355  
1.31053  2.34324  2.87286  
1.31131  7.02266e-05  4.53061  
1.34149  2.96715  0.000143578  
0.264697  3.37419  3.12665  
1.41839  1.47482  3.60816  
1.42117  2.38764  2.27881  
1.44587  0.7886  3.97481  
1.4656  1.80741  3.07414  
0.504311  3.46777  2.59587  
1.48163  0.26928  4.01103  
1.48758  2.45626  1.72632  
0.40343  1.41077  5.4878  
0.805681  0.00508053  5.49442  
4.99371e-05  2.42212  4.77504  
1.52122  2.48783  1.24135  
0.64064  3.52134  2.10065  
1.53565  1.92226  2.59137  
1.53896  1.02406  3.51146  
1.54322  2.50672  0.73092  
0.00121674  3.55078  2.76365  
1.55466  2.51494  0.24463  
0.906998  3.56545  0.267388  
1.57198  1.37833  3.08299  
1.57538  0.599798  3.58575  
1.57825  0.000169771  3.68622  
1.585  1.98801  2.1489  
4.42292e-05  1.44774  5.59329  
0.782477  2.09004  4.54617  
0.784832  2.47032  4.09065  
0.0892151  2.7215  4.38943  
1.61466  1.53805  2.6965  
1.62266  2.10522  1.57702  
1.62908  1.00701  3.13837  
0.44249  1.04719  5.63684  
0.195751  3.64361  2.40588  
1.65273  0.658944  3.23188  
1.65565  0.304193  3.33731  
1.65685  2.16561  1.07482  
1.66089  1.61896  2.33598  
0.557962  3.66187  1.74947  
1.66859  1.17826  2.79808  
0.451251  2.08899  4.93457  
0.947148  1.76282  4.58723  
1.67338  2.1895  0.217183  
0.464386  2.78957  4.06855  
1.68479  7.25945e-05  3.23358  
0.99981  2.5423  3.53232  
0.603524  1.62282  5.17712  
1.69326  1.77214  1.78674  
1.00487  0.0193139  5.18789  
0.550859  3.07334  3.46934  
0.504144  0.746353  5.69916  
0.60892  3.7016  1.42782  
0.742706  3.17115  2.91261  
1.7017  0.83016  2.90402  
1.70848  1.2603  2.50141  
0.00203802  3.26035  3.48237  
1.71327  1.83167  1.49595  
0.889366  2.18635  4.262  
1.02889  2.75428  3.07268  
0.000144401  3.72014  2.20553  
0.157131  1.16789  5.72176  
1.72493  0.478311  2.95437  
0.947095  3.52456  0.000718696  
0.539003  0.479434  5.73338  
1.73579  1.90783  1.01815  
1.73793  0.00673819  2.97024  
1.73169  1.51014  2.02684  
1.13039  2.77519  2.68212  
1.05393  1.16548  4.7969  
0.284576  3.74462  1.94995  
0.195233  2.16969  5.0103  
1.74764  0.953295  2.63957  
1.75053  1.90025  0.636697  
0.557527  0.230905  5.75184  
0.210609  2.86354  4.14178  
0.758896  1.20413  5.2529  
0.609868  2.82927  3.82782  
1.75974  1.90116  0.221106  
1.76268  1.51509  1.74857  
1.1839  2.78996  2.43675  
0.676213  3.72167  0.854426  
0.813114  3.19555  2.67534  
1.78461  1.12929  2.1728  
0.735202  3.73388  0.00882242  
0.899925  3.32786  1.96059  
