2.00004  3.62011e-05  3.62011e-05  
6.63852e-05  4.00007  6.63852e-05  
2.85139e-05  2.85139e-05  6.00003  
0.482079  2.48207  4.48207  
0.852986  2.85535  3.33733  
0.912736  1.39442  4.91219  
1.03604  3.03607  2.37317  
1.05432  0.448479  5.05418  
1.1361  3.13605  1.50921  
4.55033e-05  3.13573  3.72521  
1.17309  2.02804  3.7899  
1.18686  3.18621  0.69463  
0.00054464  1.92304  5.26211  
1.27437  1.30177  4.19236  
1.29262  3.05254  8.70137e-05  
1.30964  2.3312  2.88794  
1.3112  5.46632e-05  4.53084  
0.303926  3.38652  3.06658  
1.39305  2.43554  2.28111  
1.41798  1.47538  3.60704  
1.445  0.791068  3.9753  
1.45  2.50302  1.72878  
1.46519  1.7949  3.07192  
1.48117  0.272008  4.01146  
0.521361  3.48835  2.52813  
0.39856  1.41198  5.48902  
1.49026  2.54192  1.21584  
0.804522  7.75677e-05  5.49333  
0.000537464  2.42151  4.77679  
1.51722  2.56546  0.729123  
1.51776  1.95214  2.58935  
0.661948  3.52692  2.04088  
1.52719  2.57823  0.239814  
1.53859  1.02297  3.51343  
0.000196385  3.55786  2.74274  
1.56904  2.07049  2.0506  
1.57324  1.36789  3.08529  
1.57609  0.59698  3.58482  
1.57783  9.25553e-05  3.68748  
0.8768  3.58445  0.417415  
0.88277  3.59015  0.00509599  
0.0968386  2.73614  4.37659  
5.79086e-05  1.47364  5.57808  
1.60621  2.14636  1.56155  
1.6091  1.55814  2.6944  
0.782526  2.09178  4.54407  
0.782725  2.47286  4.09024  
1.6294  0.99603  3.1432  
1.63257  2.17987  1.15046  
1.63567  1.70393  2.32225  
0.438645  1.05425  5.64241  
1.647  2.21184  0.789217  
1.65015  2.26043  0.0243202  
1.65289  0.648823  3.23752  
1.65468  0.302892  3.33991  
0.246875  3.65943  2.31854  
1.66571  1.18731  2.80375  
0.94362  1.76251  4.58311  
0.454159  2.08953  4.93379  
1.67235  1.74708  1.99452  
0.450063  2.81079  4.05318  
0.544494  3.66921  1.74427  
1.68214  8.34545e-05  3.24604  
0.999706  2.54447  3.53279  
1.6886  1.83661  1.68462  
0.603926  1.62366  5.18009  
1.69256  1.37601  2.44529  
1.0049  0.101089  5.18704  
0.502512  0.751414  5.69801  
1.70169  0.808013  2.91066  
1.70571  1.88409  1.39017  
0.74692  3.19362  2.84673  
0.889579  2.18864  4.26033  
1.71693  1.46195  2.15985  
1.02703  2.75397  3.0739  
1.72002  0.526544  2.96012  
0.0460448  3.27733  3.44531  
1.71952  1.93265  1.00982  
0.0321331  1.19838  5.72474  
1.72909  1.98128  0.569569  
1.72491  1.10629  2.54597  
0.609892  3.7328  1.19962  
1.73369  0.255885  2.96734  
1.73586  1.98991  0.257435  
1.12613  2.77302  2.69987  
0.542732  0.489055  5.7383  
1.73998  1.56002  1.81542  
1.05231  1.16348  4.79532  
1.73965  5.89935e-05  2.96053  
1.74397  0.850411  2.64678  
0.201051  2.16778  5.00759  
0.627315  3.7503  0.941111  
1.75175  1.20323  2.26617  
0.557118  0.236544  5.75184  
0.557724  2.8856  3.80788  
1.75561  1.62162  1.55604  
0.759079  1.20466  5.25341  
0.0108231  2.8928  4.15024  
0.0577833  3.72739  2.17061  
0.567642  9.44425e-05  5.75344  
