2.00003  3.15943e-05  3.15943e-05  
2.67715e-05  4.00003  2.67715e-05  
1.66867e-05  1.66867e-05  6.00002  
0.480928  2.48074  4.48034  
0.855164  2.855  3.33545  
0.913706  1.39432  4.91368  
1.03602  3.03591  2.37141  
1.0544  0.448387  5.05415  
1.13575  3.13577  1.506  
2.64936e-05  3.11313  3.76755  
1.17348  1.75589  4.08311  
1.18742  3.1874  0.689614  
0.000491733  1.92185  5.26299  
1.27235  2.12708  3.35468  
1.29189  0.975144  4.3429  
1.29544  3.04775  9.09099e-05  
1.31122  3.88941e-05  4.53074  
1.33717  2.37296  2.6916  
0.256616  3.3716  3.13955  
1.41338  2.45922  2.10296  
1.41871  1.54545  3.54121  
1.46214  1.00726  3.80505  
0.49783  3.46508  2.60451  
1.4659  2.51325  1.56819  
1.47115  0.478409  4.00187  
1.48369  1.85594  2.91501  
0.400881  1.40932  5.48751  
0.804489  0.00295369  5.49328  
1.50038  2.54791  1.06793  
1.51453  3.50953e-05  3.91881  
0.000119105  2.41942  4.77826  
0.655446  3.51975  2.07446  
1.52091  2.5688  0.587052  
1.52982  2.57767  0.0460782  
1.5354  1.97784  2.44687  
0.000670281  3.54946  2.769  
1.55597  1.13942  3.36085  
0.711794  3.57656  1.64484  
1.58234  2.05508  1.99145  
0.879398  3.5841  0.404172  
1.58401  0.722684  3.502  
1.58645  1.4414  2.94565  
0.890977  3.58146  0.000153959  
2.2828e-05  1.45115  5.59127  
1.60941  0.331048  3.52794  
0.783551  2.47157  4.09051  
0.0995022  2.72354  4.38782  
1.61052  2.1218  1.59586  
0.785724  2.08312  4.5477  
1.62167  1.5991  2.56726  
1.63007  2.17271  1.21972  
0.441816  1.04668  5.63734  
1.64254  2.20984  0.857474  
1.64359  1.08282  3.00894  
0.210659  3.64487  2.39261  
1.6492  0.000250928  3.39563  
1.65139  1.70558  2.21874  
1.65189  2.23147  0.502787  
0.929664  2.5119  3.74775  
1.65867  2.23377  0.129286  
0.458075  2.08882  4.93539  
1.67481  1.27243  2.66709  
1.67737  0.760665  3.0739  
0.467745  2.79622  4.06421  
1.68328  1.75233  1.89876  
0.603415  1.62327  5.17734  
1.00376  0.137657  5.18578  
0.335926  3.69361  2.07528  
0.503158  0.745346  5.69869  
1.69957  0.45893  3.09557  
1.70095  1.81932  1.59555  
1.70241  1.40293  2.34313  
1.04076  2.73875  3.06277  
0.742473  3.16236  2.93346  
1.71075  0.982353  2.73738  
1.71081  0.16598  3.09871  
1.71106  1.88487  1.29614  
0.592374  3.71351  1.38454  
0.888601  2.18686  4.26306  
0.00010677  3.25696  3.48351  
0.154945  1.1701  5.71906  
1.72143  1.93068  1.01332  
1.01412  1.5281  4.63596  
1.72706  1.47591  2.06608  
1.72897  1.95344  0.735535  
1.73142  0.712244  2.80846  
0.0638201  3.73463  2.1432  
0.540192  0.480141  5.73571  
1.7361  1.96442  0.454659  
1.73731  1.12066  2.45214  
0.618257  3.73917  1.11641  
1.74066  1.97204  0.105574  
0.599561  2.84933  3.80864  
1.74679  0.457783  2.84171  
0.197445  2.16682  5.01032  
1.02223  2.26192  3.88407  
1.08752  2.78595  2.81308  
1.74946  1.57082  1.72165  
1.16404  2.7881  2.51425  
1.04499  1.17091  4.80746  
