2.00001  5.24241e-06  
4.64152e-06  4  
1.20001  3.20001  
1.48326  2.68325  
1.63122  2.31443  
0.834862  3.63485  
1.72157  2.0359  
1.78162  1.81751  
0.630756  3.7959  
1.01352  3.44837  
1.82388  1.64133  
1.30845  3.02521  
1.85484  1.49613  
0.502447  3.87172  
1.87824  1.37436  
1.37078  2.91271  
1.89642  1.27061  
1.09669  3.34504  
1.52826  2.58027  
1.9108  1.18132  
0.925077  3.54641  
0.415289  3.91285  
0.748406  3.70944  
1.92237  1.10365  
1.40912  2.83858  
1.55832  2.50731  
1.93183  1.03546  
1.65451  2.24732  
1.24266  3.13421  
0.352629  3.93734  
1.93967  0.975098  
1.14066  3.28567  
1.94625  0.921181  
1.57898  2.45507  
1.67131  2.19702  
1.43367  2.78898  
0.699735  3.74721  
1.95179  0.872967  
0.305562  3.95305  
1.73511  1.98937  
0.584457  3.82542  
0.967714  3.50061  
1.05125  3.40289  
0.881138  3.59089  
1.95654  0.829448  
1.26785  3.0936  
1.33108  2.98547  
0.795456  3.67003  
1.96062  0.789945  
1.68363  2.15908  
1.59348  2.41731  
0.269188  3.96361  
1.7454  1.95305  
1.96415  0.754039  
1.1653  3.25092  
1.79013  1.78374  
1.44977  2.75549  
1.96725  0.721001  
1.49718  2.65216  
1.96996  0.690685  
0.555427  3.8427  
0.240279  3.97103  
1.69278  2.13028  
1.75325  1.9247  
0.671592  3.76776  
1.97234  0.662997  
1.60379  2.38988  
0.475086  3.88552  
1.79683  1.75659  
1.21697  3.17431  
1.97446  0.637256  
1.34524  2.95995  
1.82952  1.616  
1.28313  3.0683  
1.07144  3.37761  
1.384  2.88761  
1.11562  3.31998  
0.989302  3.47638  
1.97635  0.61345  
0.216684  3.97646  
1.46052  2.73271  
0.858781  3.61249  
1.75934  1.90236  
1.97803  0.591377  
1.69965  2.10829  
0.903162  3.56898  
0.945823  3.52451  
1.80214  1.73472  
1.50667  2.63056  
0.774151  3.6882  
1.53715  2.55907  
0.727323  3.72613  
1.83408  1.59519  
1.17948  3.23038  
1.03076  3.42786  
1.97953  0.570895  
1.61121  2.36982  
1.85876  1.47651  
0.19712  3.98053  
1.98091  0.551366  
