2.2002  0.200196  0.200196  
0.00524559  4.00525  0.00524559  
0.00551467  0.00551467  6.00551  
0.64644  2.45162  4.45171  
0.994447  2.79973  3.24508  
1.059  1.31001  4.86446  
1.1906  2.99598  2.23408  
1.23064  0.340027  5.03607  
1.32097  1.87827  3.78521  
1.33177  3.13694  1.36458  
0.0664923  3.1636  3.84169  
1.3779  3.17731  0.100121  
1.47006  2.09454  3.0552  
1.4785  1.12511  4.16692  
1.50368  0.100125  4.3745  
0.0975885  2.04695  5.32415  
0.353031  3.36221  3.19727  
1.56115  2.35478  2.41667  
1.58736  2.5236  1.80157  
1.61054  1.32577  3.57698  
0.604567  3.41909  2.61102  
1.62208  2.59898  1.15297  
0.0693459  2.58652  4.73236  
1.64496  2.62173  0.587036  
1.64521  0.709825  3.79887  
0.708378  0.919265  5.48326  
1.67956  1.57325  3.05457  
1.70237  1.85522  2.55309  
0.840492  3.51417  1.88869  
1.71494  0.15012  3.88671  
1.7231  2.0439  2.052  
1.73465  0.920562  3.33379  
0.852285  0.0792548  5.54656  
1.75753  2.53201  0.150598  
0.933498  3.56084  1.16733  
1.76371  2.09464  1.58075  
0.274548  1.61251  5.57114  
0.162859  3.5724  2.80838  
0.894219  2.38507  4.02959  
0.957361  3.58459  0.745867  
1.78326  1.18076  2.91448  
0.917171  1.98081  4.48621  
1.81081  0.150146  3.49375  
1.81014  1.6209  2.23929  
0.450256  3.61576  2.25399  
1.00075  3.62823  0.36878  
1.82599  2.15884  1.20712  
0.69175  1.69082  5.11668  
0.295382  2.80286  4.36856  
0.837082  3.06575  2.92753  
1.85521  2.18826  0.855785  
1.85812  1.2769  2.57165  
1.85834  1.74679  1.88148  
1.13768  1.5906  4.52318  
0.554008  2.8239  4.02862  
0.501353  3.66636  1.91492  
0.379732  2.24357  4.98633  
1.86935  2.19518  0.150415  
0.88408  1.03192  5.15536  
1.87879  0.150148  3.16779  
0.110614  3.68048  2.48795  
1.14567  2.47326  3.51151  
1.23945  2.67719  2.83521  
0.391131  1.2857  5.68778  
1.01195  2.07563  4.16935  
1.89651  0.877697  2.86402  
1.20376  1.00507  4.73748  
0.050168  3.30031  3.54764  
1.90882  1.86716  1.39791  
0.640831  3.71385  1.62415  
0.928702  3.71573  0.0880297  
0.568659  0.551753  5.722  
1.92132  1.90226  1.09206  
1.92325  1.34045  2.28959  
1.92923  0.150167  2.89141  
1.9286  1.00276  2.59254  
1.93045  1.92155  0.811504  
1.31802  2.86415  1.98244  
0.110754  2.31722  5.05516  
1.11048  0.100173  5.27835  
0.186255  3.73918  2.22136  
1.23797  0.72511  4.77026  
0.574698  3.0335  3.61167  
1.93671  1.45778  2.01423  
1.93691  1.93209  0.543994  
1.94322  1.92647  0.151031  
0.0546818  2.90255  4.26796  
1.0713  3.30023  1.73864  
0.65919  2.19207  4.73343  
1.35382  1.62168  3.94242  
0.672467  3.74866  1.36708  
0.891213  2.56675  3.77477  
0.806531  1.75389  4.86396  
1.94726  1.58586  1.68738  
1.95273  1.09259  2.34128  
1.23239  1.33371  4.49162  
1.51442  2.93151  0.101167  
1.25947  0.100235  4.98957  
1.95648  0.595754  2.6476  
1.96412  1.66629  1.26501  
