2.10203  0.102035  0.102035  
0.00743082  4.00743  0.00743082  
0.0503619  0.0503619  6.05036  
0.572146  2.47727  4.51985  
0.90085  2.8065  3.31818  
0.968337  1.34545  4.91841  
1.09152  2.99727  2.30787  
1.13221  0.374824  5.07897  
1.21383  1.8839  3.85851  
0.0549897  3.16095  3.83577  
1.26031  3.16163  1.18958  
1.29695  3.19986  0.0586936  
1.34183  1.00567  4.23802  
1.40775  2.12899  3.16539  
1.41625  0.120788  4.44193  
0.0893132  1.99156  5.36606  
1.46389  2.36  2.52784  
1.4711  1.30255  3.60719  
0.285415  3.38206  3.20689  
1.49944  2.55643  1.88315  
0.532915  3.44953  2.64774  
1.54645  2.60346  1.30358  
1.57054  2.66592  0.0552552  
1.58254  0.0541439  3.92405  
0.776951  0.00470887  5.5394  
1.5897  1.62186  3.0907  
0.0772361  2.66505  4.65241  
0.660503  3.51682  2.06869  
1.62519  1.87755  2.60653  
0.315927  1.53033  5.58782  
1.64865  0.864312  3.47084  
0.810873  3.55209  1.46789  
1.65706  2.10012  2.04329  
0.107905  3.5835  2.81327  
1.68363  0.320133  3.50434  
0.882125  3.5919  1.02603  
1.69309  2.15668  1.57171  
1.69654  1.21596  3.06349  
0.81206  2.07281  4.54794  
0.821956  2.42128  4.12934  
1.70597  2.19984  1.18473  
1.71963  2.27544  0.0558064  
0.225552  3.6367  2.43798  
0.604958  1.66009  5.21677  
1.74205  1.5879  2.37348  
0.46145  2.80153  4.17413  
1.74641  0.0536992  3.2494  
0.420055  1.17345  5.69265  
0.940787  3.65231  0.0606504  
0.271242  2.29527  5.01471  
1.06415  2.46092  3.55027  
1.76919  1.2243  2.66016  
1.13245  2.66499  2.97103  
1.76727  0.88145  2.91866  
0.761169  3.11879  3.00282  
1.07437  0.0527511  5.21091  
0.986121  1.6549  4.59614  
0.496202  3.69385  1.7951  
1.7907  1.96063  0.960006  
1.79427  1.56799  2.0643  
0.15314  2.85349  4.34375  
0.599448  2.85927  3.87316  
1.80199  0.549853  2.88539  
1.80725  0.0544106  2.94372  
0.478098  0.853838  5.75219  
1.80588  1.9734  0.547976  
0.928644  2.13447  4.25736  
1.82072  1.9953  0.104236  
0.793807  1.12714  5.25841  
1.13693  0.816062  4.79805  
0.982772  3.25641  1.95357  
0.219879  3.73019  2.13263  
1.22491  2.86305  2.06047  
0.0960148  1.37429  5.7808  
1.83315  1.53384  1.79099  
1.83561  1.69433  1.34339  
0.495556  3.11303  3.57357  
0.511443  0.419068  5.7845  
0.702147  1.83155  4.95344  
0.494058  3.74571  1.52627  
1.27918  2.90415  1.75385  
1.00774  3.29121  1.68122  
0.0523986  3.28627  3.58363  
1.85028  1.68895  1.06359  
1.85109  0.267134  2.68182  
1.85565  1.72783  0.797899  
0.821739  2.57628  3.88601  
1.16543  2.42069  3.31081  
1.86002  0.816582  2.39408  
0.571981  2.2422  4.75704  
1.86702  1.7397  0.491016  
1.10794  1.40591  4.56717  
0.759852  3.2192  2.77529  
1.87761  1.20945  2.14337  
0.346323  2.43812  4.79228  
0.216027  3.78022  1.91104  
1.8822  1.45155  1.37059  
1.88233  0.393745  2.46467  
0.647188  3.79013  1.30937  
0.72492  3.79311  0.769428  
