2.20014  0.200142  0.200142  
0.00330895  4.00331  0.00330895  
0.00705078  0.00705078  6.00705  
0.647044  2.44998  4.45381  
0.981142  2.79977  3.24977  
1.05594  1.30624  4.86281  
1.1909  2.99397  2.24016  
1.23623  0.100126  5.03809  
1.31797  1.72152  3.95651  
1.33181  3.13565  1.37168  
0.0850901  3.16519  3.83226  
1.37877  3.176  0.100168  
1.43511  2.03659  3.19157  
1.48353  0.946251  4.2432  
1.51395  0.100212  4.34429  
0.0865308  2.04625  5.31652  
1.54083  2.33511  2.53308  
1.58451  2.51144  1.85756  
0.575827  3.39253  2.7928  
1.61414  1.23184  3.63407  
0.0654436  2.58271  4.72834  
1.62207  2.59774  1.15742  
1.64493  2.62031  0.602283  
1.65306  0.630715  3.79636  
0.511637  1.50242  5.46294  
0.0445965  3.4718  3.13848  
0.664371  3.47686  2.26677  
0.714273  0.874563  5.48514  
1.68242  1.80916  2.72654  
1.71199  1.31963  3.14567  
1.71413  2.02126  2.16203  
1.72193  0.150156  3.86038  
0.853115  3.52538  1.78871  
1.7414  0.858351  3.33589  
1.74655  2.56019  0.150277  
1.75021  2.11091  1.65241  
0.93478  3.55934  1.17003  
0.807783  0.393107  5.57893  
1.77962  1.38766  2.72513  
0.897543  2.3796  4.04047  
0.169369  3.59109  2.72391  
0.967047  3.59155  0.519544  
0.911271  1.97184  4.48362  
1.79653  1.61712  2.32121  
0.110553  1.64516  5.60378  
1.80547  2.16294  1.25434  
1.8157  0.150142  3.47176  
1.82568  0.992119  2.95881  
0.536827  2.09203  4.94128  
1.01319  3.6382  0.154399  
1.83813  1.74423  1.92899  
0.297389  2.8046  4.36564  
1.07699  2.44639  3.68672  
0.311729  3.64941  2.36835  
1.84769  2.20719  0.894745  
0.50569  3.65577  1.95789  
0.711115  1.68997  5.11831  
0.756179  0.0539143  5.66404  
1.86248  2.21829  0.15046  
0.853128  3.05641  2.93889  
0.562737  2.82903  4.02897  
1.87013  0.592258  3.13956  
0.886239  1.0237  5.15568  
1.21332  2.66729  2.95132  
1.88229  0.150156  3.14974  
0.549446  3.68767  1.64224  
1.17301  1.44697  4.55147  
1.00789  2.06083  4.17337  
0.406515  1.21202  5.69942  
0.545945  3.08677  3.53452  
0.22619  2.28068  5.01522  
1.90252  1.86082  1.4896  
1.90428  1.32045  2.4361  
1.91573  1.92206  1.10152  
1.91584  0.739226  2.82685  
1.23064  0.818391  4.75453  
0.960914  0.172745  5.38886  
1.92499  1.46867  2.08856  
0.707427  2.81298  3.75457  
1.05901  3.25156  2.00037  
1.93199  0.15019  2.87541  
1.92691  1.04615  2.55546  
1.31624  2.86645  1.98239  
1.9366  1.94939  0.150311  
0.054804  2.90444  4.26539  
0.145289  1.38386  5.7447  
0.674569  3.74316  1.38199  
1.94399  1.56526  1.74568  
0.140152  3.75005  2.17552  
1.08042  3.30601  1.66201  
0.803425  3.22622  2.60592  
1.95292  1.20087  2.21922  
1.37074  1.80164  3.71296  
1.95831  1.66654  1.34561  
0.814211  1.74628  4.8766  
1.19355  2.42622  3.44586  
1.95903  0.596728  2.6244  
1.13766  3.31828  1.20404  
0.795187  3.76226  0.050155  
1.96928  0.338731  2.64136  
