2.00521  0.0052107  
0.0971781  4.09718  
1.1667  3.25842  
1.48176  2.73494  
1.62398  2.35318  
0.794492  3.72495  
1.71769  2.06512  
1.78155  1.84029  
0.963434  3.52145  
0.593057  3.89515  
1.29178  3.06709  
1.82599  1.65903  
1.85706  1.51135  
0.463683  3.96767  
1.88379  1.3902  
1.36298  2.94848  
1.51678  2.62694  
1.89923  1.28244  
1.064  3.41878  
0.87452  3.63572  
1.91892  1.191  
0.708382  3.80812  
1.39748  2.8644  
0.380664  4.01399  
1.92857  1.11185  
1.5476  2.5499  
1.21718  3.18459  
1.64797  2.28136  
1.93655  1.04029  
1.10277  3.35441  
1.94471  0.978979  
1.0043  3.46154  
0.321942  4.0385  
1.57103  2.49653  
1.95294  0.926179  
1.6675  2.22656  
0.912953  3.58615  
1.73243  2.01286  
1.24325  3.13551  
1.31495  3.01866  
0.659563  3.84714  
1.95836  0.875879  
0.547271  3.92186  
1.96087  0.83012  
0.278716  4.05416  
1.12489  3.31293  
0.753741  3.76712  
1.96499  0.786759  
0.835128  3.68516  
1.74371  1.97525  
1.58656  2.4527  
1.78865  1.80236  
1.68063  2.18781  
1.9719  0.749942  
1.41815  2.83209  
0.246557  4.06545  
1.97379  0.717464  
1.33201  2.98668  
1.75082  1.94473  
1.97511  0.685951  
1.48706  2.70399  
0.517688  3.93836  
1.68961  2.15843  
1.97715  0.657023  
1.59596  2.42374  
1.7985  1.77201  
0.631568  3.86815  
0.436702  3.98747  
1.26579  3.10955  
1.83111  1.63315  
1.03799  3.43567  
1.077  3.39258  
0.937853  3.56056  
0.221  4.07169  
1.97989  0.622614  
1.19236  3.23278  
1.37222  2.92375  
1.14256  3.28859  
0.980839  3.49784  
1.98175  0.597584  
1.52436  2.60123  
1.49358  2.6797  
0.850801  3.66227  
1.75881  1.9203  
1.86127  1.48742  
0.890592  3.61294  
1.83571  1.60924  
1.8047  1.75019  
0.687355  3.8261  
1.98424  0.572616  
1.6969  2.13616  
0.200301  4.0766  
0.732704  3.78759  
1.98483  0.548019  
1.60388  2.40233  
1.98577  0.527759  
1.4979  2.66013  
0.775631  3.74763  
1.86521  1.46346  
0.498877  3.94929  
