2.20023  0.200226  0.200226  
0.00578406  4.00578  0.00578406  
0.00487591  0.00487591  6.00488  
0.644937  2.45023  4.44845  
0.994468  2.80078  3.24301  
1.05954  1.29794  4.86414  
1.19065  2.99649  2.23422  
1.23717  0.100248  5.03651  
1.31741  1.7073  3.97215  
1.32814  3.13426  1.36206  
0.0530756  3.15589  3.83965  
1.37811  3.17709  0.100165  
1.43276  2.03344  3.2048  
1.4785  0.844979  4.30455  
1.51319  0.133663  4.34644  
0.0987803  2.04758  5.3265  
1.54284  2.33927  2.54738  
0.35853  3.36939  3.2022  
1.58365  2.51799  1.84478  
1.6109  1.20195  3.6681  
0.60623  3.42166  2.61738  
1.62569  2.57201  1.24593  
0.0765121  2.58732  4.74724  
1.64285  2.61944  0.682362  
1.65728  0.554856  3.80332  
0.521243  1.50899  5.46611  
1.67368  1.5102  3.14173  
0.7175  0.906744  5.48536  
0.677221  3.49441  2.10577  
1.6929  1.83205  2.63476  
1.70162  2.67353  0.149904  
1.71353  2.03132  2.146  
0.865939  3.54447  1.64532  
1.74097  1.01259  3.24706  
1.74982  2.12461  1.6136  
0.934088  3.5631  1.16021  
0.804769  0.466834  5.5725  
0.173873  3.57385  2.81122  
1.77288  0.150155  3.65739  
1.77544  1.40702  2.72896  
0.958035  3.58549  0.73922  
0.640022  2.02907  4.90784  
0.901647  2.38974  4.03654  
0.820767  0.0527163  5.58945  
0.914261  1.98981  4.48848  
1.79851  1.63175  2.28553  
0.125662  1.65213  5.60978  
0.278502  2.78127  4.3703  
1.83041  0.636388  3.28649  
1.83451  2.30696  0.150157  
1.83536  1.04199  2.88252  
1.8379  1.7606  1.90492  
0.310112  3.64792  2.41582  
1.02156  3.64992  0.18435  
1.07612  2.44496  3.68082  
1.8516  0.150108  3.30359  
0.839289  3.0703  2.92781  
0.708003  1.67107  5.11489  
0.533356  3.67151  1.80129  
0.570143  2.82542  4.04055  
1.21502  2.66784  2.94355  
0.313523  2.26107  5.00028  
0.884928  1.02306  5.16003  
1.8828  1.98967  1.32486  
1.89035  0.731208  2.97585  
1.01235  2.08347  4.15187  
1.17364  1.43868  4.55686  
1.89936  2.00565  1.02039  
1.90206  1.33224  2.43755  
1.90875  0.150147  3.00775  
0.422706  1.23149  5.71074  
0.0559105  3.30824  3.5488  
0.706414  2.81537  3.7526  
1.19187  1.03265  4.75173  
1.91823  2.01988  0.150166  
1.26177  2.71536  2.66067  
1.91899  1.05245  2.6016  
1.92354  1.47472  2.05334  
0.0471529  3.72934  2.3301  
0.516454  3.73134  1.52624  
1.92639  1.71353  1.62537  
0.963137  0.697432  5.29977  
1.05805  3.26133  1.96926  
1.24456  0.6899  4.76785  
1.3165  2.86893  1.97574  
1.93819  0.780983  2.70237  
0.547306  0.51342  5.74762  
0.260019  3.74824  2.07216  
1.95195  0.150127  2.75413  
1.94763  1.74745  1.25012  
0.805765  3.75402  0.0503316  
0.985038  0.417827  5.32591  
0.173126  1.40316  5.75546  
1.95225  1.17375  2.24717  
1.08094  3.29384  1.7222  
1.36729  1.79706  3.72752  
1.95759  1.47204  1.79639  
0.061675  2.91524  4.26548  
1.95971  1.7793  0.922023  
1.96454  0.78808  2.49661  
