2.30016  0.30016  0.30016  
0.00995053  4.00995  0.00995053  
0.0334505  0.0334505  6.03345  
0.675957  2.38491  4.40896  
1.07241  2.78239  3.18125  
1.10933  1.19352  4.84269  
1.2417  2.9509  2.12286  
1.26479  0.100433  4.9788  
1.37075  1.59875  3.91303  
1.37774  3.08717  1.2004  
1.41956  3.10653  0.100254  
0.0657336  3.17186  3.83446  
1.52362  0.750837  4.20272  
1.52774  2.01386  3.14395  
1.59763  2.24842  2.44021  
0.0983753  2.02768  5.35433  
0.397223  3.33406  3.15969  
1.63665  2.42178  1.72134  
1.66112  1.06356  3.56477  
1.68469  0.150488  3.99966  
1.67624  2.47828  1.06425  
0.631195  3.39918  2.54846  
0.526061  1.44444  5.44961  
0.0933159  2.58933  4.77074  
1.72216  1.47234  2.94744  
1.75413  2.5398  0.150235  
0.711245  0.808835  5.48004  
1.76753  1.88895  2.04906  
1.81228  0.150473  3.48897  
0.87497  3.50748  1.77878  
1.8192  1.39878  2.47244  
1.83322  1.99557  1.53006  
0.962314  3.55261  1.00924  
0.811475  0.352484  5.58014  
0.0382207  3.55804  2.88857  
1.8558  0.954126  3.04381  
0.929194  2.36436  3.96709  
0.983639  3.57377  0.526382  
0.93767  1.92974  4.44442  
1.8948  2.1061  0.150203  
1.89974  0.150525  3.0595  
0.116911  1.61886  5.62415  
0.278696  2.77269  4.37154  
0.467685  3.61235  2.18524  
0.682292  2.94411  3.51804  
1.91555  1.01436  2.65924  
1.91757  1.50616  2.09004  
1.04046  3.6307  0.104305  
1.15271  2.40834  3.59319  
0.735931  1.61513  5.07626  
1.96337  0.150776  2.68664  
0.350905  2.22185  4.99072  
1.98243  1.75494  0.150398  
0.528046  3.66343  1.83864  
0.862002  3.05347  2.90704  
1.95765  1.1592  2.22774  
0.125008  3.66876  2.54728  
1.26035  2.61341  2.88964  
1.96837  1.422  1.76786  
2.01114  0.15111  2.35627  
0.708644  0.0526827  5.71663  
0.799667  1.29136  5.17141  
1.99204  1.44662  1.45982  
1.21692  1.33203  4.53212  
1.38207  0.456928  4.67672  
1.99855  1.11914  1.92674  
0.254884  1.31473  5.733  
1.3928  0.101328  4.68269  
0.395543  2.87515  4.0764  
1.30683  2.65884  2.59817  
0.665894  3.71918  1.54808  
2.0097  1.46291  1.16862  
0.420058  1.02527  5.74484  
2.01537  0.833398  2.06218  
0.182902  3.72307  2.25813  
0.982614  0.59495  5.29542  
1.01969  2.0822  4.16184  
2.02076  1.16013  1.64414  
0.658971  2.10258  4.73892  
2.02224  1.47531  0.887033  
1.35951  2.67615  2.30805  
1.10618  3.28082  1.62841  
0.825911  2.67738  3.72075  
2.0337  0.554237  2.0816  
1.39612  1.78445  3.648  
0.1365  3.29484  3.57022  
0.265396  3.74678  1.98177  
2.06043  1.49264  0.193934  
2.03815  1.19167  1.38162  
2.03869  0.897938  1.78356  
1.00215  0.100317  5.45572  
0.853401  1.68699  4.81928  
0.096494  2.33264  5.07135  
2.07595  0.180532  2.09513  
0.790825  3.76004  0.366347  
2.05138  1.21619  1.12635  
0.794044  3.76347  0.119362  
0.463818  0.604097  5.78845  
0.0644412  2.92775  4.2541  
1.35637  2.37114  2.97424  
