2.05278  0.0527795  
0.097675  4.09767  
1.1844  3.22832  
1.54143  2.71659  
0.813373  3.72674  
1.68737  2.34943  
1.77749  2.07433  
1.31987  3.00666  
1.8373  1.85439  
0.607532  3.89148  
0.980665  3.52231  
1.87873  1.67889  
1.90887  1.53512  
1.39933  2.86407  
1.06184  3.39935  
0.485528  3.9758  
1.93368  1.41526  
1.95068  1.31183  
1.58565  2.61438  
0.89128  3.63726  
1.96582  1.22103  
0.72675  3.80375  
0.404678  4.01692  
1.97794  1.1442  
1.24639  3.15465  
1.61499  2.54197  
1.11688  3.3322  
1.98614  1.07707  
1.71208  2.28381  
1.47811  2.80081  
1.99334  1.01623  
0.349618  4.04277  
2.00124  0.962982  
1.63591  2.48907  
0.556708  3.92486  
1.27014  3.1043  
0.677569  3.8424  
1.72871  2.23329  
0.932089  3.58865  
1.35119  2.95835  
1.42965  2.81594  
1.01387  3.47434  
2.00545  0.914783  
1.79056  2.02686  
2.00981  0.869184  
0.850579  3.68532  
0.772725  3.76244  
1.14371  3.29176  
0.30983  4.05783  
2.0142  0.826658  
1.65106  2.45095  
1.74191  2.19424  
2.01807  0.788605  
1.80264  1.99131  
1.08264  3.36598  
1.36598  2.92412  
1.28656  3.07052  
1.84602  1.8217  
2.02031  0.754861  
1.51086  2.76971  
0.279301  4.06715  
1.55526  2.68558  
0.526388  3.94597  
1.21725  3.19916  
1.0326  3.44522  
2.02375  0.721978  
0.9517  3.55982  
1.80883  1.96209  
0.457683  3.98921  
0.650041  3.86362  
1.7502  2.16758  
1.66073  2.42295  
2.02628  0.694265  
1.15802  3.26557  
1.8532  1.79541  
2.02801  0.66792  
0.254718  4.07339  
1.88482  1.65432  
2.03067  0.641241  
1.3774  2.90196  
0.910218  3.61499  
0.750973  3.78202  
0.869612  3.66343  
1.29822  3.04846  
0.705131  3.82052  
1.81548  1.94054  
2.03161  0.61698  
1.56516  2.66216  
1.85847  1.77321  
1.91343  1.51373  
0.830437  3.70596  
1.59487  2.59194  
0.587155  3.9048  
1.75784  2.14234  
0.994372  3.50233  
0.235208  4.07822  
2.03333  0.593972  
1.88954  1.63408  
1.66813  2.403  
1.52283  2.75072  
