2.0557  0.0556992  0.0556992  
0.0117534  4.01175  0.0117534  
0.00023481  0.00023481  6.00023  
0.546865  2.50081  4.49133  
0.887776  2.84241  3.31941  
0.937912  1.38342  4.88075  
1.11277  3.06648  2.372  
1.14654  0.0568629  5.08812  
1.20941  3.16376  1.52274  
0.0510534  3.17372  3.80074  
1.24803  1.81505  4.06449  
1.2717  3.22653  0.27315  
1.35319  2.13718  3.36076  
1.38425  0.89722  4.41532  
0.0883871  2.02435  5.33883  
1.40632  2.41379  2.70431  
1.41734  0.0722093  4.44918  
0.503967  3.40371  2.84783  
1.47031  2.56784  2.06107  
1.49516  1.55365  3.56874  
1.51572  2.65158  1.3486  
1.52137  1.01697  3.88204  
1.53354  2.74508  0.053891  
0.652227  3.50171  2.15074  
1.55153  1.90756  2.89084  
1.55792  0.519014  3.95027  
0.66725  0.984304  5.52091  
0.0716706  2.69837  4.59672  
0.0427479  3.55045  2.92651  
1.59559  2.09657  2.35925  
1.59739  0.0602495  3.89884  
1.61885  1.12852  3.44195  
0.70303  0.549008  5.5635  
1.63398  2.18049  1.8839  
0.792419  3.59272  1.73129  
0.25182  1.60879  5.58409  
0.831025  2.08563  4.47794  
1.64234  1.48893  3.02562  
0.866489  3.60714  1.30351  
0.841957  2.43724  4.07419  
1.65929  2.34688  1.09206  
1.66656  0.725692  3.4791  
0.257814  3.61871  2.53908  
0.894334  3.63227  0.918832  
0.951835  3.63543  0.0740086  
1.68249  2.37272  0.245314  
0.982164  2.47719  3.70883  
1.69132  0.123264  3.50176  
0.782917  0.1342  5.63512  
0.475311  2.8104  4.13256  
1.693  1.63907  2.64666  
1.70659  1.08153  3.09432  
0.260391  2.30734  4.99346  
0.600285  1.72106  5.19033  
1.72501  2.00979  1.5966  
0.791707  3.08173  3.00419  
0.465313  3.69223  1.89113  
1.73802  1.69191  2.31582  
1.73754  0.682839  3.16455  
1.73759  1.24965  2.77885  
0.354099  1.29373  5.68422  
0.837461  1.09054  5.20535  
0.169806  2.87155  4.29311  
1.75577  0.343343  3.19793  
1.75713  2.06015  0.994117  
0.991379  1.65924  4.58476  
0.592101  2.86509  3.83644  
0.0428854  3.7184  2.33866  
0.513321  3.71842  1.5971  
0.956689  2.14443  4.18627  
1.76968  1.72563  1.97994  
1.76214  1.40801  2.47797  
1.12392  2.78212  3.03641  
1.77435  0.907743  2.86293  
1.77586  2.09167  0.248436  
0.789617  3.23359  2.63166  
0.278499  3.26274  3.5361  
0.203187  3.74999  2.07131  
1.79673  1.44442  2.2155  
1.79725  1.14673  2.53603  
1.79885  1.79523  1.45005  
1.79918  0.563947  2.92689  
0.682004  1.86866  4.93464  
1.13449  1.12332  4.8339  
1.81255  0.302498  2.95139  
1.81521  1.81907  1.16773  
0.542674  0.329783  5.75955  
1.01096  1.88959  4.34592  
0.117161  1.40938  5.76396  
1.82  0.904658  2.62431  
1.23539  2.82217  2.53661  
1.11974  2.54563  3.47232  
1.82283  1.83937  0.918046  
0.975893  3.36003  1.9675  
0.588371  2.26988  4.72357  
0.664629  3.78273  1.19287  
0.0516916  3.31961  3.51168  
0.3738  1.79821  5.35818  
0.244696  3.78613  1.8397  
1.83139  1.21163  2.29483  
