2.2001  0.200102  
0.126636  4.12664  
1.23204  3.15848  
1.60585  2.56417  
1.80323  2.16721  
0.835718  3.73035  
1.89557  1.86272  
1.95263  1.6082  
1.36786  2.92045  
1.01658  3.51492  
0.629236  3.92026  
2.03864  1.44672  
1.66079  2.42152  
2.06421  1.30994  
1.10299  3.38592  
1.47924  2.79386  
0.505468  4.00306  
2.08125  1.19087  
2.09488  1.08417  
1.70323  2.31191  
0.739158  3.82374  
0.922588  3.63596  
2.10671  0.984841  
2.11528  0.895767  
0.420767  4.04184  
1.28636  3.07686  
1.15198  3.3057  
1.40604  2.84702  
1.73137  2.2406  
1.53702  2.72506  
1.83136  2.103  
0.360578  4.06656  
1.31375  3.02282  
2.14671  0.842115  
1.18061  3.25429  
0.688701  3.86965  
1.0527  3.46435  
0.966571  3.58585  
1.84575  2.05283  
0.31119  4.0775  
0.788111  3.77613  
1.991  1.56062  
1.55832  2.67747  
0.582092  3.95601  
1.90677  1.8166  
0.877629  3.68501  
1.62147  2.5249  
1.85645  2.01347  
1.43543  2.80845  
0.273548  4.08918  
1.9154  1.77933  
2.16303  0.804831  
1.25136  3.12326  
1.33299  2.98781  
1.19862  3.22102  
1.57277  2.64429  
1.67215  2.39064  
1.86496  1.98215  
1.07279  3.43396  
1.92245  1.74886  
0.986247  3.55603  
1.77326  2.21081  
1.12221  3.35594  
0.55297  3.974  
2.0096  1.53142  
2.17119  0.775745  
0.243728  4.09779  
1.63249  2.49641  
1.509  2.76586  
0.662043  3.89356  
0.478885  4.0153  
0.81014  3.7508  
1.38127  2.89566  
1.92813  1.72327  
2.17585  0.750935  
1.87141  1.95787  
0.76392  3.79973  
1.34386  2.96325  
1.5826  2.62089  
1.96776  1.58484  
0.899639  3.6604  
0.716279  3.84673  
1.68066  2.36794  
0.221646  4.10439  
1.21029  3.19919  
1.26474  3.10139  
2.17901  0.729055  
0.608237  3.93501  
2.04337  1.42575  
2.12611  0.87511  
1.03213  3.49426  
1.64032  2.476  
0.85754  3.70842  
1.93256  1.70318  
2.01842  1.51158  
0.946733  3.61634  
1.87647  1.93839  
2.18136  0.710228  
1.08437  3.41504  
1.16217  3.28718  
