2.20013  0.200132  
0.126661  4.12666  
1.24306  3.16967  
1.60294  2.57179  
1.80205  2.17399  
0.845501  3.72535  
1.89447  1.86779  
1.95042  1.61885  
1.36391  2.93012  
0.638724  3.91839  
1.03182  3.51961  
2.04009  1.45864  
1.6589  2.42809  
2.06252  1.32088  
1.46336  2.80046  
1.1191  3.39574  
0.514969  4.0029  
2.08006  1.20001  
2.09371  1.09357  
1.69634  2.32209  
2.10505  0.99539  
0.751538  3.82301  
0.939338  3.63481  
2.11488  0.903548  
0.431333  4.04361  
1.28278  3.08853  
1.72316  2.24432  
1.16669  3.31968  
1.53281  2.73022  
1.82841  2.1082  
1.39832  2.86499  
0.371324  4.06678  
2.14522  0.848984  
1.31074  3.03499  
1.98711  1.56576  
1.19124  3.26775  
0.981047  3.58362  
1.06808  3.46916  
0.70125  3.86804  
1.84406  2.05834  
0.58859  3.95352  
1.55572  2.68239  
0.798289  3.7749  
0.894183  3.67854  
1.90556  1.82148  
0.326906  4.08208  
1.61892  2.53168  
2.16082  0.808769  
1.85522  2.01894  
1.42462  2.8161  
1.32675  2.99793  
1.91429  1.78476  
0.291748  4.09202  
1.20832  3.23471  
1.57047  2.64955  
2.00799  1.53385  
1.86329  1.98832  
2.16953  0.775422  
1.7713  2.21399  
1.13731  3.36647  
1.92135  1.7543  
1.08958  3.44052  
1.63027  2.50314  
0.559669  3.97437  
0.673532  3.891  
1.95974  1.59146  
1.00309  3.55633  
1.66927  2.4001  
1.25606  3.14209  
1.50616  2.77297  
0.488386  4.01742  
0.265524  4.10085  
2.17486  0.748091  
1.86989  1.96373  
1.33909  2.97412  
0.72663  3.84433  
0.822047  3.75022  
0.77488  3.80009  
1.21996  3.21182  
1.92743  1.73143  
1.58016  2.62666  
2.12249  0.881108  
1.37597  2.90768  
0.957209  3.61289  
2.0182  1.5118  
2.17855  0.726135  
1.04759  3.49756  
1.63846  2.4824  
0.244076  4.10644  
0.912152  3.65837  
0.619169  3.93411  
1.87507  1.9435  
0.871117  3.70601  
1.67709  2.37876  
2.18093  0.706548  
2.04338  1.43944  
1.70416  2.30233  
1.93136  1.71265  
1.29236  3.06932  
1.1015  3.42257  
