2.20013  0.200135  
0.117476  4.11748  
1.23316  3.15056  
1.60826  2.55866  
1.80526  2.16391  
0.839066  3.7233  
1.89623  1.86007  
1.95284  1.6068  
1.37305  2.91535  
1.02114  3.51159  
0.631025  3.90908  
2.04141  1.44805  
1.66289  2.41612  
2.06391  1.31185  
1.10534  3.3836  
0.509213  3.99568  
2.08109  1.1924  
1.495  2.80215  
2.09462  1.08631  
1.70027  2.31085  
0.742354  3.81211  
2.1054  0.991586  
0.926472  3.62901  
1.28779  3.06519  
2.11547  0.891499  
1.41268  2.833  
0.42872  4.03728  
1.15294  3.30343  
1.53536  2.72914  
1.72831  2.23994  
1.83229  2.09998  
0.37286  4.06172  
2.14802  0.8393  
1.18126  3.25151  
0.970306  3.57816  
1.05473  3.46084  
1.32244  3.0144  
1.55788  2.67869  
1.84651  2.05012  
0.693226  3.85956  
1.99301  1.55845  
0.582516  3.94734  
0.325675  4.07027  
1.90723  1.81448  
0.793753  3.76657  
0.882555  3.67933  
1.62368  2.51938  
1.85749  2.01014  
1.91604  1.77727  
2.16489  0.803799  
1.57309  2.64353  
1.33802  2.9792  
0.290737  4.08272  
1.19945  3.21772  
1.86572  1.97957  
2.01108  1.52805  
1.07497  3.43062  
0.260458  4.08729  
1.77542  2.20985  
1.92277  1.74763  
1.12333  3.35413  
0.99278  3.54985  
0.554345  3.96696  
1.63482  2.49083  
1.38496  2.8876  
1.26008  3.12279  
0.665682  3.88134  
1.6729  2.38864  
2.17291  0.776338  
0.483206  4.01127  
0.768033  3.78633  
1.58349  2.61854  
1.34862  2.95451  
1.92843  1.72213  
1.51107  2.77771  
0.718413  3.83515  
1.87232  1.95565  
1.96963  1.58343  
0.902946  3.65598  
2.17681  0.752728  
0.237124  4.09419  
1.29988  3.04252  
0.947774  3.60648  
1.21106  3.19543  
0.817079  3.74466  
0.860584  3.70172  
2.02024  1.50691  
1.7074  2.28989  
2.17944  0.73183  
1.03421  3.49105  
1.6801  2.36824  
0.610785  3.92733  
1.64287  2.47086  
2.12822  0.871853  
2.04459  1.4285  
0.218104  4.09841  
1.87724  1.93634  
1.26903  3.10408  
2.18147  0.712429  
1.81378  2.14541  
