2.0046  0.00460422  
0.113702  4.1137  
1.16133  3.26961  
1.48284  2.74791  
1.62033  2.36273  
0.797262  3.7498  
1.71471  2.07114  
1.77897  1.84554  
0.587425  3.90395  
1.28445  3.06955  
0.968628  3.55696  
1.82432  1.66466  
1.85591  1.51473  
0.460822  3.9875  
1.8831  1.38917  
1.36518  2.95047  
1.04595  3.44108  
1.51122  2.63879  
1.89822  1.28217  
1.91403  1.1899  
0.88091  3.66196  
0.71351  3.82036  
1.40023  2.86724  
1.54252  2.55841  
0.383074  4.03633  
1.92839  1.11365  
1.20888  3.19413  
1.08816  3.36795  
1.64477  2.28841  
1.93621  1.04495  
1.94483  0.9816  
1.42515  2.80966  
0.329482  4.06028  
1.95124  0.927358  
1.56842  2.50356  
1.66299  2.23459  
1.31554  3.0198  
1.95501  0.877173  
1.73076  2.02167  
0.665697  3.85604  
0.540607  3.94067  
0.921874  3.615  
1.00044  3.51142  
1.96002  0.833121  
1.11841  3.32424  
0.83853  3.70709  
1.24329  3.15281  
1.58118  2.46386  
0.759118  3.78274  
1.74137  1.98307  
1.96768  0.790315  
1.67822  2.19564  
0.292783  4.07723  
1.78867  1.80705  
1.96975  0.75221  
1.33234  2.98661  
1.97213  0.719724  
0.26137  4.08317  
1.17862  3.23929  
0.510356  3.95729  
1.97505  0.689182  
1.68634  2.16712  
1.75074  1.95495  
1.59224  2.43257  
0.432986  4.00854  
1.79659  1.7769  
1.97706  0.657073  
1.25696  3.12443  
1.13432  3.29714  
1.06122  3.41273  
1.01961  3.48467  
1.97844  0.629445  
1.83031  1.63439  
0.640221  3.87824  
1.48597  2.72232  
1.37509  2.92538  
0.236203  4.089  
1.98053  0.604375  
1.75541  1.92839  
1.85981  1.49136  
0.94513  3.59189  
1.80138  1.75358  
1.69183  2.14475  
1.9823  0.580845  
1.52036  2.61442  
0.899923  3.64007  
1.48953  2.70013  
0.859248  3.68512  
0.817054  3.72763  
1.98329  0.556943  
1.8346  1.61266  
1.98397  0.533892  
0.214731  4.09307  
1.59981  2.41159  
0.738788  3.79993  
0.567127  3.92069  
0.693495  3.8362  
1.86441  1.46714  
1.76084  1.91044  
1.62731  2.34345  
