2.2001  0.200097  0.200097  
0.00485457  4.00485  0.00485457  
0.00623509  0.00623509  6.00624  
0.636376  2.44121  4.44239  
0.996366  2.80185  3.23945  
1.05938  1.29987  4.8658  
1.1916  2.99582  2.23088  
1.23647  0.10015  5.03766  
1.3222  1.91505  3.73963  
1.32511  3.12949  1.35457  
0.058493  3.15985  3.82538  
1.37813  3.17716  0.100204  
1.45643  1.17117  4.13341  
1.47772  2.11466  3.018  
1.50286  0.471734  4.34046  
0.099637  2.03025  5.33032  
0.365387  3.37095  3.18874  
1.58467  2.51419  1.8482  
0.598225  3.41233  2.59348  
1.61172  1.35975  3.54511  
1.62368  2.59952  1.1275  
0.0631484  2.5866  4.71851  
1.64625  0.739368  3.78449  
1.64777  2.62438  0.575122  
1.67145  1.98549  2.50494  
0.713286  0.865449  5.48309  
0.677359  3.49799  2.0865  
1.69776  0.150221  3.95102  
1.69957  1.48403  3.04446  
1.72643  2.04062  2.03075  
1.73448  0.953591  3.3157  
1.74712  2.1453  1.57735  
0.0476981  3.56135  2.87755  
0.930976  3.56474  1.15856  
1.76362  2.51487  0.150434  
1.76622  1.55156  2.61041  
0.289648  1.60598  5.58261  
0.814714  0.273441  5.58454  
0.957988  3.58474  0.738096  
0.904105  2.39387  4.02701  
0.911596  1.98391  4.48364  
1.79538  1.10399  2.90574  
1.79927  0.150153  3.54483  
1.80553  1.64539  2.2105  
0.991212  3.61808  0.349631  
0.280475  2.79255  4.35069  
0.695701  1.69036  5.11979  
0.254444  3.64352  2.48113  
0.636818  3.01094  3.49823  
1.84274  2.15889  1.22114  
0.571531  3.65212  1.74987  
1.11281  1.6402  4.52228  
0.846077  3.0692  2.93088  
0.358862  2.23923  4.98741  
1.85818  0.637326  3.18532  
1.85887  2.17306  0.879314  
1.85956  1.78143  1.8109  
0.986925  2.46239  3.68737  
1.86837  0.305082  3.21312  
1.87285  2.1833  0.150399  
1.8724  1.22598  2.57464  
1.25815  2.66944  2.77634  
0.886507  1.02344  5.15604  
1.3791  0.10017  4.71308  
0.393927  1.28356  5.68696  
1.00685  2.07773  4.16819  
1.9004  0.80008  2.88581  
1.90265  1.85231  1.51347  
0.275798  3.70926  2.18224  
1.90827  1.35249  2.28287  
1.91597  0.150291  2.96836  
0.618298  2.72469  4.0723  
0.85667  3.71953  0.0981376  
0.0772278  2.30528  5.05034  
1.92056  1.88429  1.1692  
1.04904  3.28661  1.90893  
0.103016  3.28797  3.55177  
0.963458  0.652098  5.31141  
1.92932  0.953463  2.61204  
1.93003  1.50893  1.97717  
1.93111  1.90286  0.898975  
1.31721  2.86177  1.99025  
1.21032  2.4064  3.42565  
0.551228  0.511969  5.74272  
1.93686  1.92046  0.635114  
0.650689  2.18017  4.73345  
0.494471  3.74468  1.50138  
1.94203  1.9222  0.374922  
0.729936  2.75385  3.81388  
1.20127  1.385  4.52969  
1.3564  1.65979  3.89902  
1.94702  0.700214  2.6527  
0.983362  0.399089  5.33161  
0.107765  1.43024  5.75343  
0.0239814  3.75141  2.20095  
1.94841  1.0993  2.35685  
1.94987  1.54498  1.72381  
1.95158  0.451676  2.71923  
1.95783  0.150542  2.72025  
1.41827  2.3332  2.78015  
