2.20019  0.20019  0.20019  
0.000908515  4.00091  0.000908515  
0.000303547  0.000303547  6.0003  
0.654039  2.45219  4.45413  
0.991863  2.79653  3.25026  
1.05714  1.31075  4.85877  
1.19042  2.99371  2.24291  
1.2385  0.100148  5.03344  
1.31567  1.70967  3.97346  
1.32407  3.12474  1.36673  
0.101896  3.16273  3.82362  
1.37923  3.17539  0.112139  
1.43347  2.03057  3.20686  
1.48417  0.980795  4.22346  
0.0754427  2.04894  5.29435  
1.51489  0.100165  4.34127  
1.54313  2.33689  2.54994  
0.364417  3.37052  3.19088  
1.58472  2.50918  1.86361  
0.6058  3.41587  2.6064  
1.61584  1.24765  3.61601  
1.625  2.59204  1.15012  
0.0793216  2.5894  4.72149  
1.645  2.62008  0.595039  
1.65361  0.650947  3.78756  
0.514422  1.49759  5.45763  
0.712758  0.865721  5.4747  
1.68033  1.52256  3.09602  
1.71202  2.02089  2.17788  
0.835996  3.51342  1.90815  
1.7219  0.1501  3.86022  
1.74161  0.908339  3.30758  
1.74781  2.13271  1.6087  
1.75203  2.54563  0.150284  
1.75371  1.57449  2.6495  
0.93737  3.55898  1.15267  
0.171315  3.56795  2.80346  
0.818971  0.252927  5.58101  
0.643175  2.03665  4.87905  
0.901893  2.39278  4.04453  
0.967674  3.58921  0.548315  
1.78886  1.1633  2.89391  
0.110433  1.64744  5.5991  
0.919584  1.99085  4.48559  
1.80475  1.62536  2.25107  
1.81581  0.150158  3.47136  
1.81916  2.1653  1.22628  
0.302244  2.79544  4.34849  
1.01486  3.63644  0.156633  
0.693585  1.66931  5.09408  
0.328238  3.63973  2.3748  
0.838704  3.06449  2.93307  
1.06224  2.44532  3.69307  
1.85159  2.19776  0.87703  
1.84921  1.78359  1.90354  
0.566362  2.82517  4.0075  
1.86549  2.20831  0.150461  
0.558214  3.66612  1.72118  
1.86939  0.626758  3.13315  
1.87142  1.27117  2.5224  
1.21503  2.66472  2.9501  
0.889106  1.03115  5.14848  
1.88233  0.150168  3.1496  
0.322502  2.26921  4.97275  
1.17679  1.43521  4.55131  
1.00898  2.08716  4.1801  
0.410007  1.21271  5.69754  
1.90233  0.867822  2.83566  
1.90431  1.8694  1.45548  
0.0365164  3.70861  2.41566  
1.23088  0.834039  4.74916  
1.26146  2.71195  2.66841  
1.91903  1.91351  1.09008  
0.0575814  3.31205  3.546  
0.71423  2.81518  3.73078  
0.543102  0.558521  5.72436  
1.93193  0.150092  2.87504  
1.92805  1.93324  0.793463  
0.966916  0.648155  5.30923  
1.93101  1.00178  2.56628  
0.668032  3.73382  1.45412  
1.93881  1.9422  0.150633  
1.05855  3.24729  2.01218  
1.93511  1.44769  2.05429  
1.32139  2.86136  1.97136  
0.0544343  2.90488  4.26378  
0.227193  3.73973  2.13311  
1.06692  3.30183  1.75511  
0.0659754  2.33125  5.0111  
0.154025  1.38797  5.74428  
1.94858  1.16216  2.29572  
0.986988  0.374047  5.3299  
1.94972  1.60633  1.62944  
0.588214  3.12026  3.38475  
1.95051  0.737037  2.62223  
0.547131  0.311378  5.75308  
1.36916  1.79229  3.72638  
1.19585  2.42884  3.45296  
1.96436  1.66692  1.32995  
0.670982  2.58793  4.21838  
