2.05432  0.0543242  0.0543242  
0.00116782  4.00117  0.00116782  
0.000162418  0.000162418  6.00016  
0.548135  2.49583  4.49321  
0.884069  2.83038  3.32167  
0.945557  1.38187  4.8909  
1.06804  3.01503  2.33337  
1.09055  0.0677546  5.03596  
1.16727  3.11269  1.44464  
1.19793  1.77831  4.02487  
0.0453079  3.16045  3.80904  
1.21698  3.16392  0.543929  
1.31167  2.0927  3.2862  
1.31871  0.94991  4.29586  
1.37838  0.00377149  4.362  
1.3861  2.34462  2.61727  
0.0949531  2.02754  5.34819  
1.41305  2.84559  0.00495938  
0.280308  3.38434  3.19122  
1.45455  1.27762  3.68739  
1.50312  2.28963  2.06945  
0.521261  3.45353  2.64203  
1.52365  0.525208  3.8313  
1.52835  1.62175  3.04673  
0.426938  1.50841  5.48143  
1.55503  2.33708  1.55938  
1.558  0.0201779  3.8563  
0.0581185  2.66924  4.60341  
0.659501  3.51732  2.07164  
1.5757  1.81388  2.56465  
1.58335  2.37502  1.0679  
0.622269  1.0371  5.53166  
0.9443  3.53328  0.0505464  
1.59458  1.12833  3.24133  
1.60458  2.39491  0.495785  
1.61453  2.40206  0.0111362  
0.0856301  3.56513  2.79062  
1.62576  0.687771  3.40113  
1.63046  1.86747  2.13781  
0.527049  2.07578  4.92976  
0.674549  0.613469  5.58401  
1.64871  0.0762608  3.44505  
1.65218  1.37933  2.72545  
0.805004  2.10546  4.52623  
1.66133  1.94892  1.74789  
0.813641  2.45172  4.11115  
1.68847  0.99296  2.90039  
1.69139  2.00633  1.33184  
1.69307  1.50546  2.35483  
0.956319  2.47347  3.75595  
0.306517  3.64738  2.34862  
0.0748231  1.67546  5.5735  
0.185677  2.32591  5.00674  
0.559892  3.66386  1.7483  
0.476392  2.82529  4.16604  
0.756294  0.0561386  5.66441  
1.72027  2.06738  0.378786  
1.7222  0.47088  3.07156  
1.72829  0.118038  3.0886  
1.73097  1.62513  1.91464  
0.622699  1.75275  5.15718  
1.73976  1.16721  2.48394  
0.753355  3.1361  2.9981  
1.75064  2.0846  0.0734244  
1.74806  1.69107  1.58755  
0.173671  2.8577  4.30253  
1.08781  2.69442  3.05593  
0.0194427  3.71292  2.32291  
1.76619  0.870128  2.63091  
1.76772  1.77207  1.1236  
1.77016  1.25594  2.19951  
0.602326  2.87688  3.88334  
0.91652  1.81625  4.61111  
0.343033  1.2416  5.72047  
0.922151  2.17423  4.25059  
1.78003  1.79334  0.810574  
0.818225  1.13919  5.25907  
1.78365  0.159235  2.81754  
0.289282  3.7254  2.04517  
0.821536  0.870595  5.31542  
0.800766  3.18399  2.72989  
0.0779393  1.40932  5.73517  
0.0360514  3.2822  3.54186  
1.79338  1.80619  0.45085  
1.15272  3.27693  0.00338409  
1.7958  1.42561  1.74133  
1.13243  2.74857  2.80275  
1.8027  0.948148  2.34515  
1.79819  1.83659  0.0365381  
0.486399  3.75073  1.50549  
0.698314  3.75236  0.21735  
1.0713  1.57057  4.64794  
1.81254  1.44505  1.49981  
1.81719  1.04311  2.08055  
0.0488146  3.76559  2.08729  
1.18804  2.77788  2.49087  
0.524255  0.387013  5.76805  
0.971519  1.9295  4.3832  
0.97431  2.2474  4.01948  
1.84789  0.546143  2.51547  
