2.0072  0.00720299  
0.106982  4.10698  
1.16445  3.264  
1.48005  2.73677  
1.6236  2.35158  
0.798295  3.73999  
1.71874  2.06292  
1.78178  1.83745  
0.592935  3.90167  
0.96803  3.54358  
1.28696  3.07044  
1.82734  1.65686  
1.85908  1.5086  
1.88227  1.3808  
0.471209  3.98524  
1.35893  2.94902  
1.04705  3.42569  
1.51603  2.62807  
1.90235  1.27478  
0.88028  3.65198  
1.91997  1.18524  
0.714271  3.81737  
1.39812  2.86646  
0.390905  4.02666  
1.5474  2.55167  
1.93169  1.10633  
1.21314  3.18977  
1.09239  3.35371  
1.64979  2.28209  
1.93853  1.03795  
1.94294  0.973226  
0.333999  4.0502  
1.42434  2.81084  
1.95285  0.910972  
1.56974  2.49811  
1.66564  2.22825  
0.664749  3.85224  
1.95817  0.861564  
1.73371  2.01434  
1.31066  3.02268  
0.920403  3.60412  
0.9996  3.49587  
0.545401  3.9378  
0.2917  4.06496  
1.9655  0.819376  
0.839402  3.69918  
0.757511  3.7766  
1.96647  0.770155  
1.12382  3.31294  
1.2469  3.14917  
1.67904  2.18877  
1.58612  2.46017  
1.79032  1.79924  
1.97032  0.724706  
1.74629  1.97745  
1.97401  0.684852  
0.258419  4.07381  
1.48339  2.70393  
1.18207  3.23241  
1.79666  1.76809  
1.59301  2.42781  
1.68871  2.15854  
1.97748  0.650067  
1.75253  1.94799  
0.51628  3.95639  
0.636136  3.87297  
1.06433  3.39766  
1.83129  1.62606  
1.37089  2.91971  
1.0199  3.46857  
1.26  3.12159  
0.231123  4.08018  
0.444557  4.00029  
0.941668  3.5778  
1.98128  0.603522  
1.49064  2.67707  
1.98209  0.575403  
1.52362  2.60237  
1.33621  2.99921  
1.69608  2.13569  
1.80482  1.74507  
1.83666  1.60292  
0.858277  3.67716  
0.208439  4.08506  
0.735576  3.79549  
1.75853  1.92653  
0.899097  3.63065  
1.98591  0.533214  
1.60231  2.40422  
0.818169  3.71878  
1.62905  2.33078  
0.693618  3.8315  
0.572535  3.91736  
1.19341  3.21149  
1.86342  1.48765  
0.980787  3.52452  
1.37961  2.90022  
1.88388  1.36182  
1.7639  1.90819  
1.84226  1.58621  
