2.2001  0.2001  
0.131724  4.13172  
1.23413  3.16572  
1.60371  2.56938  
0.83691  3.7342  
1.80454  2.17381  
1.89436  1.86755  
1.95079  1.61723  
1.36552  2.92744  
1.02033  3.5204  
0.629897  3.92604  
2.04031  1.45738  
1.65975  2.42448  
2.06272  1.31954  
1.47246  2.79634  
0.503347  4.00417  
1.10878  3.39482  
2.08035  1.19772  
1.69809  2.3174  
2.09568  1.07842  
0.738687  3.82792  
0.924723  3.63866  
2.10735  0.97439  
1.27795  3.07858  
0.413961  4.04625  
2.11582  0.888277  
1.15341  3.31384  
1.73392  2.24678  
1.5338  2.72646  
1.40656  2.8615  
1.8297  2.10887  
0.355441  4.07158  
1.98781  1.5648  
0.968592  3.58684  
2.149  0.837166  
0.687487  3.87502  
1.05781  3.46903  
1.18316  3.263  
1.84403  2.05865  
1.31622  3.02944  
0.307228  4.08326  
1.55682  2.67972  
0.790674  3.7819  
0.878928  3.68825  
1.42677  2.81583  
1.90542  1.82189  
0.587597  3.95939  
1.61979  2.52923  
1.85503  2.01931  
2.16294  0.799841  
1.91424  1.78505  
0.269832  4.09543  
1.20086  3.2296  
1.33228  2.99618  
1.57112  2.64721  
2.0085  1.53289  
1.86337  1.98829  
1.07809  3.43831  
0.556819  3.97389  
1.92097  1.75517  
2.17055  0.770292  
1.24896  3.13661  
1.63109  2.50012  
1.12477  3.36614  
0.991934  3.55811  
1.6701  2.39628  
0.240319  4.10397  
1.37911  2.89997  
1.77715  2.21952  
1.50494  2.76938  
1.96104  1.59045  
0.476273  4.01962  
0.661861  3.89937  
0.765172  3.80228  
1.70906  2.28481  
2.17537  0.745318  
1.86992  1.96351  
1.92643  1.73086  
0.812952  3.75812  
0.944934  3.61501  
0.901208  3.66469  
0.714914  3.85154  
1.34252  2.97315  
1.58106  2.62447  
1.29371  3.05601  
0.856418  3.71173  
1.03596  3.49855  
2.0184  1.51118  
1.21247  3.20786  
2.17871  0.723292  
1.63931  2.4789  
1.67765  2.37558  
1.93085  1.71092  
0.21588  4.11205  
1.25829  3.11698  
1.87501  1.94387  
2.04364  1.43802  
2.1814  0.702318  
1.71628  2.26342  
0.612976  3.9409  
