2.20015  0.200154  0.200154  
0.00760377  4.0076  0.00760377  
0.000993124  0.000993124  6.00099  
0.6531  2.46023  4.45328  
0.988805  2.79729  3.24395  
1.0596  1.3196  4.85964  
1.18993  2.99737  2.23343  
1.23812  0.10019  5.03435  
1.31449  1.7207  3.96597  
1.33094  3.13816  1.36364  
0.0625313  3.15802  3.84248  
1.37734  3.17851  0.100221  
1.43463  2.03201  3.20037  
1.48123  0.919309  4.26248  
1.51261  0.209176  4.34526  
0.0958117  2.06527  5.31795  
1.54323  2.3404  2.54356  
0.352259  3.36946  3.20016  
1.58319  2.51915  1.84342  
1.60943  1.21125  3.66691  
0.599332  3.41703  2.5797  
1.62447  2.57413  1.24833  
0.084058  2.5891  4.74859  
1.64165  2.61992  0.675096  
1.65539  0.666278  3.77599  
0.519237  1.52445  5.4611  
1.67383  1.50924  3.14067  
0.719274  0.898554  5.48215  
1.6929  1.8326  2.63298  
1.70064  2.67675  0.15014  
0.837515  3.51462  1.88872  
1.71326  2.03223  2.14544  
1.72072  0.150221  3.86528  
1.73998  0.912871  3.31457  
1.74971  2.11548  1.64165  
0.932158  3.56246  1.1653  
0.0649803  3.57823  2.87977  
1.77513  1.40743  2.7276  
0.637943  2.03788  4.89724  
0.956429  3.58617  0.743959  
0.818252  0.261462  5.58121  
0.899494  2.3915  4.04342  
1.79863  1.62885  2.28638  
1.80006  2.17377  1.24  
0.914451  1.99332  4.48917  
0.128479  1.67494  5.61139  
0.987919  3.61794  0.353848  
1.81504  0.150177  3.47494  
1.81912  1.02574  2.93303  
0.459564  3.62938  2.22853  
1.83436  2.30734  0.150136  
0.294232  2.79294  4.38313  
1.83858  1.75106  1.91804  
0.699481  1.67713  5.09936  
0.844209  3.0715  2.9301  
1.03814  2.45179  3.69801  
0.56522  3.66888  1.68754  
0.562898  2.82128  4.04621  
0.886696  1.03524  5.15036  
1.86967  0.64248  3.12491  
1.21512  2.66881  2.94184  
0.131896  3.67987  2.53397  
1.88189  0.150289  3.15264  
0.31917  2.27  4.99937  
0.404207  1.23081  5.68542  
1.00622  2.08274  4.18071  
1.17364  1.44628  4.55101  
1.89961  2.00654  0.988859  
0.893508  3.70803  0.0687072  
1.90222  1.32996  2.43923  
1.91316  0.754908  2.83774  
1.91806  2.02026  0.150115  
0.17805  3.72607  2.25187  
0.0742337  3.2973  3.56107  
1.92042  1.72517  1.63955  
1.23579  0.777726  4.75776  
0.712813  2.82868  3.76865  
1.92508  0.476014  2.87446  
1.92618  1.05595  2.55985  
0.963508  0.682776  5.30738  
1.93166  0.150511  2.87953  
1.92902  1.44288  2.08932  
1.31329  2.86871  1.99172  
0.297946  3.74066  1.985  
1.93842  1.74362  1.37707  
0.558139  0.32537  5.74136  
1.07397  3.29532  1.7527  
0.636621  3.75054  1.42967  
1.94982  0.803243  2.58454  
0.987942  0.349027  5.33102  
1.95117  1.47593  1.83986  
1.95204  1.75837  1.12902  
1.9523  1.18707  2.23656  
0.156604  1.42735  5.75341  
1.36188  1.47284  4.04548  
0.596274  3.12348  3.38638  
1.19073  2.4253  3.45571  
0.829935  3.17569  2.68903  
1.36821  1.80104  3.72372  
1.96489  1.77004  0.878861  
