2.20013  0.200133  
0.126822  4.12682  
1.23927  3.16593  
1.60367  2.56942  
1.80419  2.1736  
0.844819  3.73243  
1.89429  1.86777  
1.95101  1.61638  
1.36744  2.92959  
1.02673  3.52002  
0.6414  3.92337  
2.04043  1.4567  
1.65973  2.42514  
2.06285  1.31946  
1.47105  2.79704  
1.11259  3.39319  
0.518389  4.00373  
2.08012  1.19933  
1.6975  2.31849  
2.09388  1.09272  
0.748811  3.82737  
0.932326  3.6381  
2.10581  0.988339  
1.28085  3.07901  
2.11509  0.897344  
0.434903  4.04324  
1.15887  3.31269  
1.72567  2.24304  
1.40004  2.8583  
1.53543  2.72864  
1.82969  2.10894  
0.372768  4.06468  
1.31056  3.02244  
2.14604  0.843234  
1.98831  1.56429  
0.975188  3.58715  
1.18836  3.26186  
1.06194  3.46938  
1.84412  2.05823  
0.69975  3.87413  
0.593876  3.95614  
1.55645  2.68177  
1.42441  2.81172  
0.886166  3.68616  
1.90536  1.82198  
0.799784  3.78235  
0.327663  4.08203  
1.61957  2.5295  
1.85527  2.01862  
2.16173  0.80252  
1.91406  1.78496  
1.33139  2.98617  
1.20586  3.22856  
1.57075  2.64876  
2.00871  1.53281  
0.296232  4.0952  
2.1686  0.771702  
1.86332  1.98825  
1.08257  3.43937  
1.92106  1.75455  
1.77433  2.21327  
1.12964  3.36406  
1.63093  2.50056  
0.565221  3.97502  
1.50569  2.76843  
0.998093  3.55856  
1.66968  2.3973  
0.491214  4.01626  
1.25407  3.13897  
0.673055  3.89666  
1.96172  1.59004  
0.270439  4.10106  
0.77531  3.80264  
1.92664  1.72999  
1.87013  1.96311  
0.908379  3.6614  
1.37622  2.90569  
0.725244  3.85037  
0.821281  3.75889  
1.58051  2.62551  
0.95177  3.61534  
1.34505  2.96368  
0.864118  3.71037  
2.01867  1.51078  
1.21755  3.20702  
1.70496  2.29779  
1.63895  2.4801  
1.67706  2.37671  
1.04182  3.4995  
1.29045  3.05896  
0.621349  3.93589  
0.250408  4.10678  
1.93109  1.71007  
1.87509  1.94392  
2.0437  1.43747  
2.18102  0.752181  
1.26234  3.11986  
1.09417  3.42095  
0.472884  4.02483  
1.14068  3.34594  
