2.25009  0.250087  0.250087  
0.0124377  4.01244  0.0124377  
0.00331429  0.00331429  6.00331  
0.680162  2.4421  4.43215  
1.03504  2.79713  3.21529  
1.08725  1.26883  4.83977  
1.21441  2.9767  2.17976  
1.25579  0.100174  4.99721  
1.34069  1.68128  3.9302  
1.35343  3.11609  1.28339  
1.39665  3.14618  0.10027  
0.0808422  3.17448  3.84596  
1.46532  2.02187  3.15199  
1.50684  0.908791  4.1899  
1.53687  0.137003  4.27437  
0.0922589  2.07031  5.30728  
1.57195  2.29826  2.47338  
0.379736  3.35571  3.17507  
1.60987  2.47067  1.78673  
1.64084  1.40958  3.38407  
1.64921  2.53865  1.11756  
0.624652  3.4226  2.58547  
0.102884  2.59723  4.73027  
1.68155  0.686391  3.66646  
1.70749  1.74198  2.68616  
1.72612  2.61319  0.150221  
0.725457  0.874754  5.47299  
1.74766  0.15017  3.7602  
0.67464  3.50361  2.07316  
1.74408  1.94212  2.11357  
1.76706  0.975749  3.14534  
1.77692  2.04771  1.5724  
0.880816  3.53946  1.59981  
0.945496  3.5616  1.0733  
1.80505  1.29363  2.69548  
0.0445769  3.56825  2.88237  
0.827622  0.168713  5.57535  
0.968646  3.58514  0.590062  
0.300537  1.6455  5.57803  
0.920183  2.39042  4.0142  
1.84476  0.150713  3.34004  
1.83426  1.52609  2.26817  
0.672841  2.02782  4.89386  
0.937177  1.98717  4.46514  
1.86347  2.21348  0.150104  
0.270771  3.64291  2.47946  
0.717771  1.64968  5.1039  
1.02766  3.64364  0.176622  
0.323618  2.80994  4.35726  
1.10421  2.43697  3.65385  
0.859684  3.06784  2.87809  
1.91192  0.150145  2.99007  
1.90325  1.69954  1.86425  
0.577558  2.83284  4.0151  
1.91559  1.87896  1.27827  
1.23998  2.64325  2.90254  
0.549205  3.68064  1.76619  
0.396356  1.31383  5.67439  
0.347489  2.27125  4.9817  
1.92249  0.971675  2.64997  
1.01688  2.06513  4.14086  
1.94942  1.89679  0.150162  
0.886031  1.02508  5.15693  
1.93887  1.20464  2.33765  
1.19398  1.41028  4.53082  
1.96282  0.150222  2.68605  
0.56099  3.05705  3.5714  
1.95473  1.58158  1.59277  
1.96106  1.29162  2.03549  
1.28649  2.69077  2.61696  
1.06902  3.25529  1.93466  
1.2519  0.790058  4.71613  
0.0349243  3.73173  2.32548  
0.975168  0.64489  5.29501  
1.97008  0.918605  2.37467  
1.97303  1.60232  1.31226  
0.759354  2.77386  3.74529  
0.0925381  1.4641  5.72785  
0.511784  3.73832  1.49122  
0.114485  3.2969  3.5729  
1.33866  2.70485  2.3329  
1.98402  1.6307  1.04642  
0.0826102  2.33323  5.04212  
0.452718  1.80454  5.31326  
1.98577  1.31506  1.76931  
0.563745  0.338178  5.73947  
1.98625  0.627454  2.42241  
1.98833  1.02899  2.11294  
0.0710428  2.9139  4.29148  
0.995289  0.384413  5.31478  
1.35006  2.85649  1.94958  
0.803826  3.75547  0.0502631  
1.09578  3.28326  1.67733  
1.99446  1.63937  0.788356  
0.834535  1.75586  4.85102  
1.3887  1.78035  3.67578  
1.9982  0.375126  2.43015  
2.00357  1.34639  1.5179  
1.39821  1.42875  3.97243  
2.00747  0.7863  2.17006  
