2.00474  0.00474426  
0.100322  4.10032  
1.16273  3.25801  
1.47129  2.72478  
1.62548  2.34499  
0.79618  3.73331  
1.72072  2.06067  
1.78065  1.8364  
0.593607  3.89731  
0.96413  3.53425  
1.28312  3.07129  
1.82558  1.65575  
1.85768  1.50806  
0.46946  3.97612  
1.88241  1.38425  
1.04432  3.41566  
1.35774  2.95866  
1.51713  2.61691  
1.9008  1.27961  
1.91566  1.18903  
0.87722  3.64639  
0.711264  3.81233  
0.388521  4.01909  
1.92695  1.10948  
1.39354  2.88144  
1.55178  2.54298  
1.21438  3.18906  
1.65239  2.27555  
1.93851  1.03576  
1.94475  0.974881  
1.1028  3.3553  
0.332223  4.04427  
1.57064  2.48743  
1.9501  0.919067  
1.41594  2.82718  
1.66847  2.22305  
0.663504  3.84944  
0.546183  3.92876  
1.95777  0.871278  
0.917152  3.59942  
0.997385  3.48719  
1.73373  2.01239  
1.23893  3.14345  
1.96208  0.828422  
0.836226  3.6923  
1.68021  2.18176  
0.755574  3.7719  
0.291913  4.05961  
1.31752  3.02938  
1.58669  2.44708  
1.96812  0.790243  
1.74353  1.97581  
1.96919  0.751621  
1.791  1.80192  
1.12897  3.32129  
1.06938  3.38176  
1.97276  0.719074  
0.261304  4.06975  
1.69045  2.15128  
1.97451  0.683422  
1.75174  1.94644  
0.517564  3.94758  
1.5974  2.41856  
1.01631  3.45909  
1.79764  1.77422  
1.82958  1.62824  
0.936705  3.57203  
0.636123  3.87017  
1.18716  3.2309  
1.97833  0.656531  
0.443911  3.99377  
1.36875  2.93281  
0.236601  4.07573  
1.98025  0.624631  
1.25911  3.11892  
1.52779  2.59289  
1.98104  0.600868  
1.80244  1.75018  
1.69775  2.12826  
1.75771  1.92245  
1.86006  1.48523  
1.9824  0.574234  
1.14058  3.29882  
1.8353  1.60623  
0.895318  3.62425  
0.690268  3.82829  
1.60452  2.39601  
0.856395  3.67103  
1.33729  3.00869  
0.734516  3.79214  
0.216272  4.08015  
1.63214  2.32535  
1.98561  0.539701  
0.817208  3.71421  
1.29851  3.05043  
0.978093  3.51532  
0.574707  3.90983  
0.777716  3.75253  
1.8642  1.46705  
1.70257  2.11007  
