2.20019  0.200189  
0.125017  4.12502  
1.23271  3.15754  
1.60623  2.5634  
0.835536  3.72781  
1.806  2.1691  
1.89535  1.86381  
1.95163  1.61274  
1.36953  2.92113  
1.01953  3.51402  
0.630112  3.9195  
2.04098  1.4535  
1.66176  2.4193  
2.06317  1.31652  
1.10611  3.38705  
1.47966  2.79459  
0.504162  3.99908  
2.08051  1.19676  
1.69952  2.31285  
2.09409  1.09035  
0.739386  3.82333  
2.10501  0.994975  
0.924527  3.63305  
2.11463  0.901586  
1.28504  3.07303  
0.420228  4.04122  
1.15315  3.3072  
1.53563  2.72381  
1.40984  2.85122  
1.72506  2.24341  
1.83133  2.10422  
0.359176  4.06414  
1.31397  3.01732  
2.14498  0.846265  
1.18094  3.25543  
0.967852  3.58123  
1.99018  1.56196  
1.05595  3.46387  
0.689358  3.86958  
1.84555  2.05346  
0.787735  3.77565  
1.55855  2.67615  
0.582458  3.9515  
0.312715  4.07903  
1.90652  1.81731  
0.879542  3.68313  
1.42597  2.80875  
1.62214  2.52357  
2.16102  0.806794  
1.85629  2.01424  
1.91492  1.78196  
1.25056  3.12272  
0.279296  4.09143  
1.57312  2.64281  
1.20062  3.22332  
1.33781  2.98555  
1.77428  2.21158  
1.07512  3.43296  
2.01027  1.53129  
2.16998  0.775116  
1.8652  1.98208  
1.12305  3.35687  
1.92167  1.75186  
0.553409  3.97005  
1.63329  2.49466  
1.50766  2.76635  
0.992059  3.55339  
1.67182  2.39196  
0.47721  4.01449  
0.663404  3.89333  
0.253173  4.09925  
1.96504  1.5876  
2.1753  0.75068  
0.715027  3.84481  
1.92711  1.72752  
0.811271  3.75108  
0.763693  3.79928  
1.38592  2.89738  
1.87186  1.95747  
0.901035  3.65974  
0.944628  3.60999  
1.58281  2.62004  
1.34745  2.9634  
2.12307  0.879461  
0.857714  3.70593  
2.17863  0.728645  
1.21117  3.20023  
2.01963  1.50998  
1.64126  2.47399  
1.67909  2.37147  
1.03585  3.49385  
0.233117  4.10494  
1.29402  3.05304  
1.93173  1.70745  
2.18116  0.708639  
1.70607  2.29375  
2.04426  1.43456  
1.87676  1.93742  
1.16284  3.28885  
0.612276  3.93381  
