2.10178  0.101781  0.101781  
0.00448629  4.00449  0.00448629  
0.00435843  0.00435843  6.00436  
0.580957  2.48374  4.48274  
0.921837  2.82767  3.3064  
0.975885  1.35943  4.87975  
1.13844  3.03847  2.34308  
1.16194  0.41764  5.06432  
0.0369083  3.1435  3.81651  
1.24953  3.15293  1.48896  
1.27018  1.98277  3.81957  
1.29207  3.19199  0.0526591  
1.38801  0.876127  4.35081  
1.4064  0.053002  4.47057  
1.40753  2.15663  3.12492  
0.0774583  2.02204  5.32073  
1.48531  2.52442  2.00262  
0.527024  3.39578  2.8432  
1.49565  1.33599  3.74473  
1.53242  2.6139  1.30426  
1.55889  2.6487  0.759821  
1.5616  0.529169  3.93036  
1.56921  2.65919  0.219811  
0.0512368  2.61094  4.66186  
1.57539  1.99817  2.62111  
0.623836  3.48517  2.2768  
1.59549  1.4907  3.23792  
0.0241212  3.50045  2.99212  
0.670181  0.970457  5.51254  
1.61238  0.0535648  3.81266  
1.63519  2.05651  2.15209  
0.851723  0.0829569  5.54827  
1.65018  1.03075  3.3583  
0.804473  3.55928  1.83212  
1.65815  2.16916  1.70677  
1.66556  1.55999  2.7997  
0.237236  1.58685  5.5713  
0.880597  3.59277  1.30131  
1.69044  2.23616  1.13871  
0.861369  2.42151  4.07639  
0.567861  2.07452  4.91219  
0.218003  3.60259  2.58636  
1.70119  0.628383  3.40001  
1.7086  2.29979  0.0536817  
1.70911  1.66297  2.40719  
0.873511  2.02936  4.50142  
1.71797  0.0588634  3.40944  
1.71595  1.16989  2.95529  
0.907442  3.61865  0.914218  
0.496783  2.77866  4.12604  
0.927515  3.63858  0.411969  
0.933281  3.64593  0.0536131  
1.74355  1.81051  1.89035  
0.619166  1.70638  5.1566  
1.74913  0.81901  3.04228  
1.75851  1.31063  2.56507  
0.467634  3.66677  1.97748  
1.07243  0.0531696  5.21554  
0.95821  2.49739  3.71176  
1.06138  1.69999  4.55101  
0.813322  3.07035  2.99916  
1.77672  1.84485  1.55149  
0.173509  2.82042  4.33793  
1.78219  0.0567995  3.08819  
1.7816  1.97637  0.950148  
1.78753  1.49661  2.1353  
0.53575  3.69514  1.6699  
1.79427  0.963127  2.71754  
0.26085  2.30401  5.01364  
0.546251  0.677878  5.69911  
1.18302  2.73514  2.92045  
1.80341  1.99234  0.0539351  
0.968158  2.11845  4.19855  
0.622992  2.84009  3.82726  
0.0895217  3.70886  2.31995  
0.259057  1.29968  5.71596  
0.526767  3.10854  3.53175  
1.82105  0.674213  2.80292  
0.574457  0.396676  5.72708  
1.82752  1.15953  2.33187  
0.801213  1.14846  5.24115  
1.83129  0.317366  2.81676  
0.871178  3.21398  2.64705  
1.83557  1.3965  1.88719  
1.84082  1.71501  1.29367  
0.20619  3.74365  2.05629  
1.22647  2.77733  2.6616  
0.2712  3.24566  3.56174  
0.994817  3.30137  2.09998  
0.724545  1.82211  4.90462  
1.85078  0.852355  2.48382  
1.15726  2.48591  3.46219  
1.8523  1.7405  0.85782  
1.24649  1.73325  4.1457  
0.625845  2.23207  4.66373  
1.1413  1.12098  4.81654  
0.635447  3.76039  1.42558  
1.85825  0.548697  2.57397  
1.8599  1.45503  1.5844  
1.86082  1.75197  0.605655  
