2.00505  0.00505309  
0.107741  4.10774  
1.16449  3.26686  
1.47364  2.73555  
1.62247  2.35259  
0.807123  3.75054  
1.71603  2.06425  
1.78276  1.84204  
0.612305  3.91306  
1.28367  3.07684  
0.976382  3.56274  
1.82503  1.66185  
1.85647  1.51313  
1.88224  1.38868  
1.35152  2.95389  
0.495723  3.99131  
1.05387  3.45154  
1.51424  2.62689  
1.90301  1.28698  
1.914  1.19529  
0.719777  3.82564  
0.890035  3.66431  
1.39657  2.87662  
1.20749  3.19049  
1.9291  1.11551  
1.54719  2.55032  
0.421311  4.03343  
1.64719  2.28379  
1.09714  3.384  
1.94059  1.04638  
1.94677  0.987613  
0.366903  4.05342  
1.56953  2.49766  
1.66362  2.23204  
1.95388  0.931405  
1.73228  2.01318  
1.41654  2.827  
0.671079  3.8646  
1.95735  0.882091  
0.930393  3.61795  
1.23901  3.14517  
1.00957  3.5182  
1.30723  3.03073  
0.567951  3.94738  
1.96284  0.836047  
0.324193  4.06555  
0.848154  3.70848  
1.12242  3.34215  
0.766534  3.78514  
1.96471  0.795557  
1.58313  2.45615  
1.74289  1.97427  
1.67712  2.19238  
1.96759  0.748668  
1.78906  1.80552  
0.290646  4.07429  
1.48334  2.70374  
1.75226  1.9431  
1.97456  0.711588  
1.36608  2.92341  
1.5941  2.42585  
1.79671  1.77666  
1.25537  3.11596  
0.642944  3.88491  
1.68816  2.16396  
1.97748  0.677704  
1.13705  3.31484  
0.26333  4.08046  
1.97812  0.641716  
1.32476  3.00424  
1.18085  3.24045  
1.83062  1.63597  
1.0719  3.42573  
0.541629  3.96625  
1.02889  3.49293  
1.98025  0.597273  
0.471032  4.00842  
0.951819  3.59352  
1.52318  2.60223  
1.49055  2.67908  
1.75977  1.91721  
1.85974  1.49042  
0.744075  3.803  
1.80262  1.75205  
0.240612  4.08534  
1.98281  0.574217  
1.69396  2.14065  
1.83488  1.6123  
0.698241  3.8431  
0.909063  3.64247  
0.868914  3.68734  
1.98399  0.544746  
1.45309  2.80446  
0.827763  3.73025  
0.990029  3.54268  
0.593006  3.92836  
1.86351  1.47049  
1.88444  1.36904  
1.98673  0.523959  
1.62777  2.33491  
