2.20014  0.200141  0.200141  
0.00892584  4.00893  0.00892584  
0.00024892  0.00024892  6.00025  
0.635155  2.44398  4.43516  
0.993967  2.80638  3.23291  
1.06016  1.30412  4.86022  
1.19109  2.99903  2.22392  
1.2386  0.100174  5.03331  
1.32361  1.9133  3.73717  
1.32555  3.13406  1.34778  
0.0645625  3.16704  3.81608  
1.37692  3.17917  0.100203  
1.46369  1.17577  4.13487  
1.46626  2.12155  3.02026  
1.50383  0.476703  4.33703  
0.0970815  2.04898  5.33345  
0.357946  3.37024  3.17389  
1.56341  2.36251  2.38404  
1.59026  2.52379  1.77278  
1.61219  1.35749  3.54482  
0.606126  3.42275  2.58914  
1.62369  2.59911  1.13046  
0.0768452  2.60867  4.72197  
1.64557  2.62616  0.574787  
1.64807  0.762302  3.76823  
0.710087  0.904347  5.47176  
1.67839  1.59933  3.02035  
1.69525  0.148018  3.94996  
0.669277  3.50552  2.08588  
1.70327  1.86516  2.52146  
1.72457  2.04826  2.02725  
1.73727  0.970832  3.29012  
1.75165  2.15009  1.52311  
0.934495  3.56668  1.11755  
1.76385  2.51398  0.150366  
0.14695  3.57372  2.79293  
0.897278  2.39019  4.01208  
0.818769  0.260474  5.58044  
0.290463  1.62985  5.57944  
0.95779  3.58995  0.680364  
1.78498  1.21036  2.87242  
0.908812  1.97453  4.47396  
1.79912  0.150237  3.54594  
1.80725  1.65424  2.18518  
0.994128  3.62781  0.299271  
0.27356  3.63438  2.41516  
0.692326  1.6752  5.10448  
0.279086  2.80198  4.355  
0.571581  3.65417  1.74376  
1.84627  2.15939  1.16734  
0.843617  3.07545  2.91979  
0.344185  2.25775  4.98803  
1.85556  0.637891  3.19863  
1.12257  1.63327  4.5182  
1.86043  1.76627  1.83757  
0.560395  2.82992  4.01849  
0.986036  2.47074  3.67715  
1.87012  0.150122  3.21191  
1.87291  2.18367  0.150535  
0.383475  1.30331  5.67335  
1.37896  0.100172  4.71345  
0.885429  1.03613  5.15193  
1.00659  2.07263  4.15697  
1.24681  2.68268  2.79251  
1.88415  1.3369  2.55344  
1.89079  0.900255  2.88318  
1.90118  1.85237  1.53887  
0.273524  3.71141  2.11741  
1.91192  0.609149  2.90738  
0.555798  3.08313  3.53977  
0.0489195  3.30632  3.53117  
0.842625  3.72462  0.0577645  
1.9228  0.150149  2.92854  
1.91902  1.36948  2.27232  
1.91902  1.05578  2.60104  
1.04729  3.28836  1.91141  
1.92365  1.89997  1.0677  
1.31969  2.86357  1.98965  
0.968642  0.620708  5.311  
0.716666  2.81401  3.7495  
0.640357  2.1755  4.73299  
1.9345  1.48944  1.97608  
1.93667  1.91988  0.803093  
0.496909  3.74636  1.49162  
1.2039  2.42382  3.41913  
1.94351  1.92312  0.150596  
1.94047  0.795458  2.64542  
0.558942  0.32538  5.74078  
0.0855407  2.34897  5.03256  
1.20665  1.37656  4.52334  
0.435895  1.79339  5.3226  
1.35679  1.65593  3.90265  
1.94774  1.59465  1.65032  
1.94847  1.11752  2.34766  
0.988081  0.355994  5.32991  
0.0252415  3.75307  2.20064  
1.13414  3.32365  1.19856  
1.96285  0.150241  2.686  
0.0609189  2.92472  4.24982  
1.95876  1.64932  1.38758  
