2.24869  0.248693  0.248693  
0.000408049  4.00041  0.000408049  
0.00388381  0.00388381  6.00388  
0.678417  2.43007  4.43359  
1.03689  2.78868  3.22216  
1.08754  1.26828  4.84294  
1.22085  2.9723  2.16193  
1.25498  0.100184  4.99895  
1.34166  1.67787  3.92714  
1.35856  3.1096  1.27045  
1.40042  3.13931  0.100107  
0.0572147  3.15006  3.85249  
1.47448  2.01792  3.15213  
1.50547  0.898609  4.19798  
1.53574  0.140245  4.27757  
0.0850868  2.05886  5.30375  
1.5726  2.29656  2.47358  
0.391721  3.35501  3.20682  
1.61166  2.47216  1.76754  
1.64125  1.41025  3.38108  
1.65113  2.53525  1.10483  
0.62422  3.40362  2.60918  
0.105116  2.57679  4.72899  
1.67556  0.836585  3.6281  
0.711165  0.865637  5.46011  
1.70634  1.75216  2.67905  
1.7276  2.60898  0.150106  
1.74639  0.150123  3.765  
1.74098  1.96426  2.08787  
0.719539  3.49598  2.10333  
1.76606  1.26988  2.91896  
0.886637  3.52878  1.62825  
1.77753  2.05036  1.55693  
0.0467782  3.54883  2.91521  
0.952967  3.55287  1.08096  
0.268309  1.61602  5.56105  
0.815505  0.425926  5.56467  
0.90715  1.99506  4.4473  
1.81703  1.53258  2.30705  
0.916421  2.37951  4.01125  
0.97893  3.57884  0.52121  
1.84255  0.150116  3.34713  
1.86401  2.21181  0.150134  
1.86857  0.889398  2.9664  
0.819122  0.0502408  5.58914  
0.256498  3.62681  2.54208  
1.02786  3.62777  0.148103  
0.720094  1.67623  5.09258  
0.323054  2.78793  4.36379  
0.8633  3.04615  2.90843  
1.89155  1.17421  2.57288  
1.11669  2.43163  3.64996  
1.91093  0.150378  2.9954  
1.90234  1.70434  1.8587  
0.578737  2.81277  4.02507  
0.523051  3.66485  1.83115  
1.2392  2.63874  2.91415  
0.402493  2.24319  4.97056  
1.91558  1.87389  1.27442  
0.392539  1.29739  5.68523  
1.93315  0.858777  2.65211  
1.94963  1.89647  0.150269  
1.01492  2.0707  4.13867  
0.884516  1.03829  5.15439  
1.94317  1.22989  2.26043  
1.18876  1.41503  4.53859  
1.96184  0.150133  2.69168  
1.95511  1.58  1.59267  
1.21511  1.01032  4.70959  
0.230883  3.71201  2.25342  
1.28588  2.68521  2.62694  
1.96538  0.946102  2.36804  
1.96722  1.29771  1.973  
1.07796  3.24748  1.91964  
0.528496  3.72266  1.54709  
0.538125  0.640065  5.72653  
0.759557  2.78839  3.74898  
1.25819  0.733618  4.72233  
0.97857  0.649112  5.28815  
1.97352  1.59871  1.31626  
0.129738  3.27512  3.57724  
0.0587053  2.88046  4.31133  
1.34475  2.70537  2.29898  
2.00111  0.150405  2.42507  
1.98376  1.63126  1.04902  
0.554999  0.375649  5.73976  
0.141159  2.31516  5.04321  
1.99014  1.321  1.71393  
1.99027  1.02798  2.09745  
0.997159  0.368509  5.31333  
0.932241  1.73928  4.63965  
1.99358  1.6414  0.793604  
1.1045  3.27536  1.66503  
0.467971  1.80648  5.30872  
1.38876  1.78171  3.67492  
1.22617  2.39074  3.40362  
1.39529  1.43239  3.97838  
2.00572  0.78462  2.18177  
0.735954  3.75756  0.969943  
2.00627  1.35423  1.47032  
