2.09309  0.285569  
0.158076  4.09328  
1.28923  3.28941  
1.57369  2.77001  
1.72217  2.39907  
0.922042  3.72609  
1.81278  2.11878  
1.87296  1.8987  
0.716451  3.88772  
1.10189  3.53876  
1.91533  1.72093  
1.3981  3.11383  
1.94639  1.57415  
0.586696  3.9636  
1.9699  1.45081  
1.46072  3.00084  
1.98825  1.34476  
1.18547  3.435  
1.61884  2.66663  
2.0028  1.25402  
1.01302  3.63719  
0.498294  4.00491  
0.835208  3.80087  
2.01441  1.17371  
1.49921  2.92635  
1.64892  2.59333  
2.02479  1.10384  
1.74546  2.33176  
1.33204  3.22337  
0.43446  4.02946  
2.03216  1.04006  
1.22961  3.3754  
2.03861  0.984164  
1.66968  2.54077  
1.7623  2.28128  
1.5239  2.87658  
0.786146  3.83865  
2.04428  0.935447  
0.386247  4.04507  
1.82629  2.07208  
0.670001  3.91713  
1.0559  3.59123  
1.13987  3.49321  
0.968809  3.68188  
2.04954  0.883048  
1.35731  3.18258  
1.42091  3.0738  
0.882432  3.76132  
2.05376  0.840054  
1.77464  2.24309  
1.68422  2.50274  
0.348581  4.05564  
1.8366  2.03567  
2.05787  0.798766  
1.25437  3.3406  
1.88144  1.86479  
1.54002  2.84288  
2.06058  0.766275  
1.58764  2.7388  
0.317614  4.06316  
2.06343  0.731067  
0.640665  3.93428  
1.78381  2.21401  
1.84445  2.00716  
0.757719  3.85929  
1.69458  2.47506  
0.559044  3.97738  
1.88818  1.83763  
2.06626  0.694693  
1.30625  3.26361  
1.43501  3.04834  
1.16003  3.46777  
1.92096  1.69546  
1.37272  3.15705  
1.20442  3.40983  
1.47402  2.97567  
2.06818  0.668827  
0.291132  4.06892  
1.07756  3.56686  
2.06993  0.645296  
1.55087  2.82009  
0.94628  3.70356  
1.85059  1.98474  
1.03381  3.61509  
0.990935  3.65976  
1.79073  2.19183  
1.89344  1.81575  
2.07145  0.623362  
1.59724  2.71714  
0.861067  3.77948  
1.6277  2.64542  
0.814003  3.81747  
1.92552  1.67457  
1.26858  3.31996  
1.11928  3.51817  
2.07281  0.601715  
1.70208  2.45481  
1.95029  1.55448  
0.266031  4.07374  
2.07427  0.58109  
