2.09633  0.223065  0.255074  
0.21575  4.08777  0.253357  
0.189565  0.189559  6.08744  
0.582568  2.57465  4.57405  
0.953904  2.94516  3.43078  
1.01256  1.49093  5.00284  
1.13572  3.12645  2.4701  
1.15375  0.54218  5.14477  
1.23534  3.22661  1.6086  
1.2712  1.8546  4.17082  
1.28561  3.27695  0.797825  
0.17627  3.17835  3.91087  
1.37191  2.22058  3.44634  
0.145617  2.00189  5.3684  
1.38953  1.06512  4.43784  
1.4242  0.168574  4.58329  
1.43518  2.46528  2.78484  
0.336301  3.45367  3.27613  
1.48317  2.97763  0.263058  
1.51587  1.64013  3.63123  
1.5529  2.43336  2.23894  
0.595891  3.54794  2.73554  
1.5593  1.10301  3.90071  
1.57681  0.576288  4.06376  
1.58316  1.91968  3.02969  
0.507698  1.49662  5.58239  
1.60454  2.48515  1.73669  
0.88662  0.140055  5.60723  
0.755482  3.60845  2.17601  
1.63818  2.51885  1.27758  
1.02623  3.63035  0.419567  
1.652  0.177593  3.86276  
1.65129  1.98732  2.58205  
0.157601  2.46251  4.9288  
1.65795  1.25542  3.4188  
1.65926  2.53946  0.840799  
1.67125  2.55136  0.406838  
0.188039  3.62813  2.8961  
1.69349  1.51432  3.00996  
1.69948  2.0408  2.17825  
0.18726  2.78217  4.53254  
1.70478  0.86002  3.47119  
0.883175  2.18398  4.63637  
0.883689  2.56411  4.18692  
0.132187  1.4934  5.71619  
1.72682  2.11255  1.80857  
1.73289  0.461809  3.4995  
0.300771  3.72846  2.53012  
1.73832  1.62566  2.63503  
0.534812  1.14214  5.73616  
1.74584  2.16806  1.45353  
1.74881  1.14275  3.0882  
0.679254  3.74212  1.83792  
1.02897  2.60222  3.84373  
1.76196  2.20519  1.10571  
1.09984  0.190305  5.28285  
1.77203  1.70478  2.30943  
1.77385  2.22913  0.750921  
0.561777  2.85647  4.20884  
1.77611  2.26241  0.265381  
1.77968  0.191717  3.33115  
0.569142  2.14595  5.05187  
1.78305  1.30337  2.77419  
0.715655  3.77714  1.52696  
0.705132  1.70908  5.27472  
0.646402  3.14816  3.60683  
1.79152  1.79714  1.99432  
0.835238  3.24749  3.05547  
0.382574  3.79128  2.22915  
1.80085  0.847328  3.03261  
1.1406  2.83173  3.15877  
0.595071  0.848767  5.79585  
1.81016  1.88124  1.64023  
0.742112  3.80364  1.23826  
0.985642  2.28223  4.35415  
1.81471  1.40627  2.45503  
1.11219  1.62726  4.72539  
1.8213  0.571937  3.04356  
1.82561  1.93353  1.31807  
1.82815  1.0318  2.74861  
1.21676  3.40683  0.273948  
1.83075  0.299628  3.06567  
0.818213  3.82607  0.260897  
0.270115  1.23223  5.82628  
1.83735  1.96979  0.991784  
0.630131  0.590608  5.83098  
1.84336  2.00975  0.616674  
0.843776  1.30373  5.35885  
0.42844  3.83641  1.97442  
0.885176  3.29761  2.805  
1.18599  2.87685  2.90776  
0.708862  2.89969  3.96026  
1.12388  2.35368  3.97091  
1.14246  1.26726  4.89753  
1.84942  2.01104  0.358468  
0.299829  2.9316  4.2856  
1.85074  0.760741  2.79863  
1.85168  1.63663  1.80072  
1.26  2.88169  2.6157  
1.85787  1.11588  2.49537  
