2.00386  0.194767  
0.0680128  4.00295  
1.20427  3.20321  
1.48734  2.68653  
1.63522  2.31782  
0.8394  3.63802  
1.72555  2.03925  
1.78558  1.82086  
0.635414  3.79915  
1.01783  3.45165  
1.82782  1.64478  
1.31261  3.02848  
1.85879  1.49935  
0.507425  3.87497  
1.88222  1.37747  
1.37492  2.91605  
1.90036  1.2738  
1.10093  3.34831  
1.53231  2.58358  
1.91472  1.18454  
0.929441  3.54967  
0.420535  3.91607  
0.752936  3.71268  
1.92636  1.10637  
1.4132  2.84192  
1.56234  2.51069  
1.93581  1.03818  
1.6585  2.25071  
1.24691  3.13737  
0.35823  3.94055  
1.94366  0.977661  
1.1449  3.28894  
1.9502  0.923903  
1.583  2.45839  
1.6753  2.20047  
1.43775  2.79233  
0.704321  3.75052  
1.9558  0.875244  
0.311454  3.95623  
1.7391  1.9927  
0.589146  3.8287  
0.972033  3.50389  
1.0555  3.40617  
0.885611  3.59409  
1.96056  0.83162  
1.27205  3.09683  
1.33524  2.98875  
0.799929  3.6733  
1.96465  0.791724  
1.68759  2.16255  
1.59752  2.42059  
1.74937  1.95653  
0.275345  3.96681  
1.96818  0.755847  
1.16955  3.25422  
1.79412  1.78696  
1.45387  2.75878  
1.97123  0.723203  
1.50125  2.65545  
1.97394  0.693116  
0.560168  3.84599  
1.6968  2.13355  
0.246489  3.97429  
1.7572  1.92812  
0.676169  3.77104  
1.97635  0.664606  
1.60782  2.39316  
0.480092  3.88877  
1.80079  1.75992  
1.22122  3.17748  
1.34937  2.96325  
1.97845  0.639065  
1.28732  3.07152  
1.83353  1.61905  
1.07569  3.38091  
1.38812  2.89097  
1.11982  3.32322  
0.993633  3.47969  
1.98034  0.615232  
0.223221  3.9797  
1.46462  2.73595  
0.863215  3.61574  
1.76331  1.90579  
1.70364  2.11156  
0.950153  3.52774  
0.90758  3.57216  
1.98203  0.592938  
1.80607  1.73814  
1.51073  2.63385  
0.778701  3.69142  
1.54122  2.56235  
0.731892  3.72945  
1.83807  1.59833  
1.18371  3.23361  
1.03502  3.43116  
1.98358  0.571831  
1.61523  2.37314  
1.8627  1.47978  
0.203974  3.98376  
1.98493  0.552509  
