2.09302  0.284493  
0.158105  4.09331  
1.29513  3.29543  
1.57776  2.78014  
1.72544  2.41253  
0.931042  3.72923  
1.81563  2.13512  
1.87561  1.91768  
0.727707  3.88997  
1.10909  3.54321  
1.91781  1.74239  
1.40335  3.12103  
1.94873  1.5981  
0.600108  3.96571  
1.9721  1.47717  
1.46556  3.00883  
1.19203  3.44012  
1.99024  1.37428  
1.6227  2.6774  
2.0046  1.28582  
1.0209  3.64103  
0.513559  4.00677  
0.844786  3.80372  
2.01616  1.20895  
1.50382  2.93489  
1.65271  2.60467  
2.02562  1.14149  
1.74872  2.34559  
1.3377  3.22978  
0.451512  4.03127  
2.03344  1.08189  
1.23591  3.3809  
2.04001  1.02887  
1.67335  2.55254  
1.76551  2.29543  
1.52831  2.88545  
0.796293  3.84146  
2.04557  0.981297  
1.82918  2.0887  
0.405139  4.04694  
0.681523  3.91952  
1.06341  3.59534  
1.14669  3.49787  
0.977093  3.68542  
2.05028  0.938589  
1.36283  3.18925  
1.42593  3.08139  
0.891704  3.76439  
2.05435  0.899919  
1.77782  2.25762  
1.68782  2.51491  
1.83945  2.05252  
0.369318  4.05751  
2.0579  0.864597  
1.26047  3.34625  
1.88413  1.884  
1.54437  2.85208  
2.06099  0.832424  
1.59166  2.7491  
2.0637  0.802843  
0.652609  3.93678  
1.78694  2.22893  
0.340957  4.06494  
1.84733  2.02417  
0.768272  3.86196  
1.69811  2.48757  
0.572849  3.97952  
1.89081  1.857  
2.06607  0.775872  
1.31204  3.26977  
1.44009  3.05591  
1.37809  3.16399  
1.92347  1.71712  
1.16683  3.47266  
1.47875  2.98378  
1.21087  3.41511  
2.06819  0.750992  
1.08493  3.57117  
2.07006  0.728017  
0.317994  4.07037  
1.55508  2.82939  
0.954829  3.70695  
1.8534  2.00194  
0.999021  3.66354  
1.04155  3.61916  
1.79379  2.20707  
1.8961  1.83525  
1.60115  2.72755  
2.07175  0.706611  
0.870493  3.78251  
1.63158  2.65624  
0.823729  3.82046  
1.92802  1.69637  
1.27463  3.32576  
1.12626  3.52278  
1.70554  2.4676  
2.07327  0.68656  
1.95264  1.57857  
0.299107  4.07443  
0.91261  3.74595  
