2.0343  0.193548  0.193608  
0.134328  4.00429  0.170092  
0.0994993  0.0994877  5.99761  
0.514944  2.48457  4.47804  
0.885301  2.85452  3.3257  
0.944162  1.39416  4.90703  
1.06082  3.03101  2.35195  
1.08383  0.44241  5.04717  
1.16008  3.12958  1.47744  
1.20239  2.02131  3.78716  
1.21267  3.18234  0.653241  
0.0882206  3.10226  3.80001  
1.29972  1.28575  4.18024  
0.061343  1.92469  5.278  
1.3326  2.32305  2.86767  
1.3521  0.0805011  4.45805  
0.272989  3.3716  3.16537  
1.41245  2.50622  2.01847  
1.42899  2.82584  0.167071  
1.44336  1.46618  3.58452  
1.47891  0.805018  3.90291  
1.49259  1.78118  3.04282  
0.519338  3.46282  2.62234  
1.52039  0.0918105  3.93392  
0.430732  1.4107  5.4831  
1.52884  2  2.47872  
1.54942  2.34037  1.55808  
0.805302  0.0551333  5.52327  
0.955574  3.53084  0.244987  
1.57126  1.02633  3.4378  
0.0698337  2.39114  4.82189  
1.58089  2.37219  1.09744  
1.60172  2.39304  0.665177  
1.6068  0.598148  3.50481  
1.60825  2.40081  0.220535  
1.60966  1.3574  3.01084  
0.534465  3.58315  2.20143  
0.100001  3.5499  2.77896  
1.63111  0.0989275  3.51481  
1.62601  1.93206  2.06828  
0.808225  2.46798  4.08378  
1.64241  1.53295  2.61479  
0.123439  2.71125  4.4311  
0.815786  2.08199  4.54284  
0.0475602  1.43226  5.61726  
1.66155  0.981079  3.06571  
1.66157  1.96699  1.68697  
0.592052  3.6389  1.83715  
0.448837  1.054  5.64112  
1.67851  2.01563  1.33061  
1.68416  0.626533  3.15327  
1.68724  1.58405  2.26397  
0.185126  3.65875  2.43358  
1.69581  1.18923  2.71657  
1.69585  2.04786  0.990428  
1.71216  0.101846  3.17397  
0.486558  2.0619  4.94829  
1.0241  0.0971938  5.19527  
1.70728  2.06416  0.64704  
0.629914  3.67806  1.50796  
0.484712  2.77809  4.10626  
1.71465  2.07982  0.315433  
1.71675  1.63502  1.9461  
0.982638  1.76525  4.58976  
0.628927  1.63019  5.16815  
1.01981  2.54268  3.53428  
0.754147  3.15536  2.94733  
1.7291  1.27783  2.40934  
1.72953  0.883473  2.77657  
1.74049  1.66543  1.64909  
0.662741  3.71145  1.20436  
0.255953  3.71843  2.138  
1.74898  0.585133  2.86394  
0.917101  2.18218  4.25704  
0.521371  0.763268  5.71362  
1.05106  2.74902  3.0641  
1.7686  0.10574  2.8863  
1.75399  1.73649  1.35716  
1.75731  1.33675  2.13156  
1.76452  0.999191  2.50643  
0.686725  3.72442  0.933653  
1.76546  1.77231  1.0831  
0.490928  3.1027  3.53154  
0.177828  1.1653  5.73069  
0.61979  2.83601  3.83908  
0.795885  3.31803  2.40048  
1.16554  3.26593  0.393683  
0.692954  3.74129  0.671838  
1.14847  2.76923  2.68182  
1.09062  1.12737  4.78565  
0.545307  0.503347  5.73767  
1.77659  1.38669  1.86383  
1.77792  1.82167  0.560804  
0.903798  3.28025  2.1476  
0.767276  1.21119  5.27173  
0.338849  3.75299  1.88664  
0.704388  3.75105  0.419031  
1.78464  1.08196  2.2542  
1.78504  1.83127  0.242842  
0.235166  2.85326  4.18197  
