2.09413  0.284819  
0.158146  4.09335  
1.27849  3.27773  
1.56647  2.75007  
1.71641  2.37237  
0.905339  3.72015  
1.80783  2.08585  
1.86875  1.86043  
0.6951  3.88312  
1.08852  3.53018  
1.91143  1.67759  
1.38863  3.0999  
1.94291  1.52578  
0.561424  3.95965  
1.96652  1.39769  
1.45192  2.9852  
1.98497  1.28515  
1.17333  3.42509  
1.61181  2.64547  
1.99955  1.18855  
0.469119  4.00105  
0.998238  3.62984  
0.817201  3.79497  
2.01177  1.10258  
1.49086  2.90959  
1.6422  2.57114  
2.02108  1.0266  
1.73977  2.30422  
0.40129  4.02564  
1.32176  3.21085  
2.02897  0.961794  
1.21818  3.36483  
2.03566  0.898482  
1.66309  2.51781  
2.04125  0.842479  
0.349139  4.0412  
1.7567  2.25295  
1.51583  2.85888  
0.767273  3.83321  
2.04642  0.793776  
1.82136  2.03848  
0.64785  3.9124  
1.04189  3.58307  
1.12716  3.48382  
0.952975  3.67491  
2.05048  0.745509  
0.307487  4.05178  
1.34736  3.16956  
1.41163  3.05951  
2.05386  0.704211  
0.865526  3.75514  
1.76914  2.21417  
1.67787  2.47916  
1.83187  2.00156  
2.05736  0.658056  
1.24318  3.3294  
0.273124  4.05899  
1.87708  1.82602  
1.53219  2.8246  
2.06084  0.607081  
1.58044  2.71849  
2.06304  0.567369  
0.617895  3.92968  
1.77835  2.18475  
2.0648  0.537642  
0.244008  4.06426  
1.8397  1.97241  
0.738268  3.85413  
1.68834  2.45097  
0.533473  3.9731  
2.06647  0.507562  
1.88379  1.79821  
2.06794  0.479896  
1.29572  3.25163  
1.42591  3.03349  
1.91707  1.65151  
1.36285  3.14375  
1.14763  3.45808  
1.19268  3.39954  
1.46536  2.95976  
0.218669  4.06812  
2.0693  0.452736  
1.06385  3.55853  
2.07052  0.424866  
1.54323  2.8012  
0.930042  3.69718  
1.84591  1.94928  
2.07149  0.40199  
1.88895  1.77569  
1.01945  3.60739  
1.78543  2.16182  
0.975883  3.65253  
0.194777  4.07135  
2.07234  0.379945  
1.59002  2.69661  
0.843977  3.77343  
0.79576  3.81174  
1.62082  2.62367  
1.92181  1.62925  
2.07347  0.34929  
