2.03592  0.150918  0.115642  
0.170835  4.01899  0.162824  
0.0389895  0.0536297  6.02854  
0.497139  2.47983  4.48868  
0.880808  2.85297  3.3357  
0.934157  1.37044  4.92678  
1.06236  3.04047  2.36296  
1.07049  0.402695  5.06341  
1.15615  3.13925  1.47837  
1.20117  1.74412  4.08702  
1.2081  3.18849  0.643577  
0.0868512  3.0964  3.80723  
0.0555428  1.89295  5.29453  
1.2986  2.12051  3.34142  
1.31065  0.957689  4.33019  
1.34915  0.0837393  4.45176  
1.36684  2.37114  2.64372  
1.37727  2.97675  0.0340044  
0.252937  3.37827  3.15856  
1.44245  1.52239  3.5365  
1.46197  2.39581  2.04584  
1.48728  0.973667  3.78241  
0.51869  3.4746  2.62173  
1.50949  0.438314  3.92155  
1.51292  1.82651  2.90249  
1.52083  2.45246  1.5253  
0.43443  1.38383  5.52532  
0.668401  3.52739  2.06636  
1.56658  2.5037  0.980383  
0.769656  0.0491979  5.55857  
1.57689  1.92893  2.43131  
1.58653  1.10492  3.33079  
1.5867  2.51461  0.505637  
0.933307  3.57513  0.216931  
0.0686702  2.36312  4.85198  
1.60114  0.0935054  3.63498  
1.58586  2.54052  0.0585183  
0.0995545  3.55521  2.75991  
1.6172  1.98024  2.00561  
1.61768  1.40752  2.91377  
0.0909454  2.69589  4.44996  
0.806012  2.46532  4.09336  
0.0425308  1.40036  5.62857  
0.799674  2.08211  4.5686  
1.65717  2.074  1.53124  
1.65819  0.734296  3.21891  
1.66226  1.55494  2.53291  
1.67448  2.14177  1.08635  
0.307036  3.65929  2.326  
1.67912  0.352024  3.25664  
0.409536  1.03504  5.67993  
1.00718  0.0631021  5.2104  
0.953541  2.51058  3.74638  
1.69424  1.64038  2.14532  
0.593292  3.6792  1.71015  
1.69851  1.08375  2.79783  
1.69899  2.16998  0.587963  
0.478559  2.77149  4.125  
1.71263  2.22236  0.267244  
0.485713  2.03833  4.97697  
1.72107  1.75566  1.74841  
1.72238  0.772311  2.90205  
0.619308  1.57176  5.21428  
0.620539  3.70848  1.39673  
0.75553  3.16728  2.93479  
1.73378  0.109753  3.04444  
1.73062  1.2606  2.45519  
1.73953  1.8282  1.36458  
1.07067  2.74351  3.04748  
0.906051  2.16982  4.27358  
0.485303  0.724234  5.74553  
0.293751  3.73298  2.04498  
0.650768  3.73784  1.10611  
1.75651  1.34514  2.14969  
1.75669  0.863671  2.61612  
1.03172  1.52017  4.64235  
1.76703  1.89536  0.942565  
1.76212  1.48683  1.85462  
0.48736  3.10452  3.53858  
0.136144  1.13094  5.76008  
1.76773  0.543655  2.75778  
0.664129  3.75301  0.831379  
0.614485  2.83284  3.85848  
0.745671  1.18438  5.29408  
1.78087  0.104663  2.7766  
1.20114  2.78179  2.43908  
1.77736  1.95448  0.434632  
1.77878  1.01988  2.35384  
0.515634  0.466801  5.77579  
0.216254  2.84535  4.19718  
0.682357  3.76779  0.532562  
1.03839  2.26229  3.89771  
1.78767  1.57498  1.55758  
0.327477  3.77689  1.80407  
0.910403  3.28686  2.15104  
1.05815  2.50037  3.49619  
0.5301  0.22438  5.78874  
0.694641  1.79611  4.97041  
1.79989  1.6401  1.19148  
1.07764  1.2232  4.74371  
