2.00168  0.192451  
0.0903433  4.00095  
1.20287  3.20217  
1.48572  2.68608  
1.63353  2.31774  
0.838445  3.63651  
1.72377  2.03977  
1.7838  1.82166  
0.634935  3.79744  
1.01662  3.45036  
1.82603  1.64579  
1.31114  3.0276  
1.85694  1.50102  
0.507098  3.87321  
1.88033  1.37958  
1.37343  2.9153  
1.09963  3.34715  
1.89857  1.27577  
1.53073  2.58323  
1.91302  1.18618  
0.928376  3.54824  
0.420436  3.9143  
0.752042  3.71115  
1.92458  1.10887  
1.41168  2.84127  
1.5607  2.51043  
1.93407  1.04063  
1.65679  2.25077  
1.24545  3.13648  
0.358271  3.93884  
1.94187  0.980703  
1.14356  3.28785  
1.94843  0.927116  
1.58142  2.45805  
1.67356  2.20058  
1.43618  2.79173  
0.703459  3.74892  
1.95399  0.878909  
1.73731  1.99326  
0.311729  3.95451  
0.588678  3.82697  
0.970889  3.50256  
1.05429  3.40491  
0.884544  3.59266  
1.95872  0.835733  
1.27061  3.09594  
1.33377  2.98788  
0.799069  3.67176  
1.96283  0.796138  
1.6859  2.16268  
1.59592  2.42027  
1.74758  1.95704  
0.275532  3.96517  
1.96634  0.760696  
1.16814  3.2531  
1.79232  1.78788  
1.45234  2.75813  
1.9695  0.727098  
1.49964  2.655  
1.97219  0.6973  
0.559704  3.84428  
1.69506  2.13386  
0.247163  3.97258  
1.7555  1.92848  
0.675389  3.76947  
1.60621  2.39294  
0.479765  3.88706  
1.79901  1.76079  
1.97472  0.668173  
1.21987  3.17636  
1.34793  2.96237  
1.28591  3.07061  
1.83181  1.61989  
1.07437  3.37979  
1.3866  2.89015  
1.11858  3.32194  
1.97681  0.642928  
0.99242  3.47834  
1.97865  0.619675  
0.223184  3.97817  
1.46304  2.73543  
0.86224  3.61423  
1.76159  1.90616  
0.906491  3.57077  
0.948999  3.5264  
1.70196  2.11183  
1.80431  1.73901  
1.50914  2.63341  
1.98042  0.596356  
0.777883  3.68979  
1.53955  2.56208  
0.730852  3.72796  
1.83638  1.59913  
1.18236  3.2326  
1.03383  3.42984  
1.61353  2.37309  
1.98191  0.576127  
1.86087  1.48153  
0.819949  3.65329  
0.205185  3.98202  
