2.09641  0.246897  0.263779  
0.201089  4.08956  0.253576  
0.189791  0.189786  6.08795  
0.582194  2.57479  4.5733  
0.953002  2.946  3.42854  
1.01261  1.48826  5.00411  
1.13514  3.12812  2.46733  
1.15334  0.541206  5.14486  
1.23469  3.22813  1.60334  
1.27247  2.12042  3.88543  
1.28568  3.27879  0.792459  
0.176315  3.17899  3.90969  
1.37289  1.39685  4.28633  
0.14586  2.00166  5.3685  
1.40652  2.43567  2.96432  
1.42533  0.175399  4.57767  
0.331134  3.45633  3.27664  
1.48367  2.97843  0.256432  
1.51528  1.56959  3.69955  
1.53378  2.41429  2.40095  
1.55102  0.900441  4.03174  
0.59464  3.54905  2.733  
1.56466  1.88024  3.16452  
1.58816  0.375883  4.06915  
1.59024  2.46999  1.89175  
0.506479  1.49459  5.58182  
0.886039  0.142172  5.60981  
0.755427  3.6102  2.17273  
1.62817  2.50899  1.42234  
1.02567  3.63179  0.413409  
1.63881  1.95486  2.70418  
1.64188  1.12907  3.57692  
1.65421  2.53562  0.967901  
0.157792  2.46205  4.92915  
1.66847  2.55055  0.530231  
1.67778  1.45011  3.15734  
1.6782  0.703751  3.65113  
1.69219  0.182025  3.70846  
1.68885  2.02343  2.28522  
0.188101  3.62837  2.89548  
0.186959  2.78195  4.53232  
0.883111  2.18468  4.63638  
0.88441  2.56481  4.18511  
1.72051  2.09392  1.90245  
0.13216  1.49074  5.71768  
1.72267  1.58095  2.78178  
1.73204  1.08498  3.21528  
0.289398  3.7296  2.53519  
1.74197  2.1544  1.54539  
0.53524  1.14022  5.73742  
0.678779  3.74263  1.83411  
1.75054  2.34013  0.253062  
1.75545  0.736145  3.30843  
1.75678  1.68385  2.44138  
1.76463  0.392155  3.3737  
1.04394  1.8533  4.67496  
1.77007  1.24757  2.88896  
1.10108  0.159683  5.28507  
0.561003  2.8561  4.20952  
0.569357  2.14502  5.05225  
1.78376  1.77976  2.08856  
0.714036  3.77992  1.52371  
1.09699  2.63609  3.63001  
0.64571  3.14871  3.60387  
0.704845  1.70895  5.27458  
0.832991  3.24618  3.05825  
0.378936  3.79006  2.23609  
1.7991  2.0415  1.27013  
1.80108  0.869102  3.00958  
1.80171  1.37752  2.56855  
0.59426  0.848371  5.79616  
1.81403  0.186707  3.16417  
0.987686  2.2801  4.3505  
0.741782  3.80587  1.23233  
1.81382  2.05683  0.987203  
1.12624  2.84829  3.16566  
1.82099  1.76603  1.81114  
1.82417  2.06687  0.713371  
1.24314  2.85412  2.74837  
1.82662  1.49299  2.25001  
1.21406  3.41247  0.256497  
1.83049  2.07416  0.44165  
1.16046  1.23692  4.88001  
1.83211  1.10884  2.66118  
0.815014  3.82701  0.256654  
0.27107  1.2291  5.8262  
0.629866  0.590649  5.83175  
1.84254  1.78713  1.54819  
0.843948  1.29843  5.35949  
0.422366  3.83692  1.98294  
0.883552  3.29808  2.80761  
1.84585  0.578885  2.9119  
0.309679  2.92869  4.28215  
0.7085  2.89961  3.95981  
1.85459  1.52115  2.00772  
1.86037  0.195018  2.91729  
1.13213  1.92422  4.43411  
1.85657  1.23901  2.37254  
0.329734  2.22231  5.12854  
0.979798  3.3732  2.28791  
