2.09313  0.284391  
0.158142  4.09335  
1.29522  3.29547  
1.57784  2.7802  
1.72554  2.41259  
0.931105  3.72929  
1.81572  2.13516  
1.8757  1.91773  
0.727753  3.89005  
1.1092  3.54325  
1.91789  1.74248  
1.40346  3.12106  
1.94881  1.59815  
0.600116  3.96581  
1.97219  1.47721  
1.46565  3.00889  
1.19213  3.44015  
1.99032  1.37429  
1.6228  2.67745  
2.0047  1.28572  
1.02101  3.64108  
0.513641  4.00686  
0.844825  3.8038  
2.01623  1.20898  
1.50392  2.93495  
1.65281  2.60471  
2.02571  1.14155  
1.7488  2.34567  
1.3378  3.22982  
0.451589  4.03134  
2.03355  1.08188  
1.23603  3.38093  
2.0401  1.02883  
1.67344  2.55258  
1.7656  2.2955  
1.52839  2.8855  
0.79634  3.84155  
2.04565  0.981251  
1.82927  2.0887  
0.4052  4.047  
0.681618  3.91962  
1.06352  3.59539  
1.14678  3.4979  
0.977177  3.68547  
2.05038  0.93841  
1.36294  3.1893  
1.42604  3.08143  
0.891799  3.76445  
2.05446  0.899722  
1.7779  2.25764  
1.68792  2.51497  
1.83957  2.05252  
0.369354  4.05759  
2.05801  0.864361  
1.26058  3.34628  
1.88422  1.884  
1.54447  2.85208  
2.06109  0.832235  
1.59177  2.74914  
2.0638  0.802828  
0.652697  3.93685  
1.78704  2.229  
0.340977  4.06502  
1.84743  2.02418  
0.768325  3.86204  
1.69821  2.48763  
0.572921  3.97961  
1.89089  1.85701  
2.06618  0.775666  
1.31215  3.26982  
1.4402  3.05595  
1.92354  1.71722  
1.3782  3.16402  
1.16693  3.47269  
1.47885  2.98383  
1.21098  3.41515  
2.06831  0.750594  
1.08501  3.57122  
2.07019  0.727568  
0.318036  4.07046  
1.55517  2.82944  
0.954892  3.70701  
1.85349  2.00197  
0.99912  3.66362  
1.04163  3.61924  
1.79388  2.20714  
1.89619  1.83529  
1.60124  2.7276  
2.07187  0.706256  
0.870557  3.7826  
1.63167  2.65629  
0.8238  3.82057  
1.92812  1.69644  
1.27472  3.32577  
1.12636  3.52284  
1.7056  2.4677  
2.07337  0.686494  
1.95273  1.57857  
0.299132  4.07451  
0.912705  3.74602  
