2.09345  0.284213  
0.158068  4.09327  
1.29536  3.29518  
1.57802  2.77973  
1.72571  2.41198  
0.931225  3.72913  
1.8159  2.13443  
1.87587  1.91684  
0.727884  3.88993  
1.10929  3.54307  
1.91808  1.74144  
1.4036  3.12075  
1.94899  1.59697  
0.600287  3.96568  
1.97239  1.47591  
1.46581  3.0085  
1.19225  3.43995  
1.99053  1.37298  
1.62294  2.67696  
2.00488  1.28435  
1.02109  3.64094  
0.513767  4.00677  
0.844956  3.80366  
2.01646  1.20731  
1.50407  2.93455  
1.65297  2.60421  
2.02589  1.13973  
1.74898  2.34504  
1.33793  3.22952  
0.451707  4.03128  
2.03376  1.07986  
1.23612  3.38071  
2.04033  1.02673  
1.6736  2.55211  
1.76576  2.29487  
1.52857  2.8851  
0.796456  3.84141  
2.04586  0.979127  
1.82945  2.08794  
0.40541  4.04691  
0.681706  3.91949  
1.0636  3.59523  
1.14691  3.49774  
0.977257  3.6853  
2.05059  0.936274  
1.36309  3.18898  
1.42617  3.08111  
0.891889  3.76433  
2.05467  0.89748  
1.77806  2.25703  
1.68807  2.51444  
1.83972  2.0518  
0.369614  4.05748  
2.0582  0.86215  
1.26071  3.34604  
1.8844  1.88312  
1.54464  2.85166  
2.06128  0.829858  
1.59192  2.74869  
2.06398  0.800197  
0.652812  3.93674  
1.7872  2.22831  
0.341225  4.06491  
1.84759  2.02352  
0.768433  3.86189  
1.69836  2.48708  
0.572982  3.97954  
2.06636  0.773105  
1.89107  1.85611  
1.31229  3.26953  
1.44033  3.05563  
1.92374  1.71617  
1.37835  3.1637  
1.16702  3.47251  
1.47901  2.98341  
1.21111  3.41491  
2.06848  0.747962  
1.0851  3.57103  
2.07037  0.724672  
0.318264  4.07033  
1.55535  2.82901  
0.95502  3.70689  
1.85366  2.00123  
0.999185  3.66341  
1.04173  3.61907  
1.79405  2.20645  
1.89637  1.83438  
1.60141  2.72713  
2.07205  0.703139  
0.870665  3.78246  
1.63182  2.65578  
0.823944  3.82039  
1.92829  1.69543  
1.27487  3.32555  
1.12647  3.52262  
1.70576  2.46712  
2.07357  0.683157  
1.95293  1.5775  
0.29932  4.07443  
2.07494  0.66452  
