2.0943  0.249482  0.253519  
0.202005  4.09014  0.254111  
0.189205  0.189189  6.08736  
0.580683  2.57586  4.57298  
0.951772  2.94774  3.43136  
1.01084  1.49219  5.00197  
1.1318  3.12859  2.4692  
1.15307  0.532365  5.14536  
1.2325  3.22794  1.6066  
1.26961  1.85285  4.17602  
1.28373  3.27957  0.792689  
0.176138  3.17848  3.91025  
1.3708  2.21299  3.45334  
0.145363  2.00167  5.36804  
1.38809  1.0723  4.4341  
1.42549  0.169726  4.58005  
1.43443  2.46789  2.77948  
0.339067  3.45532  3.27138  
1.48241  2.97561  0.26054  
1.51414  1.63353  3.64047  
1.55436  2.43528  2.23773  
0.59193  3.55135  2.72722  
1.56235  1.07721  3.89933  
1.57789  0.553313  4.06378  
1.58175  1.92213  3.02889  
0.50522  1.49525  5.58181  
1.60273  2.48259  1.74782  
0.748798  3.61114  2.18107  
0.879874  0.144674  5.61517  
1.02427  3.63173  0.413831  
1.64279  2.52355  1.20079  
1.66006  0.177994  3.83292  
1.64844  1.99679  2.57629  
0.15764  2.46159  4.92981  
1.6565  1.47075  3.23315  
1.66253  2.54344  0.764529  
1.67219  2.55352  0.281502  
0.188818  3.63861  2.86654  
1.69452  1.00831  3.43074  
1.70077  2.05377  2.14002  
0.166906  2.78739  4.53056  
0.880631  2.18652  4.63562  
0.882412  2.56342  4.18638  
1.71113  1.60561  2.81219  
0.131857  1.4889  5.71837  
1.7284  2.11654  1.77216  
1.73506  0.583433  3.46178  
0.28183  3.7378  2.51258  
1.7478  0.190888  3.47383  
1.74604  2.17416  1.42333  
0.531882  1.13963  5.73935  
0.677162  3.74184  1.84061  
1.74989  1.17032  3.06016  
1.02716  2.60409  3.8427  
1.75403  1.67922  2.46202  
1.76102  2.20974  1.08788  
1.09811  0.151148  5.28626  
1.77464  2.23425  0.672039  
0.550857  2.85962  4.21238  
0.566894  2.1448  5.05166  
1.7817  0.809372  3.13884  
1.78184  2.24173  0.304951  
0.711662  3.77915  1.52889  
0.703828  1.7092  5.2744  
1.78998  1.27692  2.74544  
1.79222  1.80988  1.9621  
0.831554  3.25173  3.0461  
1.13886  2.82866  3.16059  
1.80034  0.494543  3.17606  
0.371158  3.79575  2.21954  
0.588172  0.852071  5.79927  
1.81126  1.88763  1.60417  
0.734841  3.80736  1.24574  
0.985783  2.28064  4.35258  
1.81367  1.40099  2.46541  
1.82058  0.206485  3.1295  
1.11182  1.62595  4.72558  
1.82083  0.98126  2.82359  
1.82568  1.93415  1.30142  
1.2143  3.40981  0.261322  
0.573811  3.19036  3.61896  
0.813099  3.82757  0.257714  
1.83372  1.53126  2.13929  
0.265157  1.22888  5.82732  
1.83553  1.97879  0.97432  
0.625957  0.591446  5.83334  
0.844516  1.29223  5.36339  
1.18402  2.87835  2.91028  
1.12047  2.35498  3.97719  
1.84755  1.14019  2.52789  
0.680687  2.93249  3.94451  
0.404956  3.84447  1.97261  
1.84924  1.98755  0.61083  
1.14328  1.26526  4.90083  
0.295836  2.9342  4.28067  
1.85174  0.587004  2.86911  
1.25724  2.88542  2.61464  
1.85436  1.58255  1.87927  
0.325445  2.22296  5.13001  
1.13455  2.58701  3.60551  
