2.06363  0.256266  
0.134534  4.06342  
1.2646  3.26435  
1.54758  2.74826  
1.69532  2.3797  
0.900121  3.69883  
1.78561  2.10151  
1.8457  1.88346  
0.696317  3.85981  
1.07828  3.51239  
1.88792  1.70753  
1.37292  3.08972  
1.91901  1.56276  
0.568396  3.93551  
1.94229  1.44098  
1.43509  2.97724  
1.16122  3.40894  
1.96066  1.33768  
1.59243  2.64529  
1.97503  1.24843  
0.990133  3.61049  
0.481671  3.97671  
0.813656  3.77335  
1.9864  1.17096  
1.47357  2.90324  
1.62243  2.57241  
1.99596  1.10241  
1.71854  2.31263  
1.30731  3.19873  
0.419236  4.00125  
2.00386  1.04177  
1.20549  3.34986  
2.01053  0.987482  
1.64303  2.52015  
1.73542  2.26238  
1.49801  2.85353  
0.765068  3.8112  
2.01616  0.939429  
0.372635  4.0169  
1.79929  2.05504  
0.650058  3.88927  
1.03271  3.56482  
1.11582  3.46724  
0.946244  3.65494  
2.02084  0.896579  
1.33226  3.15806  
1.39542  3.04999  
0.860738  3.73399  
2.02513  0.856586  
1.74779  2.2246  
1.6576  2.4824  
1.8096  2.01869  
0.336637  4.02744  
2.02868  0.819146  
1.22982  3.31507  
1.85421  1.84966  
1.51408  2.82021  
2.03223  0.785293  
1.56132  2.71708  
0.62109  3.90661  
1.75692  2.19577  
2.03497  0.750787  
0.307939  4.03492  
1.81739  1.99044  
0.737157  3.83177  
1.66798  2.45504  
0.540736  3.94952  
1.86091  1.82253  
2.03742  0.72228  
1.28164  3.23864  
1.4097  3.02456  
1.34753  3.13274  
1.89369  1.68216  
1.44833  2.95201  
1.13609  3.44194  
1.18036  3.38393  
1.05395  3.5406  
2.03954  0.695964  
0.284844  4.04036  
1.52486  2.79751  
0.923954  3.6765  
1.82346  1.96799  
2.04151  0.673141  
0.968287  3.63301  
1.86613  1.8007  
1.76384  2.17387  
1.01102  3.58844  
1.57089  2.69536  
0.839393  3.75199  
1.60135  2.62394  
0.792664  3.79012  
1.89833  1.66116  
1.24415  3.29428  
1.09548  3.49223  
1.67547  2.43499  
2.04407  0.638004  
1.9228  1.54306  
0.26536  4.04447  
0.881666  3.71555  
0.602947  3.91717  
