2.10825  0.230266  0.267016  
0.201486  4.09  0.254046  
0.189436  0.189428  6.08759  
0.588131  2.57227  4.56988  
0.961724  2.94151  3.42328  
1.01858  1.48254  4.99802  
1.14159  3.1216  2.4562  
1.15934  0.516214  5.13855  
1.2401  3.22197  1.58236  
1.27843  1.8524  4.15544  
1.29214  3.27377  0.74652  
0.176466  3.18397  3.9007  
1.38092  2.2139  3.42203  
0.146027  2.00309  5.36812  
1.39637  1.05307  4.42564  
1.43363  0.170077  4.55624  
1.44443  2.45752  2.75488  
0.347107  3.45535  3.26325  
1.49739  2.61147  2.11791  
1.50488  2.93398  0.253367  
1.52516  1.3649  3.83526  
0.598055  3.54881  2.72155  
1.5787  0.720075  4.01417  
1.58899  1.93576  2.982  
1.60031  0.19423  4.0472  
0.51195  1.49067  5.58088  
1.62641  2.45035  1.66061  
0.75879  3.60928  2.16194  
1.63146  1.45706  3.35687  
0.875792  0.141708  5.62038  
1.03715  3.62134  0.353885  
1.65867  1.99574  2.53188  
1.66176  2.48695  1.13445  
1.66194  1.00864  3.5693  
0.157597  2.46636  4.92429  
1.6856  2.50898  0.510746  
1.69642  0.554488  3.63424  
0.188144  3.63225  2.88434  
1.70294  1.53168  2.94513  
1.70647  2.04536  2.11873  
0.1676  2.78796  4.52726  
0.890699  2.56008  4.17815  
0.893708  2.1705  4.63398  
1.72914  0.181794  3.55766  
0.132237  1.5009  5.71173  
1.73518  1.13246  3.16615  
1.74795  1.62025  2.58415  
1.74921  2.08558  1.68776  
0.396688  3.73349  2.42624  
0.687614  3.73945  1.81965  
0.528647  1.14154  5.7405  
1.03901  2.59427  3.83617  
1.77012  2.12486  1.35096  
1.77199  0.751089  3.22122  
1.09958  0.150855  5.2858  
1.77948  1.70714  2.25524  
0.564658  2.85805  4.20108  
1.78514  2.1833  0.825752  
0.575326  2.14718  5.04863  
1.79262  0.4031  3.24146  
1.79478  2.19162  0.511848  
0.723837  3.7774  1.49811  
1.7819  1.21607  2.85391  
0.707183  1.70819  5.27099  
0.654755  3.14822  3.59238  
0.840401  3.24553  3.04655  
1.80899  1.74918  1.95696  
1.14679  2.82337  3.14987  
1.81145  0.91646  2.92499  
1.81412  1.31915  2.55993  
0.587624  0.852374  5.79971  
0.749258  3.80281  1.20723  
0.993493  2.27379  4.34867  
0.399162  3.80804  2.14189  
1.1166  1.6248  4.71863  
1.83056  1.81337  1.6212  
1.83273  0.636992  2.96509  
1.83273  0.187855  3.07431  
1.83656  1.41969  2.28678  
0.769421  3.82264  0.912395  
1.84165  1.91708  1.17922  
1.84217  1.04964  2.64556  
0.25896  1.23877  5.82537  
1.24506  3.3615  0.476541  
0.843315  1.29103  5.36645  
0.78254  3.83465  0.654816  
0.623461  0.591675  5.83528  
1.8569  1.93839  0.76637  
0.79975  3.8394  0.270852  
0.311963  2.93366  4.27661  
1.85811  1.47875  2.03577  
0.717117  2.89817  3.95222  
1.14882  1.25601  4.89109  
0.882679  3.30177  2.7976  
1.19752  2.86468  2.9016  
1.13651  2.34378  3.95611  
0.995704  3.36503  2.258  
1.86563  1.95341  0.40699  
1.86658  0.759651  2.70428  
1.86673  1.17787  2.36152  
