2.09438  0.248397  0.253569  
0.20243  4.09049  0.254449  
0.189113  0.189112  6.08727  
0.580126  2.57647  4.5733  
0.951938  2.94792  3.43005  
1.0117  1.49148  5.00457  
1.13372  3.12951  2.46705  
1.15253  0.549556  5.14544  
1.23313  3.22896  1.60202  
1.26993  2.12354  3.88431  
1.28563  3.28106  0.750567  
0.176209  3.1784  3.91059  
1.37018  1.40056  4.28727  
0.145566  2.00188  5.36811  
1.40591  2.43487  2.97092  
1.42192  0.168435  4.58564  
0.333128  3.45618  3.27583  
1.48986  2.62269  2.13765  
1.50659  2.92785  0.278896  
1.51425  1.57353  3.70012  
1.54784  0.915557  4.03376  
0.590556  3.55028  2.73383  
1.5593  1.89976  3.16039  
1.58532  0.390366  4.07658  
0.505787  1.49522  5.5814  
0.891874  0.139258  5.60375  
1.61086  2.08745  2.63448  
0.752877  3.61037  2.17545  
1.62352  2.44588  1.70089  
1.03705  3.62109  0.350164  
1.63977  1.13194  3.57922  
1.65346  2.48608  1.23843  
0.157602  2.46124  4.93011  
1.67587  2.50547  0.788703  
1.67612  0.713672  3.6559  
1.6766  1.4532  3.16116  
1.68894  0.186661  3.72063  
1.68533  2.5205  0.284434  
0.187972  3.62686  2.89957  
1.69191  2.03859  2.23297  
0.183243  2.78202  4.53354  
0.879975  2.18721  4.63828  
0.881132  2.5674  4.18578  
1.70792  1.64889  2.77513  
0.132053  1.49006  5.71788  
1.72999  1.08827  3.21633  
0.281924  3.73023  2.53922  
1.73456  2.08377  1.81366  
0.539314  1.13738  5.73473  
0.686907  3.73992  1.82313  
1.75415  0.720556  3.31572  
1.75828  1.69969  2.40788  
1.76746  0.183435  3.38723  
1.76339  2.10976  1.45819  
1.76554  1.29612  2.87078  
1.04162  1.85863  4.67529  
1.09943  0.227029  5.28126  
0.558889  2.85636  4.21096  
1.77545  2.15761  1.12391  
0.567178  2.14573  5.05257  
0.72337  3.77677  1.49995  
1.0956  2.63759  3.62668  
1.7875  1.76755  2.08633  
0.70492  1.70909  5.27459  
0.641694  3.15148  3.60691  
1.78987  2.1956  0.591861  
0.382158  3.78819  2.23636  
0.832301  3.24865  3.05702  
1.79661  1.40203  2.57316  
1.79971  0.860768  3.02072  
0.598365  0.843264  5.79377  
0.749434  3.80258  1.2063  
0.986039  2.283  4.35404  
1.81225  0.531777  3.10504  
1.12442  2.84848  3.16561  
1.81545  1.78898  1.80685  
1.82412  0.188177  3.11036  
1.82523  1.05624  2.74722  
0.767057  3.82283  0.923391  
1.82834  1.45756  2.28796  
1.15801  1.24382  4.8812  
1.24484  3.35954  0.474907  
0.274168  1.22853  5.82574  
1.83418  2.09162  0.35041  
0.632842  0.584707  5.82879  
1.23167  2.8586  2.7815  
1.83822  1.83063  1.47779  
0.431017  3.83409  1.97872  
0.782033  3.83334  0.66904  
0.847277  1.29796  5.35551  
0.883387  3.29965  2.80673  
0.706634  2.9017  3.96031  
0.31017  2.92835  4.2841  
1.84839  0.677793  2.85664  
0.791517  3.84017  0.399796  
1.85261  1.20526  2.43004  
0.987928  3.36937  2.27071  
0.652013  0.339548  5.84752  
1.12877  1.93131  4.43603  
0.326532  2.223  5.12974  
