2.09484  0.252816  0.254108  
0.253399  4.08282  0.253693  
0.189258  0.189245  6.08741  
0.583276  2.57205  4.5767  
0.954309  2.94189  3.436  
1.01171  1.48751  5.00422  
1.13578  3.12376  2.47589  
1.15325  0.545881  5.14583  
1.2356  3.22475  1.61781  
1.27037  1.84798  4.17958  
1.28732  3.27496  0.809592  
0.1763  3.17766  3.91227  
1.37025  2.21725  3.45178  
0.145483  2.00093  5.36897  
1.38901  1.07317  4.43301  
1.42287  0.167258  4.58412  
1.43435  2.46488  2.7927  
0.342725  3.45118  3.27763  
1.47322  2.9977  0.25415  
1.51508  1.63685  3.63688  
1.5466  2.44911  2.24477  
0.596398  3.5456  2.74006  
1.55989  1.09643  3.89814  
1.57654  0.574019  4.06591  
1.58071  1.93048  3.02504  
0.505429  1.49521  5.58205  
1.59799  2.50084  1.74709  
0.889153  0.138381  5.60407  
0.7585  3.60578  2.18066  
1.63228  2.53511  1.2763  
1.02375  3.63341  0.444661  
1.65463  0.179133  3.85445  
1.6472  2.00405  2.57948  
1.65389  2.55659  0.831223  
1.65462  1.48644  3.22281  
0.157523  2.46218  4.92901  
1.66538  2.56811  0.395759  
1.68354  1.07431  3.43858  
0.188091  3.62743  2.89839  
1.69661  2.06007  2.15918  
0.166142  2.7837  4.534  
0.881874  2.18492  4.63965  
0.882495  2.56205  4.19012  
1.70935  1.59395  2.83679  
1.72116  0.686248  3.48054  
0.132013  1.48934  5.71835  
1.72592  2.13199  1.76161  
1.74365  0.187259  3.4958  
0.299466  3.72593  2.54153  
0.538427  1.13444  5.73606  
1.74503  2.1828  1.41085  
1.74539  1.16266  3.08797  
1.75159  1.67184  2.49253  
0.680851  3.73983  1.84453  
1.02864  2.60082  3.84884  
1.75933  2.22103  1.06869  
1.77225  2.27786  0.25508  
1.101  0.194516  5.28192  
0.56112  2.85537  4.21215  
1.77478  0.839137  3.16013  
0.567853  2.14528  5.05191  
1.78655  1.30023  2.74297  
1.77927  1.75203  2.17641  
0.704422  1.70846  5.27503  
0.716918  3.77582  1.53681  
0.648071  3.14619  3.60817  
1.79525  0.523306  3.19612  
0.833435  3.24537  3.05992  
1.79939  1.83679  1.85169  
1.13931  2.8285  3.16138  
0.382117  3.78782  2.24462  
1.80757  0.185783  3.19799  
0.597056  0.840917  5.79572  
0.98702  2.27858  4.35653  
1.81252  0.978026  2.87438  
1.81364  1.89885  1.56791  
0.742831  3.80188  1.25396  
0.991499  1.9041  4.72611  
1.81635  1.3876  2.46306  
1.11284  1.62101  4.72841  
1.19547  3.43683  0.253611  
0.832412  3.81396  0.25577  
1.82595  1.95227  1.25052  
1.83154  2.01432  0.890418  
1.8322  0.695941  2.93341  
0.276879  1.22757  5.82543  
0.632425  0.582861  5.83046  
1.83971  1.4989  2.14523  
1.84038  2.024  0.615145  
0.8488  1.29683  5.3562  
1.84499  2.02812  0.361158  
0.884372  3.29644  2.80782  
1.12156  2.35165  3.98028  
1.8462  1.06058  2.62572  
1.18586  2.87488  2.91172  
0.307003  2.92935  4.28548  
0.709358  2.89651  3.96386  
1.85588  0.189251  2.95052  
1.14345  1.26385  4.90027  
1.2627  2.87508  2.61923  
