2.09573  0.288022  
0.158061  4.09327  
1.29623  3.29377  
1.57911  2.77713  
1.72693  2.40833  
0.93163  3.72867  
1.81721  2.12978  
1.87723  1.91129  
0.728091  3.88972  
1.10986  3.5423  
1.91946  1.73504  
1.40446  3.11912  
1.9504  1.58972  
0.600387  3.96555  
1.97381  1.46779  
1.46669  3.00669  
1.99197  1.36397  
1.19291  3.43898  
1.62403  2.67424  
2.00635  1.27453  
1.02155  3.64035  
0.513781  4.00667  
0.84525  3.80333  
2.01793  1.19666  
1.50499  2.93257  
1.65404  2.60135  
2.0274  1.12826  
1.75018  2.3413  
1.33877  3.22808  
0.451691  4.0312  
2.03524  1.06772  
1.23685  3.37959  
2.04181  1.0137  
1.67468  2.54911  
1.76695  2.29104  
1.52951  2.88297  
0.796689  3.84116  
2.04736  0.965323  
1.83073  2.08328  
0.40531  4.04689  
0.681855  3.91932  
1.06409  3.59458  
1.14748  3.49688  
0.977699  3.68482  
2.05209  0.92164  
1.3639  3.18751  
1.42702  3.07945  
2.05617  0.882016  
0.892228  3.76393  
1.77926  2.25309  
1.68918  2.51132  
1.841  2.04699  
2.05971  0.845889  
0.369501  4.05746  
1.26146  3.34482  
1.88573  1.87756  
1.54561  2.84946  
2.06279  0.812945  
1.59299  2.74609  
2.06548  0.782708  
0.652909  3.9366  
1.7884  2.22429  
0.341115  4.0649  
1.84887  2.01856  
0.768652  3.86168  
2.06786  0.754822  
1.69949  2.48387  
0.573101  3.97939  
1.8924  1.8505  
2.06997  0.729061  
1.31311  3.26812  
1.44118  3.05393  
1.37916  3.16221  
1.92511  1.70966  
1.16764  3.47162  
1.47989  2.98159  
1.21177  3.4139  
1.08564  3.57036  
2.07187  0.705038  
0.318151  4.07032  
1.55634  2.82669  
0.955417  3.70639  
1.85497  1.99616  
2.07354  0.682829  
1.79525  2.20234  
0.999635  3.66291  
1.04219  3.61847  
1.89768  1.82872  
1.60247  2.72452  
0.870987  3.78209  
1.63289  2.65309  
0.824192  3.8201  
1.92966  1.68887  
2.07508  0.661866  
1.27565  3.32425  
1.12703  3.52185  
1.70689  2.46385  
1.95431  1.57019  
2.07644  0.642432  
0.299261  4.07437  
