0.985926972310175
0.985927561546762
0.985928848603517
0.985929392281642
0.985926194869886
0.985922697129582
0.985926684036012
0.98592419578879
0.985931172456317
0.985928152731299
0.985935264765093
0.985926575598872
0.985927965675975
0.985927119058097
0.985925370515071
0.985925549102463
0.985926739639849
0.985926286992263
0.985927633518596
0.985925150627326
0.985925362863521
0.985925379328367
0.985926543116901
0.985927338965692
0.985926082222597
0.985925625478431
0.985926437116881
0.98592607934101
0.985924762473588
0.98592706082036
0.985931126133133
0.985924926080169
0.985926527151378
0.985925105770039
0.985924357041662
