0.965689041259913
0.965651225631583
0.96565723752901
0.965681733584597
0.965647360000584
0.965690726783697
0.965640533828294
0.965643952653252
0.965647742794046
0.965691188789217
0.965651860675325
0.965654674973425
0.965668068520633
0.96564241215441
0.99817090897397
0.96565377442569
0.965656865979587
0.965663500314861
0.965660477820406
0.965663953910575
0.965699216943176
0.965646866856212
0.965644856732484
0.965635302351639
0.965634660607762
0.965666570112399
0.96566593622536
0.96566824640349
0.965642028752072
0.965695007868794
0.965669385694419
0.965642104491639
0.965672981781369
0.965683647524035
0.96566269187736
