0.831962388686981
0.831465870584102
0.830773916105431
0.833157655423211
0.828596524547199
0.836477615911509
0.830461132598331
0.840377937038301
0.832043836243779
0.83732016789397
0.830231509525143
0.831343474214953
0.832022637395822
0.830681992549546
0.831219511506742
0.832307830742527
0.835996290961402
0.830285316471534
0.842123585015619
0.831925691318641
0.829563518936528
0.832131806517236
0.833387348080155
0.8309652724425
0.837376710755737
0.832212819281122
0.830684547176587
0.831913584230886
0.831594538938545
0.831303967885155
0.831601240586306
0.831966411068511
0.836720869152789
0.832391216402445
0.830731268651696
