0.763156546603395
0.871706606184359
0.871526046137043
0.877453213898962
0.761766312790823
0.873695645960181
0.875196179820195
0.764886566140661
0.762961673592444
0.870335161259009
0.870998816748341
0.870950769097945
0.874093463189854
0.761966045703022
0.761834217556204
0.761962082101153
0.763383537523623
0.762452569732543
0.874331411512593
0.872122133652815
0.762435114846757
0.762590045168475
0.868882034813286
0.762409212065541
0.761949097866953
0.877064166742675
0.763019689700522
0.760948759341337
0.762504332547928
0.762863124546142
0.762515265444117
0.871825449169723
0.873982905711102
0.761142933603771
0.872537360865014
