0.995221520283322
0.997977202898269
0.99797437013542
0.998000335235183
0.997977202898269
0.998008891323127
0.999946705150674
0.979579055653418
0.98921747975881
0.601091709775263
0.906675810391799
0.82325413923145
0.923149017701774
0.988896148987405
0.994721580157548
0.999192967909913
0.99518911112897
0.998040264474905
0.817858492451548
0.875906263787358
0.998037957129989
0.935910084396142
0.678470871231
0.778830333059381
0.846983698902164
0.89430896785698
0.959238670705263
0.958575838375517
0.977837303155377
