0.995262986058034
0.997975483312461
0.997947288635053
0.997930648291558
0.997975483312461
0.997992459160312
0.99994432367573
0.98427268137788
0.982831505466061
0.688006580497221
0.934976480837294
0.456753975173632
0.769423794013348
0.987056246435725
0.980332389428589
0.999181715584059
0.99516009641873
0.998009273276008
0.814609038786311
0.85509216948983
0.998042422986995
0.744556654064727
0.933637890293881
0.772828415291951
0.850631618859257
0.915428478700545
0.959191638276379
0.95858457989334
0.977814117695341
