0.995253409996486
0.997966312797967
0.99790900347332
0.997965919239544
0.997966312797967
0.99792910699406
0.999938081134751
0.549419904900296
0.762717355791913
0.168015681499694
0.93858462569683
0.31811964862793
0.249169280946024
0.225401897069721
0.98619786807288
0.411426395859315
0.995245972748809
0.997930542886017
0.842437064139577
0.936529228581924
0.998048143866706
0.73730232912978
0.70358254507293
0.872951757391558
0.901719020230672
0.872142896216423
0.959137630132197
0.958599462902024
0.97780150423644
