0.995272119765549
0.997948581562325
0.997913836516685
0.99799274061211
0.997948581562325
0.998005988806984
0.999939100763967
0.98300850384597
0.989167656869341
0.197515886674046
0.940161433699467
0.10832784744585
0.249533333100598
0.984265207711978
0.957693485532961
0.411424753322745
0.995196478004005
0.998046197730332
0.843187940164091
0.918973251614445
0.998049138030976
0.742228149676038
0.811338296347554
0.835999656598235
0.818198874502814
0.894307641529768
0.959189530135046
0.958590045831039
0.97781947955652
