0.995258303808121
0.997992850420642
0.997936403528815
0.997914533408524
0.997992850420642
0.998003204148086
0.99993777282899
0.992755888880677
0.98832513639186
0.666527975138132
0.897856058884946
0.808577725660145
0.917945040131155
0.990034038682846
0.994818714632144
0.999200568456881
0.99521963629737
0.997918804382555
0.81592840575097
0.87950909315664
0.998051194024829
0.929709470864432
0.67784495550399
0.864243986373533
0.853742099894891
0.915877402333442
0.959214150969161
0.959255714049342
0.978840100214692
