0.995208716098547
0.997956628061577
0.998013327545062
0.997933496634053
0.997956628061577
0.997949629397374
0.999927806148878
0.984268710249447
0.97762396671254
0.755835152111303
0.9321403200144
0.684655112251605
0.88326745603169
0.984740601885466
0.932304755956316
0.999216034946933
0.995145883649848
0.997886630811104
0.853611997532426
0.87751988982905
0.997989467233699
0.746948148389309
0.92442833211567
0.867814021156859
0.849705370994917
0.900591975396899
0.959706829224452
0.958586767672718
0.97783411580117
