0.995259169316533
0.997968417806991
0.997923333518586
0.997955047002499
0.997968417806991
0.99799397349132
0.999939384576116
0.990350428499811
0.988332520206179
0.762275550392346
0.89641884763314
0.810925892586842
0.872049565604363
0.991635847601012
0.970046187830807
0.99920247731853
0.99521614264779
0.998019223580695
0.815908845031107
0.877142353880243
0.998052731332307
0.932436128054164
0.68330138999098
0.805323118641359
0.848569141097483
0.894310997704183
0.95929213078984
0.958586491336127
0.977821520324797
