0.995233848683564
0.997939236249616
0.99795666798633
0.997976208743232
0.997939236249616
0.997968686144403
0.999953450425161
0.985635491858216
0.932818854882954
0.780334449356116
0.925249025196271
0.81241126882827
0.801504943110324
0.987768936061025
0.987169659961421
0.999201512090966
0.995148603967464
0.997918073733455
0.815355464169517
0.861850562808005
0.998001685752759
0.749502330050184
0.809853989668009
0.820483705453123
0.86298544924795
0.915875273405961
0.959298981445201
0.95859878277272
0.97784291647846
