0.995262350906772
0.997948862971396
0.997989788297838
0.997987544266663
0.997948862971396
0.997956285840359
0.999941976957492
0.991834595785999
0.99192385586192
0.762670624769225
0.90479601479498
0.813304466386185
0.883406591387148
0.989741427762357
0.994782152539537
0.99917752151346
0.995189998875786
0.998019632829621
0.846845143156474
0.880658061126648
0.998045486240014
0.935411804591401
0.808579374259688
0.842945311473238
0.845761533491922
0.894307641529768
0.959224399675792
0.958588572652819
0.977823703641669
