0.995279902275835
0.997932637369567
0.997978864973934
0.18325236284359
0.997932637369567
0.997965170932934
0.999935680031361
0.615035277625563
0.953030027046999
0.169012300800496
0.922550377149379
0.199128855155452
0.168183584314629
0.990398896877854
0.978321692818313
0.411425409984078
0.995256771553945
0.998061770188598
0.814618443600496
0.975405845946471
0.998044515550709
0.755941496024851
0.813625639037408
0.831734132164641
0.842205047463342
0.902808115996268
0.959216527389556
0.958592295999472
0.977808048812462
