0.995277666574769
0.997910414358137
0.99797175392785
0.997932706843736
0.997910414358137
0.998010021356128
0.99994406797499
0.992592737365143
0.991306141802907
0.826763541938059
0.906941384520437
0.807368199560263
0.918795562957488
0.989980822765664
0.994748266947933
0.999183879044998
0.995235355732315
0.997960565018303
0.815314817702236
0.880688275967705
0.998041148615139
0.929452391739393
0.679100845303715
0.772821183321112
0.871046732813222
0.89430896785698
0.959263936762048
0.95858486753131
0.977845120376259
