0.995250613784559
0.998005184769873
0.997931684041047
0.18325236284359
0.998005184769873
0.989379593312019
0.999955649099408
0.694044201324264
0.960399078015164
0.179728667245001
0.917227321145177
0.281572364839165
0.166928796782678
0.960870980395498
0.99477363320749
0.41142609524696
0.995289989047725
0.998005395318083
0.843929799609381
0.892915976442805
0.998058915212019
0.74886193060072
0.678473280965177
0.847161432239209
0.85408983058749
0.856032380758977
0.959190939399078
0.958598809934967
0.977817204409504
