0.995249413988915
0.998026428288221
0.997911633180081
0.997947611007517
0.998026428288221
0.997958380514683
0.999938008393445
0.84738448163076
0.981765717170296
0.209247667975633
0.918999421010204
0.487884809856539
0.330581120580023
0.971813529388899
0.988622551267228
0.41142442828493
0.995196050660478
0.998013328018348
0.884243865565563
0.956949513567914
0.998045943982175
0.744004507082096
0.806703534164247
0.876957467666463
0.893977810823527
0.856031168046929
0.959238625902405
0.958595156753832
0.977848149113605
