0.995237741073899
0.997973111567934
0.997932690135681
0.997913959084224
0.997973111567934
0.997981422549354
0.999942552090283
0.986988524368262
0.983439587963366
0.669826883914798
0.916954992271411
0.806092638894312
0.856633211548238
0.988551612983874
0.938721276566
0.999179432321172
0.995178068586367
0.997542428632505
0.817881849306238
0.873933386174224
0.998001635667969
0.742342834769245
0.808789042490204
0.830599158256035
0.851099046267353
0.8897999730931
0.959251146856001
0.958588012068772
0.977819300375081
