0.995265148266074
0.997976375414759
0.997998442731245
0.997941832910746
0.997976375414759
0.997980550053341
0.999935496361128
0.992130199798642
0.991289352475824
0.559573427518869
0.905139694846768
0.809330949139851
0.924075664423604
0.989815172707458
0.994763770667103
0.999205369311133
0.995185926697498
0.998004651400853
0.837366678358241
0.87408955583569
0.998069043802243
0.926342900385814
0.67862442364226
0.864036667374259
0.859091143121976
0.874428564082293
0.96714807433083
0.958580071221034
0.977831384040992
