0.995253418333525
0.998001379180741
0.997999575927392
0.18325236284359
0.998001379180741
0.997960478555366
0.999935819155719
0.974962939423566
0.991475775621908
0.178292003634091
0.909238415204765
0.192688715036821
0.169257963266554
0.985559417390778
0.978295031290474
0.411422678781223
0.995187922478261
0.998005638632792
0.840875739167353
0.938470087282974
0.998052433749355
0.7462885129307
0.677222530583822
0.871041661030459
0.835779558886037
0.893899083164409
0.959195739946037
0.958594839231632
0.977809468810495
