0.995275998002373
0.997940995815232
0.997997535602114
0.18325236284359
0.997940995815232
0.997937931499385
0.999938861970109
0.518266917772513
0.946310937345237
0.166712419616655
0.933393554058247
0.137528380602696
0.249719930132619
0.227926079805639
0.956781090455097
0.411425985657339
0.995235153483836
0.997918036620709
0.84087492817091
0.933930917031559
0.998017520647887
0.740910683282611
0.806652983734381
0.864876802775333
0.875405776370673
0.893484905591684
0.959102377424115
0.958597126682713
0.977803994282253
