0.995224487514865
0.997953366142654
0.997990770111664
0.997944368403929
0.997953366142654
0.99797490930056
0.999938990809697
0.983271952067501
0.976660973800121
0.665851204001014
0.916118160232691
0.575534872151202
0.856633211548238
0.987109780466634
0.935489299480909
0.999174717529704
0.995200337937451
0.99804802725516
0.81907528525977
0.874434900894116
0.998017533626644
0.739251310051087
0.806419204002549
0.821848255944953
0.850869580516266
0.894310997704183
0.959149683007115
0.958591544554592
0.97781122946958
