0.958619209737422
0.958622010928768
0.958616857046753
0.95861732142779
0.958621386532332
0.958622056522974
0.958621579699685
0.95861925422583
0.95862180682551
0.958619171300689
0.958621208101029
0.958622202720393
0.958613583416765
0.958621413556827
0.958621503663196
0.958619279171572
0.958622375003179
0.958621579933682
0.958616657908471
0.958622347500053
0.958621696181943
0.958621248455672
0.958621329910017
0.958621965627226
0.95862323864615
0.958611177918586
0.958618463160305
0.958622104828567
0.958609738358806
0.958621946706942
0.958618058179356
0.958621247314758
0.958617212198217
0.958616366941734
0.95861970235807
