0.156780570744774
0.159115580188813
0.128624741005672
0.919710875882846
0.182050503322238
0.164727798154021
0.181308196953308
0.175872763928798
0.134442164235322
0.262903262249851
0.129728711984075
0.173862451188995
0.150138104384715
0.188293694434068
0.132817356536863
0.304944985570717
0.138061392919012
0.158339061727174
0.205048244054307
0.179363997142759
0.141960241387784
0.136392752217005
0.142565290895661
0.916851258978526
0.119019354580322
0.914127665844311
0.157550109810936
0.174752222163227
0.121637037117184
0.135105901118933
0.178386909704211
0.145277117142354
0.190876099513556
0.148802590897625
0.151604359436763
