0.99024088481518
0.990242188186019
0.990244941427426
0.990242705311499
0.990241225924755
0.990242394844006
0.99024044857123
0.990242317253043
0.990241003381596
0.990240733281849
0.990241539974892
0.99024399757638
0.990241192234717
0.990241846308566
0.990242558719908
0.990241276404459
0.99024115899457
0.990241083693107
0.99024057207703
0.990241420223683
0.990240759622875
0.990241630007356
0.99024046473199
0.990240873153334
0.990242538604338
0.990241127914374
0.990241150046206
0.990241508609685
0.990241762482719
0.990245652896587
0.990241100421531
0.990243611873376
0.990241521314996
0.990241737698647
0.990247121043112
