0.9902419092226
0.990242141993212
0.990243279891162
0.99024322699242
0.990240889012591
0.99024524216918
0.990242317212965
0.990243033164576
0.990243317813902
0.990242418122909
0.990243192574498
0.990243528723523
0.990244649318292
0.990242076386818
0.990242632118166
0.990242409530248
0.990241995637072
0.990241047141189
0.990243562180393
0.990242012954445
0.990243181037538
0.990243583393488
0.990244145340979
0.990242753298993
0.990243523612196
0.990247110233923
0.990242650662644
0.990242148583792
0.990241778316053
0.990242119574041
0.990245543749626
0.990243151069117
0.990244941995088
0.990240851852974
0.990242054452836
