0.929913853037905
0.930453907530322
0.930988539010361
0.931415072584509
0.930670955436677
0.931131929289831
0.929596658348864
0.929836204710474
0.928978949643872
0.929953354259993
0.930223004170053
0.929336861434669
0.930045962845359
0.930039449666449
0.930240170327314
0.932090534668903
0.929743243509091
0.929828022825382
0.929806732267982
0.930479761486686
0.929694454354213
0.930624926043595
0.932058141202159
0.930391207523613
0.929540770906691
0.92802680700225
0.929781243413505
0.928961385731506
0.928039007514821
0.929096334872363
0.928704478486644
0.930243878957224
0.927857864043077
0.929453734217561
0.930083468336622
