0.99222629048655
0.992207177058549
0.992221176801444
0.992212939076204
0.99221591061539
0.992219424419328
0.992214596656103
0.992206372305033
0.992219810359448
0.992200487364901
0.992227318148132
0.992205351944011
0.99220475440015
0.992224593397051
0.99219276641704
0.992225283603211
0.992212489068862
0.992218075448684
0.992208252246533
0.992213908392137
0.992178709871854
0.992205984634443
0.99221931310192
0.992212658068604
0.992214602372551
0.992226091016304
0.992201632309007
0.992220420318935
0.992220822988353
0.992217716672457
0.992217533412646
0.992216854056239
0.992222089994271
0.992210038449221
0.992208496460352
