0.851164597534926
0.800488863405626
0.795824507594301
0.800439103466016
0.800236833590077
0.795632901673623
0.896062590493661
0.79601465308433
0.796016201505854
0.796011191478842
0.810051955673242
0.79602474942263
0.800234361860588
0.824222949310152
0.906601452449829
0.961942324557935
0.956754260576723
0.836542743591266
0.804781627453219
0.963295567447509
0.796023183570758
0.79569660625167
0.796002124788358
0.805263291255764
0.795341971223184
0.901095362527055
0.845565815559856
0.798936896619679
0.905963379488879
0.805514736436207
0.949978404163243
0.796061345573997
0.795965118305376
0.884876603071772
0.937785790373833
